NTS LL(mkm)  STRESS(GPa)   VEL(m / s)  DENS(kg/m3)  ENERGY(J) 
0 842.116 12.7723 400 9506.53 -67933
1 1020.79 12.7723 399.953 9506.52 -68059.9
2 1199.47 12.7721 399.905 9506.51 -68070.2
3 1378.15 12.7719 399.857 9506.5 -68080
4 1556.83 12.7716 399.809 9506.48 -68098.1
5 1735.5 12.7711 399.76 9506.45 -68098.2
6 1914.18 12.7707 399.711 9506.42 -68096.9
7 2092.86 12.7701 399.661 9506.38 -68092.1
8 2271.54 12.7694 399.609 9506.33 -68088
9 2450.22 12.7685 399.556 9506.27 -68086.4
10 2628.9 12.7675 399.501 9506.2 -68076.8
11 2807.59 12.7661 399.442 9506.11 -68065.8
12 2986.27 12.7645 399.379 9506 -68049.1
13 3164.96 12.7621 399.308 9505.85 -68029.1
14 3343.65 12.759 399.225 9505.64 -68001.5
15 3522.34 12.7548 399.126 9505.35 -67964.2
16 3701.04 12.7487 399.001 9504.95 -67907.8
17 3879.75 12.7401 398.838 9504.37 -67827.8
18 4058.47 12.728 398.62 9503.57 -67712.4
19 4237.2 12.7109 398.324 9502.43 -67553.8
20 4415.96 12.6872 397.918 9500.85 -67331.5
21 4594.74 12.6545 397.361 9498.67 -67026.5
22 4773.56 12.61 396.598 9495.7 -66613.2
23 4952.45 12.5502 395.563 9491.71 -66056.7
24 5131.4 12.4707 394.17 9486.43 -65323.4
25 5310.46 12.3666 392.316 9479.51 -64368.4
26 5489.64 12.2317 389.875 9470.56 -63142.8
27 5669 12.0593 386.7 9459.14 -61595.7
28 5848.57 11.8414 382.618 9444.75 -59670.3
29 6028.42 11.5687 377.428 9426.8 -57312.5
30 6208.61 11.2313 370.902 9404.68 -54468.6
31 6389.22 10.8179 362.782 9377.7 -51096.9
32 6570.35 10.3156 352.778 9345.13 -47170.5
33 6752.11 9.71037 340.564 9306.17 -42687.2
34 6934.64 8.98671 325.781 9260 -37679.2
35 7118.07 8.12678 308.034 9205.69 -32231
36 7302.59 7.11101 286.884 9142.31 -26497.1
37 7488.38 5.91637 261.814 9068.85 -20731.3
38 7675.68 4.52061 232.146 8984.44 -15331.8
39 7864.74 3.39802 197.126 8891.63 -10878.7
40 8055.78 2.88054 162.545 8812.21 -7698.93
41 8248.53 2.44028 133.734 8747.2 -5455.61
42 8442.72 2.06374 109.699 8693.38 -3863.01
43 8638.11 1.74328 89.5825 8648.85 -2735.93
44 8834.51 1.47112 72.4264 8611.95 -1940.3
45 9031.74 2.27284 56.9403 8589.19 -1500.23
46 9229.5 2.23262 54.731 8587.46 -1447.45
47 9427.3 2.18684 53.5003 8585.5 -1388.47
48 9625.15 2.1319 52.2626 8583.14 -1319.34
49 9823.05 2.06838 50.7299 8580.41 -1241.63
50 10021 1.9978 48.8771 8577.38 -1158.07
51 10219 1.92169 46.7186 8574.12 -1071.22
52 10417.2 1.84172 44.2611 8570.7 -983.628
53 10615.3 1.75984 41.507 8567.2 -897.863
54 10813.6 1.67835 38.4592 8563.72 -816.395
55 11012 1.59975 35.1213 8560.37 -741.494
56 11210.4 1.52671 31.4967 8557.26 -675.148
57 11408.9 1.4621 27.5876 8554.51 -619.031
58 11607.4 1.40874 23.3946 8552.25 -574.536
59 11806.1 1.36949 18.9163 8550.58 -542.864
60 12004.7 1.34707 14.1501 8549.63 -525.158
61 12203.4 1.34395 9.09349 8549.5 -522.674
62 12402.1 1.36215 3.74716 8550.27 -536.94
63 12600.7 1.40324 -1.88199 8552.01 -569.864
64 12799.3 1.46793 -7.7754 8554.76 -623.734
65 12997.9 1.55598 -13.8968 8558.51 -701.008
66 13196.4 1.66588 -20.1843 8563.19 -803.826
67 13394.7 1.79448 -26.5401 8568.68 -933.132
68 13593 1.93643 -32.8117 8574.75 -1087.14
69 13791.1 2.08256 -38.7314 8581.02 -1258.09
70 13989 2.21734 -43.8314 8586.81 -1426.89
71 14186.8 1.37496 -47.9183 8601.3 -1734.94
72 14384.3 1.64785 -65.291 8635.82 -2440.4
73 14581 1.99308 -87.0101 8683.46 -3596.03
74 14776.6 2.45266 -116 8748.99 -5510.51
75 14970.8 3.05306 -153.94 8838.32 -8688.19
76 15162.9 4.10057 -203.379 8959.34 -13983.4
77 15352.5 6.37089 -265.122 9096.67 -22784.3
78 15539.3 8.59693 -324.776 9235.3 -35112.7
79 15723.2 10.7473 -381.964 9373.12 -50493.5
80 15904.4 12.7901 -435.628 9507.71 -68249.9
81 16083.1 14.6899 -484.784 9636.22 -87509.1
82 16259.3 16.4154 -528.68 9755.81 -107279
83 16433.4 17.3118 -566.897 9873.96 -128058
84 16605.5 18.2227 -607.522 10014.7 -153319
85 16775.1 19.3195 -652.566 10176.3 -183037
86 16942 20.6124 -700.375 10354.1 -216679
87 17106.1 21.9795 -748.505 10541.2 -253169
88 17267.2 23.43 -794.292 10729.2 -290882
89 17425.5 24.7582 -834.924 10907.9 -327654
90 17581.2 25.9649 -867.466 11066.1 -360860
91 17734.7 26.9143 -889.72 11192.1 -387717
92 17886.5 27.4689 -902.781 11269.6 -404386
93 18037.2 26.2151 -919.949 11101.8 -368328
94 18190.2 24.5078 -985.489 10875 -320467
95 18346.4 16.3215 -1064.23 9749.23 -104209
96 18520.6 81.7071 -200.802 4460.21 6.83149e+06
97 18901.5 75.7131 581.595 4428.98 1.21148e+07
98 19285 88.729 -1693.19 4537.68 2.057e+07
99 19659.3 85.8735 183.444 4860.13 1.86372e+07
