NTS LL(mkm)  STRESS(GPa)   VEL(m / s)  DENS(kg/m3)  ENERGY(J) 
0 841.669 12.7723 400 9506.52 -67932.6
1 1020.35 12.7722 399.953 9506.52 -68059.5
2 1199.02 12.7721 399.905 9506.51 -68069.8
3 1377.7 12.7719 399.857 9506.49 -68079.6
4 1556.38 12.7715 399.809 9506.47 -68097.7
5 1735.06 12.7711 399.76 9506.45 -68097.8
6 1913.74 12.7706 399.711 9506.41 -68096.5
7 2092.42 12.7701 399.66 9506.37 -68091.6
8 2271.1 12.7694 399.609 9506.33 -68087.6
9 2449.78 12.7685 399.556 9506.27 -68085.9
10 2628.46 12.7674 399.5 9506.2 -68076.3
11 2807.14 12.7661 399.442 9506.11 -68065.3
12 2985.83 12.7644 399.378 9506 -68048.5
13 3164.51 12.7621 399.307 9505.84 -68028.5
14 3343.2 12.7589 399.224 9505.64 -68000.7
15 3521.9 12.7546 399.124 9505.35 -67963.2
16 3700.6 12.7485 398.999 9504.94 -67906.4
17 3879.31 12.7399 398.835 9504.36 -67826
18 4058.02 12.7277 398.616 9503.55 -67709.9
19 4236.76 12.7105 398.318 9502.4 -67550.4
20 4415.51 12.6867 397.91 9500.81 -67326.8
21 4594.3 12.6538 397.35 9498.62 -67020.1
22 4773.12 12.609 396.583 9495.64 -66604.6
23 4952 12.5489 395.543 9491.63 -66045.2
24 5130.96 12.469 394.142 9486.32 -65308.2
25 5310.02 12.3644 392.278 9479.36 -64348.5
26 5489.21 12.2289 389.825 9470.37 -63117.2
27 5668.57 12.0557 386.635 9458.9 -61563.2
28 5848.14 11.8367 382.533 9444.44 -59629.8
29 6028 11.5629 377.319 9426.42 -57262.8
30 6208.19 11.2241 370.765 9404.21 -54408.6
31 6388.81 10.8089 362.61 9377.12 -51025.7
32 6569.96 10.3047 352.564 9344.43 -47087.7
33 6751.73 9.69723 340.302 9305.33 -42592.8
34 6934.27 8.97094 325.461 9258.99 -37574.4
35 7117.73 8.10801 307.648 9204.51 -32118.1
36 7302.27 7.08874 286.422 9140.94 -26380.1
37 7488.09 5.89004 261.27 9067.24 -20616.2
38 7675.43 4.48956 231.511 8982.58 -15228.2
39 7864.52 3.38657 196.365 8889.83 -10801.9
40 8055.6 2.87078 161.901 8810.74 -7644.65
41 8248.38 2.43196 133.194 8745.99 -5417.25
42 8442.6 2.05667 109.245 8692.38 -3835.87
43 8638.01 1.73715 89.2155 8648.01 -2716.39
44 8834.43 1.46551 72.1599 8611.2 -1925.42
45 9031.68 2.2704 56.7666 8589.09 -1497.01
46 9229.44 2.23127 54.6554 8587.41 -1445.68
47 9427.24 2.18545 53.4721 8585.44 -1386.7
48 9625.09 2.13016 52.2425 8583.06 -1317.19
49 9822.99 2.0663 50.705 8580.32 -1239.11
50 10021 1.99538 48.8467 8577.28 -1155.24
51 10219 1.91891 46.6842 8574 -1068.12
52 10417.1 1.8386 44.224 8570.57 -980.3
53 10615.3 1.7564 41.4685 8567.06 -894.345
54 10813.6 1.67458 38.4208 8563.56 -812.722
55 11011.9 1.59566 35.0845 8560.2 -737.694
56 11210.3 1.52229 31.4635 8557.08 -671.239
57 11408.8 1.45736 27.5599 8554.31 -615.017
58 11607.4 1.40367 23.3744 8552.03 -570.407
59 11806 1.3641 18.9056 8550.35 -538.594
60 12004.7 1.34135 14.1505 8549.39 -520.704
61 12203.4 1.3379 9.10656 8549.24 -517.976
62 12402.1 1.35581 3.77389 8550 -531.927
63 12600.7 1.39659 -1.84116 8551.73 -564.458
64 12799.4 1.46102 -7.72093 8554.47 -617.858
65 12997.9 1.54889 -13.8302 8558.21 -694.608
66 13196.4 1.65871 -20.1083 8562.89 -796.895
67 13394.8 1.7874 -26.4597 8568.38 -925.758
68 13593 1.92973 -32.7362 8574.47 -1079.61
69 13791.1 2.07681 -38.6783 8580.77 -1251.11
70 13989.1 2.21279 -43.8011 8586.61 -1421.02
71 14186.9 1.36329 -47.7794 8600.46 -1719.47
72 14384.4 1.64007 -64.8772 8634.76 -2417.08
73 14581.1 1.98285 -86.3988 8682.03 -3558.32
74 14776.7 2.43956 -115.229 8747.09 -5449.8
75 14970.9 3.03646 -152.944 8835.79 -8589.76
76 15163.2 4.04596 -202.049 8956.09 -13818.8
77 15352.8 6.31803 -263.736 9093.42 -22536
78 15539.6 8.54622 -323.441 9232.1 -34790.9
79 15723.6 10.6996 -380.736 9370.02 -50115.5
80 15904.9 12.7463 -434.522 9504.79 -67837.4
81 16083.6 14.6507 -483.811 9633.54 -87085.7
82 16259.9 16.3813 -527.845 9753.42 -106867
83 16434.1 17.2741 -566.193 9871.36 -127597
84 16606.1 18.183 -606.688 10011.7 -152781
85 16775.8 19.2775 -651.7 10173 -182431
86 16942.8 20.5703 -699.506 10350.7 -216028
87 17106.9 21.9744 -747.704 10537.9 -252507
88 17268.1 23.393 -793.631 10726.2 -290256
89 17426.4 24.7596 -834.465 10905.4 -327123
90 17582.2 25.9454 -867.225 11064.3 -360479
91 17735.7 26.902 -889.601 11191 -387490
92 17887.5 27.4535 -902.236 11268.2 -404088
93 18038.2 26.1851 -918.087 11096.4 -367182
94 18191.3 24.4646 -985.627 10868.5 -319125
95 18347.6 16.9195 -1073.81 9805.11 -114011
96 18520.8 83.2237 -157.425 4470.96 6.78688e+06
97 18900.8 66.2602 702.037 4398.37 1.22234e+07
98 19286.9 89.7135 -1809.27 4564.05 2.04564e+07
99 19659.1 85.9525 191.101 4857.74 1.86459e+07
