NTS LL(mkm)  STRESS(GPa)   VEL(m / s)  DENS(kg/m3)  ENERGY(J) 
0 841.446 12.7723 400 9506.52 -67932.4
1 1020.12 12.7722 399.952 9506.52 -68059.3
2 1198.8 12.772 399.905 9506.51 -68069.6
3 1377.48 12.7718 399.857 9506.49 -68079.4
4 1556.16 12.7715 399.809 9506.47 -68097.5
5 1734.83 12.7711 399.76 9506.44 -68097.6
6 1913.51 12.7706 399.711 9506.41 -68096.3
7 2092.19 12.77 399.66 9506.37 -68091.4
8 2270.87 12.7693 399.609 9506.33 -68087.3
9 2449.55 12.7684 399.556 9506.27 -68085.7
10 2628.24 12.7674 399.5 9506.2 -68076.1
11 2806.92 12.7661 399.441 9506.11 -68065
12 2985.6 12.7644 399.378 9505.99 -68048.2
13 3164.29 12.7621 399.306 9505.84 -68028.1
14 3342.98 12.759 399.224 9505.63 -68000.3
15 3521.68 12.7546 399.124 9505.34 -67962.6
16 3700.38 12.7485 398.998 9504.93 -67905.7
17 3879.08 12.7398 398.834 9504.36 -67825.1
18 4057.8 12.7276 398.614 9503.54 -67708.6
19 4236.53 12.7104 398.316 9502.39 -67548.7
20 4415.29 12.6865 397.906 9500.8 -67324.5
21 4594.07 12.6535 397.344 9498.6 -67016.9
22 4772.9 12.6086 396.576 9495.61 -66600.3
23 4951.78 12.5483 395.532 9491.59 -66039.4
24 5130.74 12.4682 394.128 9486.26 -65300.5
25 5309.8 12.3633 392.259 9479.29 -64338.5
26 5488.99 12.2275 389.8 9470.28 -63104.4
27 5668.35 12.0539 386.602 9458.78 -61547
28 5847.93 11.8344 382.49 9444.29 -59609.5
29 6027.79 11.56 377.265 9426.23 -57237.9
30 6207.99 11.2205 370.695 9403.97 -54378.5
31 6388.61 10.8044 362.523 9376.83 -50990
32 6569.76 10.2992 352.457 9344.08 -47046.2
33 6751.54 9.69062 340.17 9304.91 -42545.5
34 6934.09 8.96306 325.301 9258.49 -37521.9
35 7117.56 8.09859 307.454 9203.92 -32061.6
36 7302.11 7.07762 286.191 9140.25 -26321.6
37 7487.95 5.87688 260.998 9066.44 -20558.7
38 7675.3 4.47399 231.193 8981.65 -15176.5
39 7864.41 3.38085 195.985 8888.94 -10763.6
40 8055.51 2.86591 161.58 8810.01 -7617.65
41 8248.31 2.42782 132.924 8745.39 -5398.17
42 8442.54 2.05313 109.019 8691.89 -3822.37
43 8637.96 1.7341 89.0319 8647.59 -2706.69
44 8834.39 1.46272 72.027 8610.82 -1918.03
45 9031.65 2.26923 56.6804 8589.04 -1495.46
46 9229.41 2.2306 54.6189 8587.38 -1444.82
47 9427.22 2.18476 53.4588 8585.41 -1385.82
48 9625.06 2.1293 52.2326 8583.02 -1316.12
49 9822.96 2.06525 50.6924 8580.27 -1237.85
50 10020.9 1.99415 48.8313 8577.23 -1153.82
51 10219 1.91752 46.6669 8573.94 -1066.57
52 10417.1 1.83704 44.2054 8570.5 -978.637
53 10615.3 1.75468 41.4492 8566.98 -892.588
54 10813.5 1.6727 38.4014 8563.48 -810.889
55 11011.9 1.59361 35.0661 8560.11 -735.799
56 11210.3 1.52011 31.4468 8556.98 -669.29
57 11408.8 1.45499 27.546 8554.21 -613.018
58 11607.4 1.40116 23.3642 8551.92 -568.352
59 11806 1.36142 18.9 8550.24 -536.469
60 12004.7 1.33851 14.1506 8549.26 -518.488
61 12203.4 1.33488 9.11298 8549.11 -515.64
62 12402.1 1.35262 3.78718 8549.86 -529.434
63 12600.7 1.39327 -1.82081 8551.59 -561.768
64 12799.4 1.45756 -7.69373 8554.32 -614.935
65 12997.9 1.54535 -13.7969 8558.06 -691.423
66 13196.4 1.65513 -20.0703 8562.73 -793.443
67 13394.8 1.78386 -26.4193 8568.23 -922.08
68 13593 1.92638 -32.698 8574.32 -1075.85
69 13791.1 2.07392 -38.6514 8580.65 -1247.62
70 13989.1 2.21057 -43.7881 8586.52 -1418.15
71 14186.9 1.35752 -47.7154 8600.05 -1711.87
72 14384.4 1.6362 -64.6674 8634.23 -2405.53
73 14581.1 1.97775 -86.093 8681.32 -3539.62
74 14776.8 2.43304 -114.846 8746.15 -5419.71
75 14971 3.02819 -152.449 8834.53 -8541
76 15163.3 4.01871 -201.387 8954.46 -13737.4
77 15353 6.29161 -263.04 9091.8 -22412.6
78 15539.8 8.52076 -322.772 9230.49 -34630.4
79 15723.8 10.6757 -380.121 9368.47 -49926.7
80 15905.1 12.7244 -433.968 9503.33 -67631.2
81 16083.9 14.6311 -483.324 9632.19 -86873.9
82 16260.2 16.3642 -527.427 9752.22 -106661
83 16434.4 17.3165 -565.825 9870.07 -127367
84 16606.5 18.1631 -606.291 10010.3 -152512
85 16776.2 19.2529 -651.267 10171.4 -182129
86 16943.2 20.5491 -699.069 10349 -215703
87 17107.3 21.9544 -747.302 10536.2 -252175
88 17268.5 23.3752 -793.298 10724.6 -289942
89 17426.9 24.7453 -834.228 10904.1 -326857
90 17582.7 25.9357 -867.11 11063.4 -360289
91 17736.2 26.8965 -889.55 11190.5 -387379
92 17888 27.4732 -901.975 11267.5 -403948
93 18038.8 26.1555 -917.112 11093.7 -366598
94 18191.9 24.4538 -985.532 10865 -318397
95 18348.2 17.0971 -1078.68 9834.55 -119217
96 18520.9 83.931 -135.473 4476.74 6.76267e+06
97 18900.3 58.9088 763.374 4382.09 1.22734e+07
98 19288 90.0677 -1868.59 4578 2.03964e+07
99 19659 85.9864 194.911 4856.5 1.86504e+07
