NTS LL(mkm)  STRESS(GPa)   VEL(m / s)  DENS(kg/m3)  ENERGY(J) 
0 399.98 12.6942 400 9501.31 -67197.5
1 578.756 12.692 399.824 9501.16 -67304.6
2 757.534 12.6865 399.628 9500.8 -67265.7
3 936.319 12.6755 399.383 9500.06 -67173.5
4 1115.12 12.6545 399.037 9498.67 -66998.7
5 1293.94 12.6177 398.505 9496.21 -66658.9
6 1472.81 12.5565 397.654 9492.14 -66093.2
7 1651.76 12.4599 396.292 9485.71 -65200.3
8 1830.83 12.3138 394.16 9476.01 -63866.1
9 2010.08 12.102 390.926 9461.97 -61961.8
10 2189.6 11.8061 386.185 9442.42 -59347
11 2369.49 11.4061 379.467 9416.12 -55916.1
12 2549.89 10.8816 370.252 9381.85 -51593.1
13 2730.94 10.2124 357.989 9338.47 -46373.4
14 2912.83 9.37936 342.115 9285 -40335.9
15 3095.77 8.36442 322.082 9220.63 -33673
16 3279.99 7.15142 297.391 9144.82 -26703.8
17 3465.73 5.72346 267.638 9057.09 -19893.7
18 3653.28 4.06576 232.403 8957.27 -13880
19 3842.91 3.17451 190.813 8856.92 -9428.93
20 4034.69 2.6352 154.17 8775.7 -6394.87
21 4228.25 2.18261 123.926 8710.19 -4332.28
22 4423.26 1.80385 98.9847 8657.18 -2933.35
23 4619.47 1.49272 78.2027 8614.85 -1997.4
24 4816.64 2.2453 60.1117 8588.01 -1463.16
25 5014.43 2.08656 55.7463 8581.19 -1262.9
26 5212.37 1.9156 52.0357 8573.86 -1063.77
27 5410.49 1.73177 48.1056 8566 -868.824
28 5608.78 1.54115 43.803 8557.88 -687.61
29 5807.27 1.35031 39.2565 8549.77 -527.496
30 6005.94 1.16492 34.6348 8541.91 -392.33
31 6204.79 0.989611 30.0861 8534.49 -282.943
32 6403.82 0.827897 25.7333 8527.67 -197.894
33 6603.01 0.682109 21.6737 8521.54 -134.261
34 6802.34 0.553582 17.977 8516.14 -88.3831
35 7001.79 0.442611 14.6862 8511.48 -56.47
36 7201.36 0.348673 11.8185 8507.55 -35.0297
37 7401.02 0.27069 9.37025 8504.29 -21.1042
38 7600.75 0.20713 7.32056 8501.64 -12.3528
39 7800.55 0.156253 5.63657 8499.51 -7.02717
40 8000.4 0.116211 4.27801 8497.84 -3.88657
41 8200.28 0.085257 3.2011 8496.55 -2.09063
42 8400.2 0.0616819 2.36192 8495.57 -1.09412
43 8600.14 0.0440193 1.71874 8494.83 -0.557299
44 8800.09 0.031006 1.23371 8494.29 -0.276374
45 9000.06 0.0215413 0.873658 8493.9 -0.133489
46 9200.04 0.0147893 0.610489 8493.62 -0.0628161
47 9400.03 0.0100158 0.420969 8493.42 -0.0288123
48 9600.02 0.00669069 0.286536 8493.28 -0.0128854
49 9800.01 0.00442628 0.192515 8493.18 -0.00562125
50 10000 0.00289627 0.127698 8493.12 -0.00239331
51 10200 0.00185586 0.0836169 8493.08 -0.00099531
52 10400 0.00118264 0.0540708 8493.05 -0.000404396
53 10600 0.000754234 0.0345086 8493.03 -0.000160748
54 10800 0.000468627 0.0217328 8493.02 -6.26413e-05
55 11000 0.000285023 0.0134945 8493.01 -2.39859e-05
56 11200 0.00018302 0.00825645 8493.01 -9.0511e-06
57 11400 0.000101418 0.00496201 8493 -3.38657e-06
58 11600 6.06169e-05 0.00290984 8493 -1.26972e-06
59 11800 4.02184e-05 0.00164412 8493 -4.89659e-07
60 12000 1.97825e-05 0.000911836 8493 -1.85317e-07
61 12200 1.97825e-05 0.00041162 8493 -8.31755e-08
62 12400 1.97825e-05 0.000176409 8493 -3.93638e-08
63 12600 1.97825e-05 6.53493e-05 8493 -2.3123e-08
64 12800 1.97825e-05 3.34733e-06 8493 -2.22723e-08
65 13000 1.97825e-05 -5.08627e-05 8493 -3.48663e-08
66 13200 1.97825e-05 -0.000130098 8493 -6.71047e-08
67 13400 1.97825e-05 -0.000280388 8493 -1.36637e-07
68 13600 4.02184e-05 -0.000598587 8493 -2.97133e-07
69 13800 4.02184e-05 -0.000999609 8493 -6.30014e-07
70 14000 6.06169e-05 -0.00166705 8493 -1.38363e-06
71 14200 0.000101418 -0.00263524 8493 -3.05772e-06
72 14400 0.00016262 -0.00400649 8493.01 -6.64526e-06
73 14600 0.000223821 -0.00611699 8493.01 -1.458e-05
74 14800 0.000325824 -0.00918369 8493.01 -3.18793e-05
75 15000 0.000489027 -0.0137628 8493.02 -6.98524e-05
76 15200 0.000733833 -0.0205574 8493.03 -0.000153305
77 15400 0.00108064 -0.0306377 8493.04 -0.000336821
78 15600 0.00161105 -0.0455903 8493.07 -0.000740452
79 15800 0.00238626 -0.0677982 8493.1 -0.00162917
80 16000 0.00352868 -0.10072 8493.15 -0.00358475
81 16200 0.00524229 -0.149605 8493.22 -0.00789081
82 16400 0.00777188 -0.22212 8493.32 -0.0173701
83 16600 0.0115254 -0.329717 8493.48 -0.0382368
84 16800 0.0171148 -0.48918 8493.71 -0.0841313
85 16999.9 0.0253558 -0.725072 8494.06 -0.184873
86 17199.9 0.0375536 -1.07297 8494.56 -0.405221
87 17399.9 0.0554614 -1.58326 8495.31 -0.88412
88 17599.8 0.0816067 -2.32517 8496.4 -1.91388
89 17799.8 0.11929 -3.38954 8497.97 -4.09143
90 17999.6 0.172785 -4.88793 8500.2 -8.58462
91 18199.5 0.246972 -6.9447 8503.3 -17.5472
92 18399.2 0.347003 -9.68015 8507.48 -34.6565
93 18598.9 0.477321 -13.1864 8512.94 -65.6161
94 18798.4 0.64076 -17.5054 8519.8 -118.332
95 18997.8 0.837977 -22.6272 8528.1 -202.563
96 19197 1.06815 -28.5246 8537.81 -329.429
97 19395.9 1.33105 -35.2273 8548.95 -512.085
98 19594.6 1.63055 -42.9076 8561.69 -769.273
99 19793 2.85125 -51.925 8199.91 7529.69
