NTS LL(mkm)  STRESS(GPa)   VEL(m / s)  DENS(kg/m3)  ENERGY(J) 
0 843.677 12.7725 400 9506.54 -67934.4
1 1022.35 12.7724 399.953 9506.53 -68061.3
2 1201.03 12.7723 399.905 9506.52 -68071.6
3 1379.71 12.772 399.858 9506.51 -68081.4
4 1558.39 12.7717 399.81 9506.49 -68099.5
5 1737.06 12.7713 399.761 9506.46 -68099.7
6 1915.74 12.7709 399.712 9506.43 -68098.4
7 2094.42 12.7703 399.662 9506.39 -68093.6
8 2273.1 12.7696 399.611 9506.34 -68089.6
9 2451.78 12.7687 399.558 9506.28 -68088
10 2630.46 12.7677 399.503 9506.22 -68078.5
11 2809.15 12.7663 399.444 9506.13 -68067.7
12 2987.83 12.7647 399.381 9506.02 -68051.2
13 3166.52 12.7624 399.311 9505.87 -68031.6
14 3345.21 12.7594 399.229 9505.66 -68004.4
15 3523.9 12.7551 399.131 9505.38 -67967.9
16 3702.6 12.7492 399.008 9504.98 -67912.5
17 3881.31 12.7407 398.847 9504.42 -67834.1
18 4060.02 12.7289 398.633 9503.63 -67721
19 4238.76 12.7122 398.342 9502.51 -67565.6
20 4417.51 12.6889 397.944 9500.96 -67347.6
21 4596.29 12.6569 397.397 9498.82 -67048.4
22 4775.11 12.6132 396.65 9495.91 -66642.9
23 4953.99 12.5544 395.634 9492 -66096.5
24 5132.94 12.4764 394.266 9486.81 -65376.1
25 5311.99 12.3741 392.446 9480.01 -64437.2
26 5491.17 12.2415 390.048 9471.21 -63231.3
27 5670.51 12.0719 386.927 9459.98 -61707.9
28 5850.07 11.8573 382.912 9445.8 -59810.5
29 6029.89 11.5888 377.805 9428.12 -57484.8
30 6210.06 11.2564 371.38 9406.32 -54676.9
31 6390.64 10.8487 363.38 9379.71 -51344.2
32 6571.73 10.3532 353.519 9347.57 -47458.6
33 6753.44 9.75598 341.474 9309.1 -43015.6
34 6935.91 9.04146 326.89 9263.47 -38044.4
35 7119.28 8.19201 309.373 9209.78 -32625.1
36 7303.71 7.18828 288.484 9147.11 -26906.5
37 7489.41 6.00779 263.699 9074.43 -21135.2
38 7676.59 4.62834 234.358 8990.9 -15697.2
39 7865.52 3.43832 199.787 8897.95 -11151.8
40 8056.42 2.91494 164.81 8817.39 -7891.89
41 8249.06 2.46958 135.639 8751.45 -5592.01
42 8443.15 2.08874 111.293 8696.9 -3959.68
43 8638.46 1.76499 90.8669 8651.83 -2805.75
44 8834.79 1.49101 73.365 8614.62 -1993.51
45 9031.97 2.28221 57.5623 8589.6 -1512.67
46 9229.72 2.23783 55.0213 8587.69 -1454.22
47 9427.51 2.19179 53.6152 8585.71 -1394.79
48 9625.35 2.13792 52.3372 8583.39 -1326.83
49 9823.25 2.07565 50.8159 8580.72 -1250.41
50 10021.2 2.00629 48.9812 8577.75 -1167.97
51 10219.2 1.93137 46.8367 8574.54 -1082.07
52 10417.3 1.85258 44.3886 8571.17 -995.307
53 10615.5 1.77188 41.6393 8567.72 -910.229
54 10813.8 1.69155 38.5912 8564.29 -829.328
55 11012.1 1.61411 35.2473 8560.99 -754.897
56 11210.5 1.54221 31.6103 8557.92 -688.96
57 11409 1.47873 27.682 8555.22 -633.236
58 11607.5 1.42651 23.4629 8553 -589.17
59 11806.1 1.38843 18.9517 8551.38 -558.019
60 12004.8 1.36718 14.1464 8550.48 -540.985
61 12203.4 1.36519 9.04569 8550.4 -539.377
62 12402.1 1.38453 3.65177 8551.22 -554.767
63 12600.7 1.42665 -2.0262 8553.01 -589.087
64 12799.3 1.49223 -7.96673 8555.8 -644.608
65 12997.8 1.58091 -14.1298 8559.57 -723.708
66 13196.3 1.69102 -20.4484 8564.27 -828.348
67 13394.6 1.8192 -26.8171 8569.74 -959.112
68 13592.8 1.95964 -33.0672 8575.75 -1113.46
69 13790.9 2.10261 -38.9151 8581.88 -1282.51
70 13988.8 2.23428 -43.9867 8587.53 -1448.85
71 14186.6 1.41413 -48.4993 8604.33 -1791.94
72 14384 1.67566 -66.6972 8639.6 -2524.64
73 14580.6 2.02932 -89.1464 8688.54 -3731.26
74 14776.1 2.49907 -118.739 8755.74 -5728.45
75 14970.1 3.11193 -157.489 8847.31 -9042.25
76 15162.1 4.29186 -208.108 8970.76 -14577.6
77 15351.5 6.55551 -269.926 9108.01 -23667.6
78 15538 8.77382 -329.414 9246.49 -36249.4
79 15721.7 10.9134 -386.24 9383.92 -51822.9
80 15902.7 12.9423 -439.474 9517.89 -69695.8
81 16081.2 14.8259 -488.162 9645.54 -88989.4
82 16257.3 16.5341 -531.586 9764.14 -108719
83 16431.2 17.3822 -569.412 9883.11 -129684
84 16603.1 18.2659 -610.379 10025.1 -155212
85 16772.5 19.3836 -655.615 10187.7 -185162
86 16939.3 20.6832 -703.373 10365.9 -218956
87 17103.1 22.0835 -751.257 10552.9 -255476
88 17264.1 23.4889 -796.594 10739.9 -293054
89 17422.2 24.8284 -836.521 10916.8 -329488
90 17577.8 26.005 -868.313 11072.3 -362180
91 17731.2 26.9291 -890.314 11196.1 -388576
92 17883 27.5263 -905.026 11275.1 -405578
93 18033.6 26.3476 -925.196 11119.3 -372041
94 18186.4 24.6416 -982.198 10892.2 -324043
95 18342.3 13.9139 -1030.67 9583.34 -77126.8
96 18519.6 75.9593 -348.031 4430 6.95284e+06
97 18903 87.5228 213.826 4516.33 1.17562e+07
98 19279.1 81.6275 -1341.27 4459.6 2.09022e+07
99 19660 85.6388 152.765 4867.53 1.86104e+07
