NTS LL(mkm)  STRESS(GPa)   VEL(m / s)  DENS(kg/m3)  ENERGY(J) 
0 841.892 12.7723 400 9506.53 -67932.8
1 1020.57 12.7722 399.953 9506.52 -68059.7
2 1199.25 12.7721 399.905 9506.51 -68070
3 1377.92 12.7718 399.857 9506.5 -68079.8
4 1556.6 12.7716 399.809 9506.47 -68097.9
5 1735.28 12.7712 399.76 9506.45 -68098
6 1913.96 12.7707 399.711 9506.42 -68096.7
7 2092.64 12.7701 399.661 9506.38 -68091.8
8 2271.32 12.7694 399.609 9506.33 -68087.8
9 2450 12.7685 399.556 9506.27 -68086.1
10 2628.68 12.7675 399.501 9506.2 -68076.6
11 2807.37 12.7661 399.442 9506.11 -68065.5
12 2986.05 12.7644 399.378 9506 -68048.8
13 3164.74 12.7622 399.307 9505.85 -68028.8
14 3343.43 12.759 399.225 9505.64 -68001.1
15 3522.12 12.7547 399.125 9505.35 -67963.7
16 3700.82 12.7486 399 9504.94 -67907.1
17 3879.53 12.74 398.836 9504.37 -67826.9
18 4058.25 12.7278 398.618 9503.56 -67711.1
19 4236.98 12.7108 398.321 9502.42 -67552.1
20 4415.73 12.6869 397.914 9500.83 -67329.2
21 4594.52 12.6542 397.355 9498.64 -67023.3
22 4773.34 12.6096 396.591 9495.67 -66608.9
23 4952.22 12.5495 395.553 9491.67 -66051
24 5131.18 12.4699 394.156 9486.37 -65315.8
25 5310.24 12.3655 392.297 9479.43 -64358.4
26 5489.43 12.2303 389.85 9470.47 -63130
27 5668.78 12.0575 386.668 9459.02 -61579.5
28 5848.36 11.839 382.576 9444.59 -59650.1
29 6028.21 11.5658 377.374 9426.61 -57287.7
30 6208.4 11.2278 370.834 9404.45 -54438.6
31 6389.02 10.8134 362.696 9377.41 -51061.3
32 6570.15 10.3101 352.671 9344.78 -47129.1
33 6751.92 9.70382 340.433 9305.75 -42640
34 6934.46 8.97885 325.621 9259.49 -37626.8
35 7117.9 8.11738 307.841 9205.1 -32174.6
36 7302.43 7.09987 286.653 9141.63 -26438.6
37 7488.24 5.9032 261.542 9068.05 -20673.7
38 7675.55 4.50509 231.828 8983.51 -15280
39 7864.63 3.39229 196.746 8890.73 -10840.2
40 8055.69 2.87565 162.223 8811.48 -7671.74
41 8248.46 2.43612 133.464 8746.59 -5436.4
42 8442.66 2.0602 109.472 8692.88 -3849.41
43 8638.06 1.74021 89.399 8648.43 -2726.14
44 8834.47 1.46831 72.2931 8611.57 -1932.84
45 9031.71 2.27161 56.8533 8589.14 -1498.6
46 9229.47 2.23193 54.6928 8587.43 -1446.56
47 9427.27 2.18613 53.4859 8585.47 -1387.59
48 9625.12 2.13103 52.2525 8583.1 -1318.27
49 9823.02 2.06735 50.7175 8580.36 -1240.38
50 10021 1.99659 48.8619 8577.33 -1156.65
51 10219 1.92031 46.7014 8574.06 -1069.67
52 10417.1 1.84016 44.2426 8570.63 -981.964
53 10615.3 1.75812 41.4878 8567.13 -896.103
54 10813.6 1.67647 38.44 8563.64 -814.557
55 11011.9 1.5977 35.1029 8560.29 -739.593
56 11210.4 1.5245 31.4801 8557.17 -673.191
57 11408.9 1.45973 27.5738 8554.41 -617.021
58 11607.4 1.4062 23.3846 8552.14 -572.469
59 11806 1.36679 18.911 8550.47 -540.725
60 12004.7 1.34421 14.1503 8549.51 -522.927
61 12203.4 1.34092 9.10006 8549.37 -520.321
62 12402.1 1.35897 3.76055 8550.13 -534.429
63 12600.7 1.39992 -1.86156 8551.87 -567.156
64 12799.3 1.46447 -7.74816 8554.62 -620.791
65 12997.9 1.55244 -13.8635 8558.36 -697.803
66 13196.4 1.6623 -20.1463 8563.04 -800.356
67 13394.7 1.79094 -26.5 8568.53 -929.442
68 13593 1.93307 -32.7741 8574.61 -1083.38
69 13791.1 2.07969 -38.705 8580.89 -1254.6
70 13989 2.21505 -43.8155 8586.71 -1423.94
71 14186.8 1.36911 -47.8471 8600.88 -1727.15
72 14384.3 1.64395 -65.085 8635.28 -2428.7
73 14581 1.98796 -86.7045 8682.74 -3577.13
74 14776.7 2.4461 -115.614 8748.04 -5480.07
75 14970.8 3.04474 -153.441 8837.05 -8638.83
76 15163.1 4.07327 -202.713 8957.71 -13900.8
77 15352.7 6.34446 -264.43 9095.04 -22659.9
78 15539.4 8.57161 -324.109 9233.7 -34951.6
79 15723.4 10.7235 -381.35 9371.57 -50304.4
80 15904.6 12.7682 -435.076 9506.25 -68043.6
81 16083.3 14.6703 -484.298 9634.88 -87297.4
82 16259.6 16.3984 -528.263 9754.61 -107073
83 16433.8 17.2937 -566.543 9872.66 -127827
84 16605.8 18.2028 -607.106 10013.2 -153050
85 16775.4 19.2985 -652.133 10174.7 -182734
86 16942.4 20.5913 -699.941 10352.4 -216354
87 17106.5 21.9944 -748.105 10539.5 -252838
88 17267.6 23.4107 -793.962 10727.7 -290570
89 17426 24.7433 -834.701 10906.7 -327389
90 17581.7 25.9552 -867.34 11065.2 -360670
91 17735.2 26.9076 -889.657 11191.5 -387602
92 17887 27.4615 -902.502 11268.9 -404234
93 18037.7 26.2143 -919.037 11099.1 -367759
94 18190.8 24.502 -985.607 10871.8 -319815
95 18347 16.7124 -1069 9776.67 -109007
96 18520.7 82.4816 -179.202 4465.45 6.80981e+06
97 18901.1 71.6548 641.245 4414 1.21699e+07
98 19286 89.2749 -1750.61 4550.62 2.05142e+07
99 19659.2 85.904 187.286 4858.95 1.86415e+07
