NTS LL(mkm)  STRESS(GPa)   VEL(m / s)  DENS(kg/m3)  ENERGY(J) 
0 842.785 12.7724 400 9506.53 -67933.6
1 1021.46 12.7723 399.953 9506.53 -68060.5
2 1200.14 12.7722 399.905 9506.52 -68070.8
3 1378.82 12.7719 399.857 9506.5 -68080.6
4 1557.49 12.7716 399.809 9506.48 -68098.7
5 1736.17 12.7712 399.761 9506.45 -68098.9
6 1914.85 12.7707 399.711 9506.42 -68097.6
7 2093.53 12.7701 399.661 9506.38 -68092.7
8 2272.21 12.7694 399.61 9506.33 -68088.7
9 2450.89 12.7686 399.557 9506.28 -68087.1
10 2629.57 12.7675 399.502 9506.21 -68077.5
11 2808.26 12.7662 399.443 9506.12 -68066.6
12 2986.94 12.7645 399.38 9506.01 -68050
13 3165.63 12.7623 399.309 9505.86 -68030.2
14 3344.32 12.7592 399.227 9505.65 -68002.8
15 3523.01 12.7549 399.128 9505.36 -67965.8
16 3701.71 12.7488 399.004 9504.96 -67909.8
17 3880.42 12.7404 398.842 9504.39 -67830.5
18 4059.14 12.7284 398.626 9503.59 -67716.1
19 4237.87 12.7115 398.332 9502.46 -67558.9
20 4416.62 12.6879 397.929 9500.9 -67338.4
21 4595.4 12.6555 397.376 9498.73 -67035.9
22 4774.23 12.6114 396.62 9495.79 -66626
23 4953.11 12.552 395.594 9491.84 -66073.9
24 5132.06 12.4732 394.212 9486.59 -65346.1
25 5311.11 12.3698 392.372 9479.72 -64398
26 5490.3 12.236 389.95 9470.84 -63180.9
27 5669.65 12.0647 386.798 9459.5 -61644
28 5849.21 11.8482 382.745 9445.2 -59730.6
29 6029.05 11.5774 377.59 9427.37 -57386.6
30 6209.23 11.2421 371.108 9405.39 -54558.2
31 6389.83 10.8311 363.04 9378.57 -51203.3
32 6570.94 10.3318 353.097 9346.18 -47294.4
33 6752.68 9.73001 340.956 9307.43 -42828.3
34 6935.18 9.01025 326.258 9261.49 -37836.1
35 7118.59 8.15482 308.61 9207.45 -32400.1
36 7303.07 7.14423 287.572 9144.37 -26672.6
37 7488.82 5.95568 262.625 9071.25 -20904.2
38 7676.07 4.56695 233.096 8987.22 -15487.9
39 7865.07 3.41523 198.267 8894.33 -10995
40 8056.05 2.89523 163.513 8814.42 -7781.06
41 8248.76 2.4528 134.548 8749.01 -5513.66
42 8442.9 2.07442 110.381 8694.88 -3904.12
43 8638.26 1.75254 90.1329 8650.12 -2765.58
44 8834.63 1.4796 72.8275 8613.09 -1962.89
45 9031.84 2.27668 57.2043 8589.36 -1505.35
46 9229.6 2.23476 54.8507 8587.56 -1450.24
47 9427.39 2.18894 53.5464 8585.59 -1391.16
48 9625.24 2.13449 52.2938 8583.25 -1322.56
49 9823.13 2.07151 50.767 8580.54 -1245.4
50 10021.1 2.00146 48.9222 8577.54 -1162.31
51 10219.1 1.92585 46.7697 8574.3 -1075.87
52 10417.2 1.84637 44.3162 8570.9 -988.628
53 10615.4 1.765 41.5642 8567.42 -903.152
54 10813.7 1.68402 38.5162 8563.97 -821.922
55 11012 1.60588 35.1757 8560.64 -747.218
56 11210.4 1.53336 31.5458 8557.55 -681.042
57 11408.9 1.46921 27.6285 8554.82 -625.089
58 11607.5 1.41634 23.4244 8552.57 -580.773
59 11806.1 1.37758 18.9319 8550.92 -549.319
60 12004.7 1.35566 14.1489 8549.99 -531.896
61 12203.4 1.35303 9.07341 8549.88 -529.783
62 12402.1 1.37172 3.70662 8550.67 -544.526
63 12600.7 1.41326 -1.94355 8552.44 -578.045
64 12799.3 1.47833 -7.85728 8555.21 -632.621
65 12997.9 1.56666 -13.9967 8558.96 -710.679
66 13196.3 1.67665 -20.2978 8563.65 -814.285
67 13394.7 1.80508 -26.6597 8569.14 -944.234
68 13592.9 1.94641 -32.9228 8575.18 -1098.42
69 13791 2.09117 -38.8102 8581.39 -1268.55
70 13988.9 2.22438 -43.8886 8587.11 -1436.02
71 14186.7 1.39282 -48.1507 8602.58 -1758.83
72 14384.2 1.65966 -65.9003 8637.42 -2475.99
73 14580.8 2.00853 -87.9263 8685.63 -3653.35
74 14776.4 2.47245 -117.166 8751.87 -5602.86
75 14970.5 3.07813 -155.449 8842.14 -8838.09
76 15162.6 4.18253 -205.394 8964.23 -14234.7
77 15352.1 6.45007 -267.189 9101.53 -23160.1
78 15538.7 8.67289 -326.77 9240.1 -35598
79 15722.5 10.8187 -383.801 9377.76 -51062.1
80 15903.7 12.8555 -437.281 9512.08 -68869.2
81 16082.2 14.7484 -486.236 9640.22 -88143.9
82 16258.4 16.4664 -529.929 9759.39 -107897
83 16432.5 17.3659 -567.981 9877.87 -128753
84 16604.5 18.2333 -608.737 10019.2 -154128
85 16774 19.3404 -653.883 10181.2 -183947
86 16940.8 20.637 -701.661 10359.1 -217655
87 17104.8 22.0393 -749.689 10546.2 -254160
88 17265.9 23.4492 -795.284 10733.8 -291817
89 17424.1 24.8006 -835.611 10911.7 -328445
90 17579.8 25.965 -867.838 11068.8 -361427
91 17733.2 26.9043 -889.927 11193.7 -388072
92 17885 27.4924 -903.7 11271.8 -404873
93 18035.7 26.2691 -922.438 11109.6 -369980
94 18188.6 24.5723 -984.586 10883.4 -322208
95 18344.6 15.22 -1049.89 9672.66 -91288.4
96 18520.2 79.325 -264.818 4445.97 6.88955e+06
97 18902.3 83.1004 412.523 4470.07 1.19514e+07
98 19282.3 86.4351 -1531.13 4501.69 2.07247e+07
99 19659.6 85.774 171.381 4863.5 1.8625e+07
