NTS LL(mkm)  STRESS(GPa)   VEL(m / s)  DENS(kg/m3)  ENERGY(J) 
0 843.008 12.7724 400 9506.53 -67933.8
1 1021.69 12.7723 399.953 9506.53 -68060.7
2 1200.36 12.7722 399.905 9506.52 -68071
3 1379.04 12.772 399.857 9506.5 -68080.8
4 1557.72 12.7716 399.809 9506.48 -68098.9
5 1736.4 12.7713 399.761 9506.46 -68099.1
6 1915.07 12.7708 399.712 9506.42 -68097.8
7 2093.75 12.7702 399.661 9506.38 -68092.9
8 2272.43 12.7695 399.61 9506.34 -68088.9
9 2451.11 12.7686 399.557 9506.28 -68087.3
10 2629.8 12.7676 399.502 9506.21 -68077.8
11 2808.48 12.7662 399.444 9506.12 -68066.9
12 2987.16 12.7646 399.38 9506.01 -68050.3
13 3165.85 12.7623 399.31 9505.86 -68030.5
14 3344.54 12.7593 399.228 9505.65 -68003.2
15 3523.23 12.755 399.129 9505.37 -67966.3
16 3701.93 12.7489 399.005 9504.97 -67910.5
17 3880.64 12.7405 398.843 9504.4 -67831.4
18 4059.36 12.7285 398.628 9503.6 -67717.3
19 4238.09 12.7116 398.335 9502.48 -67560.5
20 4416.84 12.6882 397.933 9500.91 -67340.7
21 4595.63 12.6558 397.382 9498.76 -67039.1
22 4774.45 12.6118 396.628 9495.82 -66630.3
23 4953.33 12.5526 395.604 9491.88 -66079.6
24 5132.28 12.474 394.225 9486.65 -65353.6
25 5311.33 12.3709 392.39 9479.79 -64407.8
26 5490.51 12.2373 389.974 9470.93 -63193.5
27 5669.86 12.0666 386.83 9459.62 -61660
28 5849.43 11.8505 382.787 9445.35 -59750.6
29 6029.26 11.5803 377.644 9427.56 -57411.2
30 6209.43 11.2457 371.176 9405.62 -54587.9
31 6390.03 10.8355 363.125 9378.86 -51238.6
32 6571.14 10.3371 353.203 9346.53 -47335.5
33 6752.87 9.73651 341.086 9307.85 -42875.2
34 6935.36 9.0181 326.416 9261.99 -37888.2
35 7118.76 8.16415 308.801 9208.03 -32456.4
36 7303.23 7.15527 287.801 9145.06 -26731.1
37 7488.97 5.96872 262.894 9072.05 -20961.9
38 7676.2 4.58233 233.412 8988.15 -15540.1
39 7865.19 3.421 198.647 8895.23 -11034
40 8056.14 2.90015 163.837 8815.16 -7808.63
41 8248.83 2.45699 134.82 8749.62 -5533.14
42 8442.97 2.07799 110.609 8695.39 -3917.93
43 8638.31 1.75564 90.3164 8650.55 -2775.55
44 8834.67 1.48244 72.9616 8613.47 -1970.49
45 9031.87 2.27803 57.2931 8589.42 -1507.12
46 9229.63 2.23551 54.8921 8587.59 -1451.2
47 9427.42 2.18965 53.5628 8585.62 -1392.06
48 9625.27 2.13534 52.3044 8583.28 -1323.63
49 9823.16 2.07254 50.7793 8580.59 -1246.66
50 10021.1 2.00268 48.937 8577.59 -1163.73
51 10219.1 1.92723 46.7865 8574.36 -1077.42
52 10417.3 1.84793 44.3344 8570.97 -990.296
53 10615.4 1.76672 41.5831 8567.5 -904.919
54 10813.7 1.6859 38.5351 8564.05 -823.77
55 11012 1.60795 35.1937 8560.72 -749.133
56 11210.5 1.53556 31.5621 8557.64 -683.015
57 11408.9 1.47158 27.642 8554.92 -627.118
58 11607.5 1.41887 23.4341 8552.68 -582.863
59 11806.1 1.3803 18.937 8551.04 -551.484
60 12004.7 1.35854 14.1484 8550.12 -534.157
61 12203.4 1.35607 9.06658 8550.01 -532.169
62 12402.1 1.37492 3.69299 8550.81 -547.073
63 12600.7 1.4166 -1.96415 8552.58 -580.792
64 12799.3 1.48179 -7.88462 8555.35 -635.603
65 12997.9 1.57022 -14.03 8559.12 -713.922
66 13196.3 1.68025 -20.3356 8563.81 -817.788
67 13394.7 1.80862 -26.6993 8569.29 -947.946
68 13592.9 1.94973 -32.9593 8575.32 -1102.18
69 13791 2.09402 -38.8364 8581.51 -1272.03
70 13988.9 2.22681 -43.9108 8587.21 -1439.15
71 14186.7 1.39886 -48.234 8603.02 -1766.98
72 14384.2 1.66363 -66.1009 8637.96 -2488.03
73 14580.8 2.01371 -88.2315 8686.35 -3672.67
74 14776.3 2.47907 -117.558 8752.83 -5633.99
75 14970.4 3.08654 -155.956 8843.43 -8888.66
76 15162.5 4.20986 -206.07 8965.86 -14319.6
77 15351.9 6.47646 -267.875 9103.15 -23286.3
78 15538.5 8.69815 -327.433 9241.7 -35760.3
79 15722.3 10.8424 -384.412 9379.3 -51252
80 15903.4 12.8772 -437.83 9513.54 -69075.8
81 16082 14.7678 -486.719 9641.56 -88355.3
82 16258.1 16.4834 -530.344 9760.58 -108102
83 16432.2 17.3278 -568.348 9879.18 -128985
84 16604.1 18.2532 -609.138 10020.6 -154398
85 16773.6 19.3614 -654.316 10182.8 -184250
86 16940.4 20.658 -702.093 10360.8 -217981
87 17104.4 22.0201 -750.085 10547.9 -254490
88 17265.4 23.4667 -795.607 10735.4 -292127
89 17423.6 24.8146 -835.841 10913 -328707
90 17579.3 25.9762 -867.953 11069.7 -361616
91 17732.7 26.9103 -890.016 11194.3 -388195
92 17884.5 27.5006 -904.024 11272.6 -405044
93 18035.2 26.2982 -923.183 11112.1 -370511
94 18188 24.5998 -984.112 10885.8 -322717
95 18344.1 14.8762 -1045.09 9649 -87438.7
96 18520.1 78.4901 -285.869 4441.68 6.90677e+06
97 18902.5 84.6065 359.929 4482.52 1.18996e+07
98 19281.5 85.4257 -1480.87 4490.57 2.07722e+07
99 19659.7 85.7336 167.07 4864.56 1.86211e+07
