NTS LL(mkm)  STRESS(GPa)   VEL(m / s)  DENS(kg/m3)  ENERGY(J) 
0 842.339 12.7723 400 9506.53 -67933.2
1 1021.02 12.7723 399.953 9506.52 -68060.1
2 1199.69 12.7721 399.905 9506.51 -68070.4
3 1378.37 12.7719 399.857 9506.5 -68080.2
4 1557.05 12.7716 399.809 9506.48 -68098.3
5 1735.73 12.7712 399.76 9506.45 -68098.5
6 1914.41 12.7707 399.711 9506.42 -68097.1
7 2093.08 12.7701 399.661 9506.38 -68092.3
8 2271.76 12.7694 399.61 9506.33 -68088.2
9 2450.45 12.7685 399.557 9506.27 -68086.6
10 2629.13 12.7675 399.501 9506.2 -68077.1
11 2807.81 12.7661 399.443 9506.12 -68066.1
12 2986.5 12.7644 399.379 9506 -68049.4
13 3165.18 12.7622 399.308 9505.85 -68029.5
14 3343.87 12.7591 399.226 9505.64 -68002
15 3522.57 12.7548 399.126 9505.36 -67964.8
16 3701.27 12.7488 399.002 9504.95 -67908.5
17 3879.97 12.7402 398.839 9504.38 -67828.7
18 4058.69 12.7281 398.622 9503.57 -67713.6
19 4237.42 12.7111 398.326 9502.44 -67555.5
20 4416.18 12.6874 397.922 9500.86 -67333.8
21 4594.96 12.6548 397.366 9498.69 -67029.6
22 4773.79 12.6105 396.606 9495.73 -66617.5
23 4952.67 12.5507 395.573 9491.76 -66062.4
24 5131.62 12.4715 394.184 9486.48 -65331
25 5310.68 12.3677 392.334 9479.58 -64378.3
26 5489.86 12.2332 389.9 9470.66 -63155.5
27 5669.22 12.0611 386.733 9459.26 -61611.8
28 5848.79 11.8436 382.66 9444.9 -59690.4
29 6028.63 11.5716 377.482 9426.99 -57337.2
30 6208.81 11.235 370.971 9404.92 -54498.5
31 6389.42 10.8223 362.868 9377.99 -51132.4
32 6570.55 10.3209 352.884 9345.48 -47211.9
33 6752.3 9.71692 340.695 9306.59 -42734.3
34 6934.82 8.99461 325.94 9260.49 -37731.6
35 7118.24 8.13617 308.226 9206.27 -32287.4
36 7302.75 7.1221 287.114 9143 -26555.6
37 7488.53 5.92949 262.085 9069.65 -20788.9
38 7675.81 4.53607 232.463 8985.37 -15383.8
39 7864.85 3.40375 197.506 8892.52 -10917.4
40 8055.87 2.88543 162.867 8812.95 -7726.21
41 8248.61 2.44445 134.005 8747.8 -5474.89
42 8442.78 2.06729 109.926 8693.88 -3876.66
43 8638.16 1.74635 89.766 8649.27 -2745.77
44 8834.55 1.47394 72.5599 8612.33 -1947.79
45 9031.78 2.27409 57.0279 8589.25 -1501.9
46 9229.54 2.23333 54.7701 8587.49 -1448.36
47 9427.33 2.18753 53.5151 8585.53 -1389.36
48 9625.18 2.13277 52.2729 8583.17 -1320.41
49 9823.08 2.06943 50.7423 8580.45 -1242.89
50 10021 1.99902 48.8922 8577.44 -1159.48
51 10219.1 1.92308 46.7357 8574.18 -1072.77
52 10417.2 1.84325 44.2795 8570.77 -985.294
53 10615.4 1.76156 41.5261 8567.28 -899.624
54 10813.6 1.68023 38.4783 8563.81 -818.235
55 11012 1.60179 35.1395 8560.46 -743.399
56 11210.4 1.52892 31.5131 8557.36 -677.108
57 11408.9 1.46447 27.6013 8554.62 -621.045
58 11607.5 1.41127 23.4046 8552.35 -576.609
59 11806.1 1.37219 18.9216 8550.69 -545.009
60 12004.7 1.34993 14.1498 8549.75 -527.397
61 12203.4 1.34697 9.08686 8549.62 -525.035
62 12402.1 1.36534 3.7337 8550.4 -539.459
63 12600.7 1.40657 -1.90247 8552.16 -572.582
64 12799.3 1.4714 -7.80267 8554.91 -626.687
65 12997.9 1.55955 -13.9301 8558.66 -704.222
66 13196.4 1.66948 -20.2222 8563.35 -807.304
67 13394.7 1.79802 -26.5801 8568.83 -936.827
68 13592.9 1.93976 -32.8491 8574.9 -1090.9
69 13791 2.08543 -38.7578 8581.14 -1261.58
70 13989 2.21966 -43.8489 8586.91 -1429.89
71 14186.8 1.38088 -47.9927 8601.73 -1742.81
72 14384.3 1.65178 -65.4955 8636.35 -2452.18
73 14580.9 1.99822 -87.3157 8684.18 -3615.03
74 14776.5 2.45924 -116.388 8749.95 -5541.12
75 14970.7 3.0614 -154.441 8839.59 -8737.85
76 15162.8 4.12789 -204.049 8960.97 -14066.6
77 15352.4 6.39729 -265.812 9098.29 -22909.1
78 15539.1 8.62232 -325.442 9236.9 -35274.2
79 15723 10.7711 -382.577 9374.67 -50682.9
80 15904.2 12.8119 -436.18 9509.17 -68456.3
81 16082.8 14.7094 -485.269 9637.55 -87720.7
82 16259 16.4325 -529.097 9757 -107485
83 16433.1 17.3299 -567.255 9875.26 -128289
84 16605.1 18.1919 -607.938 10016.2 -153589
85 16774.7 19.3405 -652.999 10177.9 -183340
86 16941.6 20.595 -700.808 10355.7 -217005
87 17105.6 21.9995 -748.892 10542.9 -253500
88 17266.7 23.4139 -794.632 10730.8 -291195
89 17425 24.7724 -835.147 10909.2 -327918
90 17580.7 25.9746 -867.59 11067 -361049
91 17734.2 26.8914 -889.789 11192.6 -387833
92 17886 27.4765 -903.072 11270.3 -404544
93 18036.7 26.2439 -920.816 11104.5 -368888
94 18189.7 24.541 -985.278 10877.9 -321083
95 18345.8 15.9426 -1059.47 9722.76 -99663.6
96 18520.5 80.9247 -222.276 4455.22 6.85197e+06
97 18901.8 78.801 523.454 4443.31 1.20595e+07
98 19284.1 88.0708 -1637.36 4525.23 2.06236e+07
99 19659.4 85.844 179.534 4861.28 1.8633e+07
