NTS LL(mkm)  STRESS(GPa)   VEL(m / s)  DENS(kg/m3)  ENERGY(J) 
0 841 12.7722 400 9506.52 -67932
1 1019.68 12.7721 399.952 9506.51 -68058.9
2 1198.35 12.772 399.905 9506.5 -68069.2
3 1377.03 12.7718 399.857 9506.49 -68079
4 1555.71 12.7715 399.809 9506.47 -68097.1
5 1734.39 12.7711 399.76 9506.44 -68097.2
6 1913.07 12.7706 399.71 9506.41 -68095.9
7 2091.75 12.77 399.66 9506.37 -68091
8 2270.43 12.7693 399.608 9506.32 -68086.9
9 2449.11 12.7684 399.555 9506.26 -68085.2
10 2627.79 12.7673 399.5 9506.19 -68075.6
11 2806.47 12.766 399.441 9506.11 -68064.5
12 2985.16 12.7643 399.377 9505.99 -68047.6
13 3163.85 12.762 399.305 9505.84 -68027.4
14 3342.54 12.7589 399.222 9505.63 -67999.4
15 3521.23 12.7545 399.122 9505.33 -67961.6
16 3699.93 12.7483 398.996 9504.92 -67904.4
17 3878.64 12.7396 398.831 9504.34 -67823.2
18 4057.36 12.7273 398.61 9503.52 -67706.1
19 4236.09 12.71 398.31 9502.37 -67545.3
20 4414.85 12.686 397.899 9500.76 -67319.8
21 4593.63 12.6528 397.334 9498.55 -67010.5
22 4772.46 12.6077 396.561 9495.55 -66591.6
23 4951.34 12.547 395.512 9491.51 -66027.8
24 5130.3 12.4665 394.1 9486.15 -65285.2
25 5309.36 12.3611 392.221 9479.14 -64318.5
26 5488.56 12.2246 389.75 9470.09 -63078.6
27 5667.92 12.0502 386.536 9458.54 -61514.4
28 5847.5 11.8298 382.405 9443.98 -59568.8
29 6027.37 11.5542 377.155 9425.84 -57187.9
30 6207.57 11.2132 370.557 9403.5 -54318.1
31 6388.21 10.7955 362.35 9376.25 -50918.5
32 6569.37 10.2883 352.241 9343.37 -46962.9
33 6751.16 9.67743 339.906 9304.06 -42450.8
34 6933.73 8.94722 324.979 9257.48 -37416.8
35 7117.21 8.07971 307.065 9202.73 -31948.5
36 7301.79 7.05525 285.726 9138.86 -26204.5
37 7487.65 5.85043 260.451 9064.83 -20443.8
38 7675.04 4.44278 230.556 8979.78 -15073.4
39 7864.2 3.36946 195.225 8887.16 -10687.5
40 8055.33 2.85619 160.94 8808.55 -7563.93
41 8248.16 2.41954 132.387 8744.19 -5360.2
42 8442.42 2.0461 108.566 8690.9 -3795.54
43 8637.86 1.72802 88.6645 8646.76 -2687.43
44 8834.31 1.45715 71.7616 8610.08 -1903.37
45 9031.59 2.26696 56.5094 8588.94 -1492.46
46 9229.35 2.22933 54.5485 8587.32 -1443.16
47 9427.16 2.18339 53.4337 8585.35 -1384.07
48 9625 2.12756 52.213 8582.95 -1313.96
49 9822.91 2.06315 50.6671 8580.18 -1235.33
50 10020.9 1.99172 48.8004 8577.12 -1150.98
51 10218.9 1.91475 46.632 8573.83 -1063.47
52 10417 1.83393 44.1679 8570.37 -975.314
53 10615.2 1.75124 41.4103 8566.84 -889.08
54 10813.5 1.66894 38.3626 8563.32 -807.231
55 11011.9 1.58952 35.0289 8559.94 -732.02
56 11210.3 1.51569 31.4131 8556.79 -665.406
57 11408.8 1.45026 27.5178 8554.01 -609.034
58 11607.4 1.39611 23.3435 8551.71 -564.258
59 11806 1.35605 18.8888 8550.01 -532.239
60 12004.7 1.33281 14.1505 8549.02 -514.078
61 12203.4 1.32886 9.12564 8548.86 -510.991
62 12402.1 1.3463 3.81357 8549.6 -524.474
63 12600.7 1.38662 -1.78025 8551.31 -556.418
64 12799.4 1.45067 -7.63939 8554.03 -609.118
65 12997.9 1.53826 -13.7302 8557.76 -685.081
66 13196.4 1.64796 -19.994 8562.43 -786.565
67 13394.8 1.77675 -26.338 8567.93 -914.742
68 13593.1 1.91964 -32.6206 8574.04 -1068.32
69 13791.2 2.0681 -38.5969 8580.4 -1240.61
70 13989.1 2.20619 -43.7667 8586.33 -1412.53
71 14187 1.34615 -47.5992 8599.24 -1696.99
72 14384.5 1.62851 -64.2413 8633.19 -2382.69
73 14581.2 1.96759 -85.4811 8679.9 -3502.5
74 14776.9 2.42004 -114.083 8744.26 -5360.02
75 14971.2 3.01175 -151.465 8832.03 -8444.36
76 15163.5 3.96419 -200.074 8951.22 -13576.4
77 15353.3 6.23867 -261.642 9088.56 -22167.1
78 15540.2 8.4699 -321.43 9227.28 -34310.5
79 15724.2 10.6279 -378.888 9365.36 -49549.9
80 15905.6 12.6805 -432.858 9500.4 -67219.1
81 16084.4 14.5918 -482.346 9629.5 -86450.1
82 16260.8 16.3299 -526.588 9749.82 -106248
83 16435 17.2806 -565.1 9867.48 -126908
84 16607.2 18.1713 -605.464 10007.3 -151975
85 16776.9 19.2598 -650.4 10168.2 -181523
86 16943.9 20.5444 -698.206 10345.6 -215051
87 17108.1 21.9142 -746.512 10532.8 -251512
88 17269.4 23.3377 -792.628 10721.5 -289313
89 17427.8 24.7166 -833.747 10901.5 -326320
90 17583.6 25.9161 -866.88 11061.6 -359905
91 17737.2 26.8859 -889.465 11189.5 -387163
92 17889 27.4602 -901.501 11266.3 -403690
93 18039.8 26.1219 -915.042 11088.1 -365410
94 18193 24.3963 -985.013 10857.3 -316820
95 18349.4 17.4569 -1088.65 9896.6 -130244
96 18521 85.2927 -91.062 4489.11 6.71045e+06
97 18899.4 33.368 882.975 4347.66 1.23474e+07
98 19290.1 90.4847 -1984.62 4607.45 2.02706e+07
99 19658.8 86.074 202.658 4853.95 1.86598e+07
