NTS LL(mkm)  STRESS(GPa)   VEL(m / s)  DENS(kg/m3)  ENERGY(J) 
0 1000.02 12.7852 400 9507.38 -68053.9
1 1178.69 12.7851 399.965 9507.38 -68181
2 1357.35 12.785 399.93 9507.37 -68191.9
3 1536.01 12.7849 399.895 9507.36 -68202.4
4 1714.67 12.7846 399.86 9507.35 -68221.7
5 1893.33 12.7844 399.824 9507.33 -68223.2
6 2071.99 12.7841 399.788 9507.31 -68223.7
7 2250.66 12.7838 399.752 9507.29 -68221
8 2429.32 12.7833 399.715 9507.26 -68219.8
9 2607.98 12.7829 399.678 9507.23 -68221.8
10 2786.65 12.7824 399.64 9507.2 -68217.2
11 2965.31 12.7817 399.601 9507.16 -68213
12 3143.98 12.7811 399.561 9507.11 -68205.9
13 3322.64 12.7803 399.52 9507.06 -68200.1
14 3501.31 12.7794 399.477 9507 -68193.2
15 3679.98 12.7783 399.431 9506.93 -68186.5
16 3858.65 12.777 399.383 9506.84 -68175.2
17 4037.32 12.7754 399.33 9506.74 -68161.1
18 4215.99 12.7734 399.271 9506.6 -68140.7
19 4394.67 12.7708 399.203 9506.42 -68117.5
20 4573.35 12.7673 399.121 9506.19 -68084.7
21 4752.03 12.7626 399.02 9505.88 -68041.3
22 4930.72 12.7561 398.892 9505.45 -67983
23 5109.42 12.7474 398.726 9504.86 -67900.4
24 5288.13 12.7355 398.507 9504.07 -67789.2
25 5466.85 12.7193 398.215 9502.99 -67637.5
26 5645.59 12.6974 397.823 9501.53 -67431.8
27 5824.37 12.6681 397.3 9499.57 -67158.1
28 6003.17 12.6292 396.601 9496.98 -66794.9
29 6182.03 12.5781 395.675 9493.57 -66319.9
30 6360.95 12.5115 394.455 9489.14 -65702.6
31 6539.96 12.4255 392.863 9483.43 -64911.3
32 6719.07 12.3158 390.802 9476.14 -63908.6
33 6898.32 12.1771 388.159 9466.94 -62653.4
34 7077.74 12.0031 384.799 9455.43 -61098.6
35 7257.39 11.7869 380.567 9441.16 -59198.2
36 7437.3 11.5204 375.281 9423.63 -56901.9
37 7617.55 11.1945 368.736 9402.27 -54165.9
38 7798.21 10.7989 360.698 9376.47 -50947.4
39 7979.36 10.3216 350.904 9345.52 -47218.5
40 8161.12 9.74907 339.062 9308.66 -42967.8
41 8343.59 9.06603 324.848 9265.03 -38210.5
42 8526.93 8.25454 307.901 9213.72 -33006.8
43 8711.28 7.29528 287.805 9153.75 -27481.5
44 8896.85 6.16749 264.063 9084.2 -21856.1
45 9083.83 4.85131 236.1 9004.31 -16481
46 9272.48 3.53725 203.414 8913.55 -11837.8
47 9463.04 3.01344 168.457 8832.29 -8458.4
48 9655.36 2.57371 139.132 8766.66 -6092
49 9849.11 2.09407 114.564 8697.65 -3979.86
50 10044.4 2.05471 92.914 8692.11 -3828.79
51 10239.8 1.35301 79.2033 8599.73 -1705.13
52 10437.3 1.7958 63.2464 8656.07 -2907.28
53 10633.6 1.73394 55.1845 8647.57 -2706.73
54 10830 1.69582 47.1859 8642.36 -2587.28
55 11026.5 1.67619 39.6603 8639.67 -2527.32
56 11223.1 1.6736 32.632 8639.32 -2519.04
57 11419.8 1.68464 25.8276 8640.83 -2553.15
58 11616.3 1.71035 18.879 8644.34 -2632.08
59 11812.8 1.75105 11.4129 8649.92 -2761.29
60 12009.2 1.80839 2.98962 8657.8 -2948.28
61 12205.4 1.89487 -6.94996 8669.77 -3243.25
62 12401.3 2.00681 -19.0193 8685.38 -3647.31
63 12596.9 2.17781 -34.1721 8709.51 -4314.15
64 12791.9 2.39088 -53.3234 8740.04 -5229.13
65 12986.3 2.71489 -78.1117 8787.48 -6804.68
66 13179.6 3.13541 -109.953 8850.91 -9188.25
67 13371.5 3.78684 -151.284 8940.68 -13069.7
68 13561.5 5.60855 -204.365 9050.1 -19406.9
69 13749.2 7.46275 -257.775 9164.16 -28380.9
70 13934.5 9.30392 -310.162 9280.18 -39802.4
71 14117.5 11.0892 -360.237 9395.39 -53261.8
72 14298.3 12.7836 -407.126 9507.28 -68201.8
73 14477 14.3583 -450.159 9613.55 -83971.4
74 14653.7 15.7895 -488.786 9712.11 -99873.2
75 14828.6 16.8692 -522.531 9801.7 -115311
76 15001.9 17.4791 -552.722 9898.21 -132393
77 15173.5 18.169 -586.811 10010.7 -152612
78 15343.2 19.039 -623.623 10137.3 -175822
79 15510.7 20.0254 -662.023 10274.8 -201585
80 15676 21.0657 -700.639 10418.8 -229211
81 15839.1 22.1506 -738.02 10564 -257723
82 15999.9 23.2504 -773.041 10705.5 -286114
83 16158.5 24.2511 -805.061 10839.2 -313444
84 16315.2 25.1619 -833.986 10962.5 -339088
85 16470.2 26.0356 -860.23 11075.2 -362838
86 16623.6 26.7984 -884.625 11178.8 -384942
87 16775.5 27.5125 -907.858 11276.2 -405918
88 16926.1 28.2031 -929.794 11369.2 -426108
89 17075.5 28.8517 -949.105 11456.5 -445237
90 17223.8 29.3011 -962.945 11520 -459200
91 17371.3 29.284 -968.978 11518.4 -458812
92 17518.7 26.0566 -951.625 11079.6 -363601
93 17672 17.9519 -738.79 9975.67 -145753
94 17842.3 52.6424 -783.777 5825.23 1.38069e+06
95 18133.9 75.9976 1087.68 4430.23 1.09717e+07
96 18517.3 90.5626 1017.77 4639.98 1.87752e+07
97 18883.4 81.2859 879.176 4457.46 2.92217e+07
98 19264.5 75.6577 539.917 4428.8 3.65407e+07
99 19648 89.8992 134.012 4703.13 3.04813e+07
