NTS LL(mkm)  STRESS(GPa)   VEL(m / s)  DENS(kg/m3)  ENERGY(J) 
0 599.855 12.7419 400 9504.5 -67646.4
1 778.57 12.7417 399.916 9504.48 -67772
2 957.286 12.7413 399.832 9504.45 -67779.4
3 1136 12.7405 399.746 9504.4 -67784.2
4 1314.72 12.7393 399.657 9504.32 -67794.4
5 1493.44 12.7376 399.562 9504.21 -67781.6
6 1672.16 12.7348 399.457 9504.02 -67759.1
7 1850.88 12.7306 399.335 9503.74 -67719.5
8 2029.61 12.7238 399.183 9503.29 -67658.9
9 2208.35 12.7133 398.983 9502.59 -67566.6
10 2387.1 12.697 398.705 9501.5 -67414.4
11 2565.87 12.6724 398.306 9499.86 -67184.5
12 2744.68 12.6356 397.725 9497.41 -66840.4
13 2923.53 12.5822 396.88 9493.84 -66343.4
14 3102.44 12.506 395.66 9488.77 -65639
15 3281.45 12.3999 393.924 9481.72 -64666
16 3460.6 12.2552 391.497 9472.12 -63348.8
17 3639.92 12.0619 388.167 9459.32 -61612.9
18 3819.49 11.8087 383.683 9442.59 -59377.3
19 3999.38 11.4828 377.757 9421.16 -56572.9
20 4179.68 11.0705 370.065 9394.17 -53135
21 4360.49 10.557 360.25 9360.76 -49028.5
22 4541.95 9.9265 347.923 9320.05 -44252.9
23 4724.2 9.1627 332.67 9271.18 -38856.8
24 4907.42 8.24781 314.058 9213.29 -32960.8
25 5091.78 7.16302 291.643 9145.54 -26769.4
26 5277.51 5.88808 264.938 9067.12 -20604.3
27 5464.85 4.4017 233.313 8977.32 -14937
28 5654.06 3.33065 195.95 8881.1 -10429.4
29 5845.32 2.80231 160.374 8800.49 -7269.01
30 6038.33 2.35567 130.813 8734.96 -5071.48
31 6232.79 1.97836 106.17 8681.4 -3541.7
32 6428.45 1.65857 85.853 8637.27 -2472.16
33 6625.11 1.35766 69.5597 8600.06 -1712.32
34 6822.62 2.22331 55.3109 8587.06 -1435.02
35 7020.43 2.14307 54.2536 8583.61 -1332.94
36 7218.31 2.04195 52.6252 8579.28 -1209.7
37 7416.3 1.92696 50.3684 8574.35 -1076.88
38 7614.41 1.80152 47.7287 8568.98 -940.838
39 7812.63 1.66809 44.8127 8563.29 -806.258
40 8010.99 1.52932 41.6768 8557.37 -677.362
41 8209.49 1.38804 38.3813 8551.37 -557.717
42 8408.12 1.24705 34.9938 8545.39 -449.943
43 8606.9 1.10893 31.5829 8539.54 -355.622
44 8805.81 0.976004 28.2138 8533.92 -275.338
45 9004.85 0.85017 24.9458 8528.61 -208.818
46 9204.01 0.732925 21.8293 8523.67 -155.13
47 9403.29 0.625361 18.9053 8519.15 -112.89
48 9602.68 0.528103 16.2044 8515.07 -80.4772
49 9802.16 0.44143 13.7465 8511.44 -56.2066
50 10001.7 0.365211 11.5417 8508.24 -38.463
51 10201.4 0.299112 9.59149 8505.48 -25.7929
52 10401.1 0.24253 7.88954 8503.11 -16.9525
53 10600.8 0.194718 6.42355 8501.12 -10.9232
54 10800.6 0.154785 5.17665 8499.45 -6.90213
55 11000.5 0.121899 4.12897 8498.08 -4.27921
56 11200.4 0.0951268 3.25885 8496.96 -2.60532
57 11400.3 0.0736126 2.54397 8496.07 -1.56007
58 11600.2 0.0565832 1.96226 8495.36 -0.921397
59 11800.2 0.0433055 1.49246 8494.8 -0.539642
60 12000.1 0.0331682 1.11466 8494.38 -0.316618
61 12200.1 0.0256822 0.810239 8494.07 -0.189622
62 12400.1 0.020399 0.562034 8493.85 -0.119761
63 12600 0.017074 0.35391 8493.71 -0.0838744
64 12800 0.0155237 0.170584 8493.65 -0.0692625
65 13000 0.0156869 -0.00307527 8493.65 -0.0707232
66 13200 0.0176452 -0.182657 8493.73 -0.0895951
67 13400 0.0216433 -0.384858 8493.9 -0.134831
68 13599.9 0.0280687 -0.628459 8494.17 -0.226706
69 13799.9 0.0374924 -0.934989 8494.56 -0.4042
70 13999.9 0.0506481 -1.3298 8495.11 -0.738102
71 14199.8 0.0685753 -1.84285 8495.86 -1.3528
72 14399.8 0.0924759 -2.50943 8496.85 -2.46109
73 14599.7 0.123898 -3.37115 8498.16 -4.41821
74 14799.6 0.164631 -4.47636 8499.86 -7.8031
75 14999.4 0.216791 -5.88076 8502.04 -13.5369
76 15199.2 0.282874 -7.64797 8504.8 -23.0523
77 15398.9 0.365639 -9.84991 8508.26 -38.5285
78 15598.5 0.468242 -12.5673 8512.56 -63.2136
79 15798.1 0.594235 -15.8901 8517.84 -101.856
80 15997.5 0.747523 -19.9187 8524.29 -161.277
81 16196.8 0.932477 -24.7641 8532.08 -251.125
82 16395.9 1.1539 -30.5485 8541.44 -384.842
83 16594.7 1.41682 -37.3961 8552.59 -580.712
84 16793.3 1.72535 -45.3861 8565.73 -862.046
85 16991.6 2.08083 -54.4951 8580.94 -1255.33
86 17189.6 1.44876 -65.1079 8608.96 -1881.49
87 17386.9 1.86378 -93.1318 8665.46 -3135.38
88 17582.9 2.47033 -134.225 8751.56 -5589.16
89 17777 3.3424 -194.962 8882.93 -10495.1
90 17968.2 5.95576 -281.863 9071.25 -20862.6
91 18155.5 9.50979 -384.221 9293.33 -41170.8
92 18338.2 13.2612 -486.59 9539.27 -72681
93 18516.3 16.8054 -578.005 9788.94 -112910
94 18689.8 18.4577 -646.266 10054.2 -160337
95 18858.8 20.4392 -699.925 10330.7 -211979
96 19023.2 19.8798 -720.393 10253.4 -197173
97 19188.9 7.33357 -475.732 9156.13 -26484.4
98 19374.4 22.6486 -504.862 7071.92 273751
99 19614.6 52.2774 274.696 4370.62 9.93645e+06
