NTS LL(mkm)  STRESS(GPa)   VEL(m / s)  DENS(kg/m3)  ENERGY(J) 
0 600.088 12.7419 400 9504.5 -67646.8
1 778.803 12.7418 399.916 9504.49 -67772.3
2 957.519 12.7412 399.832 9504.45 -67779.8
3 1136.24 12.7405 399.746 9504.4 -67784.6
4 1314.95 12.7394 399.657 9504.33 -67794.8
5 1493.67 12.7376 399.562 9504.21 -67782
6 1672.39 12.7349 399.457 9504.03 -67759.6
7 1851.12 12.7306 399.335 9503.74 -67720.2
8 2029.85 12.7239 399.184 9503.3 -67659.8
9 2208.58 12.7134 398.984 9502.6 -67567.8
10 2387.33 12.6972 398.707 9501.52 -67416.1
11 2566.11 12.6727 398.309 9499.88 -67187
12 2744.91 12.636 397.73 9497.43 -66844
13 2923.76 12.5827 396.888 9493.88 -66348.7
14 3102.67 12.5067 395.671 9488.83 -65646.4
15 3281.68 12.401 393.941 9481.79 -64676.3
16 3460.83 12.2567 391.522 9472.22 -63362.8
17 3640.15 12.064 388.201 9459.45 -61631.4
18 3819.72 11.8114 383.73 9442.78 -59401.3
19 3999.6 11.4863 377.82 9421.39 -56603.2
20 4179.89 11.075 370.148 9394.47 -53172.2
21 4360.7 10.5627 360.357 9361.13 -49073
22 4542.15 9.93355 348.059 9320.5 -44304.8
23 4724.4 9.17132 332.839 9271.73 -38915.3
24 4907.6 8.25821 314.267 9213.94 -33024.2
25 5091.95 7.17534 291.897 9146.3 -26835
26 5277.66 5.90269 265.239 9068.02 -20668.1
27 5464.98 4.41892 233.664 8978.36 -14993.3
28 5654.17 3.33683 196.366 8882.06 -10470.1
29 5845.41 2.80757 160.721 8801.27 -7297.46
30 6038.4 2.36014 131.102 8735.61 -5091.41
31 6232.85 1.98213 106.419 8681.93 -3555.5
32 6428.5 1.66163 86.0738 8637.69 -2481.45
33 6625.15 1.36271 69.7193 8600.42 -1718.97
34 6822.65 2.22396 55.3781 8587.09 -1435.85
35 7020.46 2.14402 54.2653 8583.66 -1334.13
36 7218.35 2.04326 52.6426 8579.33 -1211.28
37 7416.33 1.92852 50.3973 8574.42 -1078.62
38 7614.43 1.80324 47.7641 8569.06 -942.639
39 7812.66 1.66995 44.8524 8563.37 -808.052
40 8011.02 1.53127 41.72 8557.46 -679.09
41 8209.51 1.39005 38.4273 8551.45 -559.329
42 8408.14 1.24906 35.0415 8545.47 -451.402
43 8606.91 1.11092 31.6314 8539.62 -356.903
44 8805.82 0.977934 28.2622 8534 -276.432
45 9004.86 0.851999 24.9931 8528.69 -209.728
46 9204.02 0.734654 21.8748 8523.75 -155.865
47 9403.3 0.626968 18.9484 8519.22 -113.47
48 9602.69 0.529569 16.2444 8515.13 -80.9227
49 9802.17 0.442733 13.7832 8511.49 -56.5407
50 10001.7 0.366372 11.5749 8508.29 -38.7075
51 10201.4 0.30013 9.62102 8505.52 -25.9677
52 10401.1 0.243406 7.91546 8503.15 -17.0746
53 10600.8 0.195451 6.446 8501.15 -11.0066
54 10800.6 0.155417 5.19584 8499.48 -6.95784
55 11000.5 0.122409 4.14515 8498.1 -4.31565
56 11200.4 0.0955551 3.27232 8496.98 -2.62869
57 11400.3 0.0739592 2.55503 8496.08 -1.57479
58 11600.2 0.0568483 1.97119 8495.37 -0.930533
59 11800.2 0.0435298 1.49956 8494.81 -0.545266
60 12000.1 0.0333517 1.12016 8494.39 -0.320089
61 12200.1 0.025825 0.814358 8494.07 -0.191814
62 12400.1 0.0205214 0.564952 8493.85 -0.121221
63 12600 0.017176 0.355735 8493.72 -0.0849511
64 12800 0.0156257 0.171382 8493.65 -0.0701899
65 13000 0.0157889 -0.00329471 8493.66 -0.0716923
66 13200 0.0177676 -0.183953 8493.74 -0.0908226
67 13400 0.0218065 -0.387372 8493.91 -0.136645
68 13599.9 0.0282523 -0.6324 8494.18 -0.229665
69 13799.9 0.0377167 -0.940658 8494.57 -0.409291
70 13999.9 0.050954 -1.33757 8495.12 -0.747038
71 14199.8 0.0689627 -1.85323 8495.87 -1.36852
72 14399.8 0.0929857 -2.52302 8496.87 -2.48849
73 14599.7 0.12455 -3.38865 8498.19 -4.46528
74 14799.6 0.165467 -4.49859 8499.9 -7.88257
75 14999.4 0.21785 -5.90866 8502.08 -13.6686
76 15199.2 0.284178 -7.68264 8504.85 -23.2663
77 15398.9 0.367248 -9.89253 8508.33 -38.8699
78 15598.5 0.470216 -12.6192 8512.64 -63.7481
79 15798.1 0.596616 -15.9528 8517.94 -102.678
80 15997.5 0.75039 -19.9938 8524.41 -162.521
81 16196.8 0.93591 -24.8535 8532.23 -252.978
82 16395.8 1.15796 -30.6538 8541.61 -387.556
83 16594.7 1.42155 -37.5178 8552.79 -584.598
84 16793.3 1.73073 -45.5228 8565.96 -867.445
85 16991.6 2.08711 -54.6585 8581.21 -1262.94
86 17189.5 1.45411 -65.3716 8609.67 -1895.48
87 17386.8 1.87144 -93.6349 8666.52 -3161.73
88 17582.8 2.48133 -134.975 8753.16 -5640.75
89 17776.9 3.35749 -195.983 8885.29 -10595
90 17968 6.00306 -283.186 9074.14 -21071.7
91 18155.2 9.55717 -385.44 9296.36 -41504.5
92 18338 13.3035 -487.574 9542.12 -73096
93 18516 16.8371 -578.582 9791.18 -113302
94 18689.4 18.4823 -646.43 10056.1 -160675
95 18858.4 20.4483 -699.689 10331.5 -212121
96 19022.8 19.8093 -719.636 10244.5 -195496
97 19188.6 7.34884 -472.233 9157.08 -26567.7
98 19374.1 22.8702 -509.312 7058.68 279744
99 19614.7 53.254 256.951 4372.2 9.93214e+06
