NTS LL(mkm)  STRESS(GPa)   VEL(m / s)  DENS(kg/m3)  ENERGY(J) 
0 800.007 12.7682 400 9506.25 -67893.7
1 978.69 12.7681 399.948 9506.24 -68020.5
2 1157.37 12.7679 399.896 9506.23 -68030.6
3 1336.05 12.7676 399.844 9506.21 -68040.1
4 1514.74 12.7673 399.791 9506.19 -68057.8
5 1693.42 12.7668 399.738 9506.16 -68057.3
6 1872.11 12.7662 399.683 9506.12 -68055.1
7 2050.79 12.7655 399.628 9506.07 -68049.1
8 2229.48 12.7647 399.571 9506.02 -68043.5
9 2408.16 12.7635 399.511 9505.94 -68039.5
10 2586.85 12.7622 399.447 9505.85 -68026.5
11 2765.54 12.7603 399.378 9505.72 -68010.2
12 2944.23 12.7577 399.3 9505.55 -67985.4
13 3122.93 12.7541 399.208 9505.31 -67953.2
14 3301.63 12.749 399.095 9504.97 -67906.9
15 3480.34 12.7418 398.951 9504.49 -67841.9
16 3659.05 12.7314 398.76 9503.79 -67744.8
17 3837.78 12.7165 398.501 9502.8 -67606.3
18 4016.53 12.6956 398.144 9501.41 -67408.4
19 4195.3 12.6663 397.65 9499.45 -67135.5
20 4374.11 12.6259 396.967 9496.76 -66758
21 4552.97 12.5708 396.028 9493.09 -66246.3
22 4731.9 12.4968 394.75 9488.16 -65563.1
23 4910.93 12.3987 393.03 9481.64 -64660.8
24 5090.07 12.2705 390.741 9473.13 -63493.4
25 5269.38 12.1051 387.735 9462.17 -62004
26 5448.89 11.8944 383.834 9448.25 -60134.6
27 5628.67 11.6291 378.836 9430.77 -57828.7
28 5808.79 11.299 372.507 9409.11 -55030.5
29 5989.31 10.8924 364.585 9382.56 -51695.5
30 6170.35 10.3967 354.773 9350.38 -47792.1
31 6352.01 9.79769 342.745 9311.78 -43316.7
32 6534.43 9.07983 328.138 9265.91 -38301.1
33 6717.74 8.22552 310.558 9211.89 -32828.1
34 6902.14 7.21553 289.562 9148.8 -27051.5
35 7087.8 6.02779 264.629 9075.65 -21224.1
36 7274.96 4.64045 235.109 8991.63 -15738.3
37 7463.87 3.43913 200.338 8898.08 -11157.7
38 7654.76 2.9135 165.118 8817.17 -7883.05
39 7847.41 2.46546 135.766 8750.85 -5572.61
40 8041.52 2.08281 111.296 8696.07 -3936.89
41 8236.85 1.75741 90.829 8650.79 -2781.39
42 8433.2 1.48004 73.382 8613.15 -1964.35
43 8630.41 2.27272 57.6662 8589.19 -1500.04
44 8828.17 2.22093 55.261 8586.96 -1432.23
45 9025.98 2.16525 53.9031 8584.57 -1361.06
46 9223.85 2.0996 52.62 8581.75 -1279.49
47 9421.78 2.02382 51.0911 8578.5 -1188.5
48 9619.79 1.93914 49.2793 8574.87 -1090.81
49 9817.88 1.84687 47.2062 8570.92 -989.155
50 10016.1 1.74846 44.893 8566.72 -886.257
51 10214.3 1.64561 42.3595 8562.33 -784.788
52 10412.7 1.54026 39.6276 8557.84 -687.261
53 10611.2 1.43448 36.7208 8553.34 -595.873
54 10809.8 1.33046 33.6632 8548.92 -512.4
55 11008.5 1.2305 30.4765 8544.68 -438.144
56 11207.3 1.13694 27.1788 8540.72 -373.915
57 11406.2 1.05209 23.7824 8537.13 -320.08
58 11605.1 0.978259 20.2929 8534.01 -276.648
59 11804.2 0.917728 16.7076 8531.46 -243.402
60 12003.3 0.872685 13.0154 8529.56 -220.051
61 12202.4 0.845314 9.1966 8528.41 -206.423
62 12401.6 0.837632 5.2241 8528.08 -202.664
63 12600.7 0.851532 1.06492 8528.67 -209.445
64 12799.9 0.888717 -3.31679 8530.24 -228.154
65 12999 0.950555 -7.95578 8532.84 -261.056
66 13198.1 1.03796 -12.8805 8536.54 -311.361
67 13397.1 1.15119 -18.1068 8541.32 -383.151
68 13596 1.28962 -23.6299 8547.19 -481.085
69 13794.7 1.4515 -29.4161 8554.06 -609.782
70 13993.3 1.63344 -35.3904 8561.81 -772.734
71 14191.7 1.8301 -41.4223 8570.2 -970.673
72 14389.8 2.03449 -47.3541 8578.96 -1200.45
73 14587.8 2.24348 -53.2348 8587.93 -1460.81
74 14785.6 1.49619 -59.9361 8615.31 -2006.46
75 14982.8 1.82913 -81.7489 8660.66 -3016.14
76 15178.9 2.27117 -109.095 8722.83 -4702.66
77 15373.7 2.84987 -144.955 8807.61 -7526.73
78 15566.5 3.59959 -192.165 8923.43 -12274.3
79 15756.9 5.84649 -253.703 9064.59 -20410.8
80 15944.3 8.17506 -316.467 9208.72 -32492.1
81 16128.7 10.4461 -377.123 9353.58 -48130.9
82 16310.3 12.6192 -434.237 9496.31 -66641.6
83 16489.2 14.6477 -486.599 9633.33 -87044
84 16665.5 16.4883 -533.182 9760.92 -108157
85 16839.5 17.3982 -573.383 9888.21 -130582
86 17011.3 18.3591 -616.357 10039.4 -157795
87 17180.5 19.5517 -663.538 10211.1 -189541
88 17346.8 20.9314 -713.696 10398.5 -225219
89 17510.2 22.3981 -765.535 10596.3 -264090
90 17670.5 23.9652 -817.679 10800.6 -305429
91 17827.8 25.4972 -867.544 11005.6 -348058
92 17982.1 26.9532 -910.377 11200.9 -389585
93 18133.8 28.1905 -938.935 11365.5 -425185
94 18283.2 27.037 -945.103 11208.7 -391124
95 18434.7 17.4322 -793.068 9890.67 -130266
96 18606.5 15.4613 -507.746 7559.62 101229
97 18831.2 23.5205 -482.159 4339.05 8.09419e+06
98 19222.6 15.0302 -626.664 4332.64 1.73532e+07
99 19614.7 -8.08548 35.5931 4319.59 1.76175e+07
