NTS LL(mkm)  STRESS(GPa)   VEL(m / s)  DENS(kg/m3)  ENERGY(J) 
0 842.562 12.7723 400 9506.53 -67933.4
1 1021.24 12.7723 399.953 9506.52 -68060.3
2 1199.92 12.7721 399.905 9506.51 -68070.6
3 1378.59 12.7719 399.857 9506.5 -68080.4
4 1557.27 12.7716 399.809 9506.48 -68098.5
5 1735.95 12.7712 399.761 9506.45 -68098.7
6 1914.63 12.7708 399.711 9506.42 -68097.3
7 2093.31 12.7701 399.661 9506.38 -68092.5
8 2271.99 12.7694 399.61 9506.33 -68088.4
9 2450.67 12.7686 399.557 9506.28 -68086.8
10 2629.35 12.7675 399.501 9506.21 -68077.3
11 2808.03 12.7662 399.443 9506.12 -68066.3
12 2986.72 12.7645 399.38 9506 -68049.7
13 3165.41 12.7622 399.309 9505.85 -68029.8
14 3344.1 12.7592 399.226 9505.65 -68002.4
15 3522.79 12.7549 399.127 9505.36 -67965.3
16 3701.49 12.7488 399.003 9504.96 -67909.2
17 3880.2 12.7403 398.84 9504.39 -67829.6
18 4058.91 12.7282 398.624 9503.58 -67714.8
19 4237.65 12.7113 398.329 9502.45 -67557.2
20 4416.4 12.6877 397.925 9500.88 -67336.1
21 4595.18 12.6552 397.371 9498.71 -67032.8
22 4774.01 12.6109 396.613 9495.76 -66621.8
23 4952.89 12.5514 395.583 9491.8 -66068.2
24 5131.84 12.4723 394.198 9486.54 -65338.6
25 5310.89 12.3687 392.353 9479.65 -64388.1
26 5490.08 12.2346 389.925 9470.75 -63168.2
27 5669.43 12.063 386.766 9459.38 -61627.9
28 5849 11.8459 382.703 9445.05 -59710.5
29 6028.84 11.5745 377.537 9427.18 -57362
30 6209.02 11.2386 371.04 9405.15 -54528.4
31 6389.62 10.8267 362.954 9378.28 -51167.9
32 6570.74 10.3263 352.991 9345.83 -47253.2
33 6752.49 9.72345 340.825 9307.01 -42781.3
34 6935 9.00245 326.099 9260.99 -37783.8
35 7118.42 8.14553 308.418 9206.86 -32343.8
36 7302.91 7.13319 287.343 9143.69 -26614.1
37 7488.68 5.94259 262.355 9070.45 -20846.5
38 7675.94 4.5515 232.779 8986.3 -15435.8
39 7864.96 3.40948 197.886 8893.43 -10956.1
40 8055.96 2.89033 163.19 8813.68 -7753.59
41 8248.68 2.44862 134.276 8748.41 -5494.24
42 8442.84 2.07085 110.154 8694.38 -3890.36
43 8638.21 1.74944 89.9495 8649.7 -2755.65
44 8834.59 1.47676 72.6936 8612.71 -1955.32
45 9031.81 2.27538 57.1159 8589.3 -1503.61
46 9229.57 2.23403 54.81 8587.52 -1449.29
47 9427.36 2.18824 53.5305 8585.56 -1390.26
48 9625.21 2.13362 52.2833 8583.21 -1321.49
49 9823.11 2.07048 50.7547 8580.5 -1244.15
50 10021.1 2.00025 48.9072 8577.49 -1160.9
51 10219.1 1.92446 46.7527 8574.24 -1074.32
52 10417.2 1.84481 44.2979 8570.83 -986.96
53 10615.4 1.76328 41.5452 8567.35 -901.388
54 10813.6 1.68211 38.4973 8563.89 -820.077
55 11012 1.60384 35.1577 8560.55 -745.307
56 11210.4 1.53115 31.5295 8557.45 -679.073
57 11408.9 1.46684 27.615 8554.72 -623.064
58 11607.5 1.4138 23.4145 8552.46 -578.688
59 11806.1 1.37488 18.9268 8550.81 -547.16
60 12004.7 1.35281 14.1494 8549.87 -529.643
61 12203.4 1.34999 9.08017 8549.75 -527.405
62 12402.1 1.36854 3.72019 8550.54 -541.988
63 12600.7 1.40991 -1.92299 8552.3 -575.309
64 12799.3 1.47486 -7.82997 8555.06 -629.649
65 12997.9 1.56309 -13.9634 8558.81 -707.446
66 13196.3 1.67307 -20.26 8563.5 -810.79
67 13394.7 1.80156 -26.62 8568.98 -940.528
68 13592.9 1.94308 -32.8861 8575.04 -1094.66
69 13791 2.0883 -38.784 8581.26 -1265.06
70 13989 2.222 -43.868 8587.01 -1432.93
71 14186.8 1.38683 -48.0702 8602.15 -1750.78
72 14384.2 1.65571 -65.6985 8636.88 -2464.04
73 14580.9 2.00337 -87.621 8684.9 -3634.14
74 14776.5 2.46583 -116.776 8750.91 -5571.9
75 14970.6 3.06975 -154.944 8840.86 -8787.82
76 15162.7 4.15521 -204.72 8962.6 -14150.4
77 15352.2 6.4237 -266.501 9099.91 -23034.4
78 15538.9 8.64763 -326.107 9238.51 -35435.9
79 15722.8 10.7949 -383.19 9376.21 -50872.4
80 15903.9 12.8337 -436.731 9510.63 -68662.7
81 16082.5 14.7289 -485.753 9638.89 -87932.3
82 16258.7 16.4494 -529.513 9758.2 -107691
83 16432.8 17.3479 -567.617 9876.56 -128520
84 16604.8 18.2133 -608.337 10017.7 -153858
85 16774.4 19.3194 -653.449 10179.5 -183644
86 16941.2 20.616 -701.227 10357.4 -217330
87 17105.2 22.0194 -749.291 10544.6 -253830
88 17266.3 23.4315 -794.959 10732.3 -291506
89 17424.6 24.7865 -835.379 10910.5 -328182
90 17580.3 25.9842 -867.714 11067.9 -361239
91 17733.7 26.8983 -889.854 11193.1 -387952
92 17885.5 27.4843 -903.382 11271 -404706
93 18036.2 26.2717 -921.645 11107 -369439
94 18189.1 24.5724 -984.975 10880.7 -321663
95 18345.2 15.5754 -1054.68 9697.24 -95360.1
96 18520.4 80.1372 -243.616 4450.48 6.8713e+06
97 18902.1 81.2187 467.055 4457.01 1.20048e+07
98 19283.2 87.3145 -1583.31 4513.24 2.06752e+07
99 19659.5 85.8005 175.522 4862.4 1.8629e+07
