NTS LL(mkm)  STRESS(GPa)   VEL(m / s)  DENS(kg/m3)  ENERGY(J) 
0 843.231 12.7724 400 9506.53 -67934
1 1021.91 12.7723 399.953 9506.53 -68060.9
2 1200.59 12.7722 399.905 9506.52 -68071.2
3 1379.26 12.772 399.858 9506.5 -68081
4 1557.94 12.7717 399.809 9506.48 -68099.1
5 1736.62 12.7713 399.761 9506.46 -68099.3
6 1915.3 12.7708 399.712 9506.42 -68098
7 2093.98 12.7702 399.662 9506.39 -68093.1
8 2272.66 12.7695 399.61 9506.34 -68089.1
9 2451.34 12.7686 399.557 9506.28 -68087.5
10 2630.02 12.7676 399.502 9506.21 -68078
11 2808.7 12.7663 399.444 9506.12 -68067.1
12 2987.39 12.7646 399.381 9506.01 -68050.6
13 3166.07 12.7624 399.31 9505.86 -68030.9
14 3344.76 12.7593 399.228 9505.66 -68003.6
15 3523.46 12.7551 399.129 9505.37 -67966.8
16 3702.16 12.749 399.006 9504.97 -67911.2
17 3880.86 12.7406 398.844 9504.41 -67832.3
18 4059.58 12.7286 398.629 9503.61 -67718.5
19 4238.31 12.7118 398.337 9502.49 -67562.2
20 4417.07 12.6884 397.937 9500.93 -67343
21 4595.85 12.6562 397.387 9498.78 -67042.2
22 4774.67 12.6122 396.635 9495.85 -66634.5
23 4953.55 12.5532 395.614 9491.92 -66085.2
24 5132.5 12.4748 394.239 9486.7 -65361.1
25 5311.55 12.3719 392.409 9479.86 -64417.6
26 5490.73 12.2388 389.999 9471.03 -63206.1
27 5670.08 12.0683 386.863 9459.74 -61676
28 5849.64 11.8528 382.829 9445.5 -59770.6
29 6029.47 11.5831 377.698 9427.75 -57435.8
30 6209.64 11.2493 371.244 9405.85 -54617.6
31 6390.23 10.8399 363.211 9379.14 -51273.9
32 6571.33 10.3425 353.308 9346.88 -47376.6
33 6753.06 9.74302 341.216 9308.27 -42922.1
34 6935.55 9.02588 326.574 9262.48 -37940.4
35 7118.93 8.17346 308.992 9208.62 -32512.7
36 7303.39 7.16631 288.029 9145.74 -26789.6
37 7489.12 5.98177 263.163 9072.84 -21019.7
38 7676.33 4.59769 233.727 8989.07 -15592.4
39 7865.3 3.42676 199.027 8896.14 -11073.1
40 8056.23 2.90508 164.161 8815.9 -7836.29
41 8248.91 2.46118 135.092 8750.23 -5552.69
42 8443.03 2.08157 110.837 8695.89 -3931.79
43 8638.36 1.75875 90.4998 8650.97 -2785.57
44 8834.71 1.48529 73.0958 8613.85 -1978.13
45 9031.9 2.27938 57.3824 8589.48 -1508.94
46 9229.66 2.23628 54.9344 8587.62 -1452.19
47 9427.45 2.19036 53.5797 8585.65 -1392.97
48 9625.3 2.1362 52.3152 8583.32 -1324.69
49 9823.19 2.07359 50.7915 8580.63 -1247.91
50 10021.1 2.00389 48.9518 8577.64 -1165.14
51 10219.2 1.9286 46.8033 8574.42 -1078.97
52 10417.3 1.84946 44.3525 8571.03 -991.966
53 10615.5 1.76844 41.6019 8567.57 -906.687
54 10813.7 1.68778 38.5539 8564.13 -825.62
55 11012.1 1.61 35.2117 8560.81 -751.051
56 11210.5 1.53777 31.5782 8557.73 -684.993
57 11409 1.47397 27.6554 8555.02 -629.152
58 11607.5 1.42142 23.4438 8552.79 -584.96
59 11806.1 1.38301 18.942 8551.15 -553.655
60 12004.7 1.36142 14.1478 8550.24 -536.426
61 12203.4 1.35911 9.05968 8550.14 -534.563
62 12402.1 1.37813 3.67931 8550.95 -549.629
63 12600.7 1.41994 -1.98479 8552.72 -583.547
64 12799.3 1.48528 -7.91197 8555.5 -638.595
65 12997.9 1.57379 -14.0633 8559.27 -717.174
66 13196.3 1.68384 -20.3732 8563.96 -821.3
67 13394.7 1.81216 -26.7387 8569.44 -951.663
68 13592.9 1.95303 -32.9955 8575.47 -1105.94
69 13790.9 2.09689 -38.8625 8581.63 -1275.52
70 13988.9 2.22927 -43.9345 8587.32 -1442.34
71 14186.7 1.40492 -48.32 8603.45 -1775.21
72 14384.1 1.66762 -66.3005 8638.51 -2500.14
73 14580.7 2.01889 -88.5366 8687.08 -3692.09
74 14776.3 2.48571 -117.95 8753.8 -5665.3
75 14970.3 3.09498 -156.465 8844.72 -8939.55
76 15162.4 4.2372 -206.747 8967.49 -14405
77 15351.8 6.50281 -268.56 9104.77 -23412.9
78 15538.3 8.72342 -328.094 9243.3 -35923
79 15722.1 10.8661 -385.022 9380.84 -51442.2
80 15903.2 12.899 -438.379 9514.99 -69282.4
81 16081.7 14.7872 -487.2 9642.89 -88566.8
82 16257.9 16.5003 -530.759 9761.76 -108308
83 16431.9 17.3459 -568.699 9880.48 -129217
84 16603.8 18.2731 -609.558 10022.1 -154669
85 16773.3 19.3823 -654.749 10184.4 -184554
86 16940 20.6395 -702.525 10362.5 -218306
87 17104 22.0439 -750.467 10549.5 -254819
88 17265 23.4842 -795.943 10736.9 -292437
89 17423.2 24.828 -836.069 10914.3 -328968
90 17578.8 25.9858 -868.069 11070.6 -361804
91 17732.2 26.9165 -890.11 11194.9 -388320
92 17884 27.509 -904.354 11273.4 -405219
93 18034.6 26.3244 -923.892 11114.5 -371032
94 18187.5 24.6254 -983.555 10888.1 -323193
95 18343.5 14.544 -1040.28 9626.23 -83801.3
96 18519.9 77.6572 -306.758 4437.6 6.92301e+06
97 18902.7 85.803 309.285 4494.37 1.18497e+07
98 19280.6 84.3001 -1432.51 4479.86 2.08175e+07
99 19659.8 85.6951 162.555 4865.59 1.86174e+07
