NTS LL(mkm)  STRESS(GPa)   VEL(m / s)  DENS(kg/m3)  ENERGY(J) 
0 841.223 12.7722 400 9506.52 -67932.2
1 1019.9 12.7722 399.952 9506.52 -68059.1
2 1198.58 12.772 399.905 9506.51 -68069.4
3 1377.26 12.7718 399.857 9506.49 -68079.2
4 1555.93 12.7715 399.809 9506.47 -68097.3
5 1734.61 12.7711 399.76 9506.44 -68097.4
6 1913.29 12.7706 399.71 9506.41 -68096.1
7 2091.97 12.77 399.66 9506.37 -68091.2
8 2270.65 12.7693 399.609 9506.32 -68087.1
9 2449.33 12.7684 399.555 9506.27 -68085.4
10 2628.01 12.7674 399.5 9506.2 -68075.8
11 2806.7 12.766 399.441 9506.11 -68064.7
12 2985.38 12.7643 399.377 9505.99 -68047.9
13 3164.07 12.762 399.306 9505.84 -68027.8
14 3342.76 12.7589 399.223 9505.63 -67999.9
15 3521.45 12.7545 399.123 9505.34 -67962.1
16 3700.15 12.7484 398.997 9504.93 -67905.1
17 3878.86 12.7397 398.832 9504.35 -67824.1
18 4057.58 12.7274 398.612 9503.53 -67707.4
19 4236.31 12.7102 398.313 9502.38 -67547
20 4415.07 12.6862 397.903 9500.78 -67322.2
21 4593.85 12.6532 397.339 9498.58 -67013.7
22 4772.68 12.6082 396.568 9495.58 -66596
23 4951.56 12.5476 395.522 9491.55 -66033.6
24 5130.52 12.4674 394.114 9486.21 -65292.9
25 5309.58 12.3622 392.24 9479.22 -64328.5
26 5488.77 12.2261 389.775 9470.19 -63091.5
27 5668.14 12.052 386.569 9458.66 -61530.7
28 5847.72 11.8321 382.448 9444.14 -59589.2
29 6027.58 11.5571 377.21 9426.04 -57212.9
30 6207.78 11.2169 370.626 9403.73 -54348.3
31 6388.41 10.8 362.436 9376.54 -50954.3
32 6569.56 10.2938 352.349 9343.73 -47004.6
33 6751.35 9.68406 340.038 9304.49 -42498.2
34 6933.91 8.95514 325.14 9257.99 -37469.4
35 7117.38 8.08919 307.26 9203.32 -32005
36 7301.95 7.06642 285.959 9139.55 -26263.1
37 7487.8 5.86367 260.725 9065.63 -20501.2
38 7675.17 4.45841 230.874 8980.72 -15124.9
39 7864.31 3.37515 195.605 8888.05 -10725.5
40 8055.42 2.86105 161.26 8809.28 -7590.74
41 8248.24 2.42369 132.655 8744.79 -5379.15
42 8442.48 2.04961 108.792 8691.39 -3808.93
43 8637.91 1.73105 88.8483 8647.17 -2697.04
44 8834.35 1.45993 71.8942 8610.45 -1910.69
45 9031.62 2.26808 56.5947 8588.99 -1493.94
46 9229.38 2.22996 54.5833 8587.35 -1443.98
47 9427.19 2.18407 53.446 8585.38 -1384.94
48 9625.03 2.12843 52.2228 8582.99 -1315.04
49 9822.94 2.0642 50.6798 8580.23 -1236.59
50 10020.9 1.99293 48.8159 8577.17 -1152.4
51 10218.9 1.91614 46.6495 8573.89 -1065.02
52 10417.1 1.83549 44.1866 8570.44 -976.975
53 10615.2 1.75296 41.4298 8566.91 -890.833
54 10813.5 1.67082 38.382 8563.4 -809.059
55 11011.9 1.59157 35.0475 8560.03 -733.908
56 11210.3 1.5179 31.43 8556.89 -667.346
57 11408.8 1.45263 27.5319 8554.11 -611.023
58 11607.4 1.39862 23.3539 8551.82 -566.302
59 11806 1.35873 18.8945 8550.12 -534.35
60 12004.7 1.33565 14.1506 8549.14 -516.279
61 12203.4 1.33188 9.11935 8548.98 -513.311
62 12402.1 1.34946 3.8004 8549.73 -526.95
63 12600.7 1.38995 -1.80051 8551.45 -559.089
64 12799.4 1.45411 -7.66655 8554.18 -612.021
65 12997.9 1.5418 -13.7635 8557.91 -688.247
66 13196.4 1.65155 -20.0322 8562.58 -790
67 13394.8 1.78031 -26.3787 8568.08 -918.408
68 13593 1.92302 -32.6595 8574.18 -1072.09
69 13791.1 2.07101 -38.6243 8580.52 -1244.12
70 13989.1 2.20837 -43.7767 8586.42 -1415.32
71 14186.9 1.35181 -47.6553 8599.64 -1704.38
72 14384.4 1.63235 -64.4555 8633.71 -2394.07
73 14581.2 1.97267 -85.7871 8680.61 -3521.01
74 14776.9 2.42653 -114.464 8745.2 -5389.78
75 14971.1 3.01995 -151.956 8833.28 -8492.53
76 15163.4 3.99145 -200.729 8952.84 -13656.6
77 15353.1 6.26514 -262.342 9090.18 -22289.6
78 15540 8.49537 -322.101 9228.89 -34470.3
79 15724 10.6518 -379.505 9366.91 -49738.2
80 15905.4 12.7024 -433.413 9501.86 -67425.1
81 16084.1 14.6114 -482.836 9630.85 -86662
82 16260.5 16.3471 -527.008 9751.02 -106455
83 16434.7 17.2986 -565.461 9868.77 -127137
84 16606.8 18.191 -605.878 10008.8 -152244
85 16776.5 19.2808 -650.834 10169.8 -181826
86 16943.6 20.5471 -698.641 10347.3 -215377
87 17107.7 21.9343 -746.904 10534.5 -251844
88 17269 23.3573 -792.964 10723.1 -289628
89 17427.4 24.7309 -833.988 10902.8 -326589
90 17583.2 25.9259 -866.995 11062.5 -360097
91 17736.7 26.8912 -889.504 11190 -387270
92 17888.5 27.4663 -901.729 11266.9 -403815
93 18039.3 26.1522 -916.093 11090.9 -366007
94 18192.4 24.4122 -985.336 10861.3 -317629
95 18348.8 17.2464 -1083.63 9865.04 -124620
96 18521 84.6219 -113.344 4482.79 6.73719e+06
97 18899.9 48.5362 824.245 4365.17 1.23165e+07
98 19289 90.3232 -1927.59 4592.46 2.03345e+07
99 19658.9 86.0217 198.751 4855.24 1.8655e+07
