NTS LL(mkm)  STRESS(GPa)   VEL(m / s)  DENS(kg/m3)  ENERGY(J) 
0 843.454 12.7724 400 9506.54 -67934.2
1 1022.13 12.7723 399.953 9506.53 -68061.1
2 1200.81 12.7722 399.905 9506.52 -68071.4
3 1379.49 12.772 399.858 9506.51 -68081.2
4 1558.16 12.7717 399.81 9506.48 -68099.3
5 1736.84 12.7713 399.761 9506.46 -68099.5
6 1915.52 12.7708 399.712 9506.43 -68098.2
7 2094.2 12.7702 399.662 9506.39 -68093.4
8 2272.88 12.7695 399.61 9506.34 -68089.3
9 2451.56 12.7686 399.558 9506.28 -68087.8
10 2630.24 12.7676 399.503 9506.21 -68078.3
11 2808.92 12.7663 399.444 9506.13 -68067.4
12 2987.61 12.7646 399.381 9506.01 -68050.9
13 3166.3 12.7624 399.31 9505.86 -68031.2
14 3344.99 12.7593 399.229 9505.66 -68004
15 3523.68 12.7551 399.13 9505.38 -67967.4
16 3702.38 12.7491 399.007 9504.98 -67911.9
17 3881.09 12.7406 398.846 9504.41 -67833.2
18 4059.8 12.7288 398.631 9503.62 -67719.7
19 4238.53 12.712 398.34 9502.5 -67563.9
20 4417.29 12.6886 397.94 9500.94 -67345.3
21 4596.07 12.6565 397.392 9498.8 -67045.3
22 4774.89 12.6127 396.642 9495.88 -66638.7
23 4953.77 12.5538 395.624 9491.96 -66090.9
24 5132.72 12.4756 394.253 9486.75 -65368.6
25 5311.77 12.373 392.427 9479.94 -64427.4
26 5490.95 12.2402 390.023 9471.12 -63218.7
27 5670.29 12.0702 386.895 9459.86 -61692
28 5849.85 11.855 382.87 9445.65 -59790.6
29 6029.68 11.586 377.752 9427.94 -57460.3
30 6209.85 11.2528 371.312 9406.09 -54647.3
31 6390.43 10.8443 363.296 9379.43 -51309.1
32 6571.53 10.3479 353.414 9347.22 -47417.6
33 6753.25 9.74951 341.345 9308.68 -42968.9
34 6935.73 9.0337 326.732 9262.98 -37992.4
35 7119.1 8.18274 309.183 9209.2 -32568.9
36 7303.55 7.17731 288.256 9146.42 -26848.1
37 7489.26 5.99478 263.431 9073.64 -21077.4
38 7676.46 4.61302 234.043 8989.99 -15644.7
39 7865.41 3.43254 199.407 8897.04 -11112.4
40 8056.32 2.91001 164.486 8816.64 -7864.04
41 8248.98 2.46538 135.365 8750.84 -5572.32
42 8443.09 2.08516 111.065 8696.4 -3945.71
43 8638.41 1.76187 90.6833 8651.4 -2795.64
44 8834.75 1.48815 73.2303 8614.23 -1985.8
45 9031.94 2.28077 57.4721 8589.54 -1510.79
46 9229.69 2.23704 54.9775 8587.65 -1453.19
47 9427.48 2.19108 53.5972 8585.68 -1393.88
48 9625.32 2.13705 52.3261 8583.36 -1325.76
49 9823.22 2.07462 50.8037 8580.68 -1249.16
50 10021.2 2.0051 48.9666 8577.7 -1166.55
51 10219.2 1.93 46.8201 8574.48 -1080.52
52 10417.3 1.85102 44.3706 8571.1 -993.636
53 10615.5 1.77016 41.6206 8567.64 -908.457
54 10813.7 1.68967 38.5726 8564.21 -827.473
55 11012.1 1.61204 35.2295 8560.9 -752.972
56 11210.5 1.54 31.5943 8557.83 -686.974
57 11409 1.47634 27.6687 8555.12 -631.192
58 11607.5 1.42398 23.4534 8552.89 -587.062
59 11806.1 1.38571 18.9468 8551.27 -555.834
60 12004.8 1.3643 14.1471 8550.36 -538.702
61 12203.4 1.36215 9.05272 8550.27 -536.966
62 12402.1 1.38133 3.66557 8551.08 -552.193
63 12600.7 1.42331 -2.00547 8552.87 -586.312
64 12799.3 1.48874 -7.93934 8555.65 -641.597
65 12997.9 1.57735 -14.0965 8559.42 -720.436
66 13196.3 1.68744 -20.4108 8564.11 -824.82
67 13394.6 1.81568 -26.778 8569.59 -955.385
68 13592.9 1.95634 -33.0315 8575.61 -1109.7
69 13790.9 2.09974 -38.8888 8581.75 -1279.01
70 13988.9 2.23175 -43.9598 8587.43 -1445.57
71 14186.7 1.41082 -48.4085 8603.89 -1783.53
72 14384.1 1.67163 -66.4992 8639.05 -2512.35
73 14580.7 2.0241 -88.8415 8687.81 -3711.62
74 14776.2 2.49238 -118.344 8754.77 -5696.79
75 14970.2 3.10344 -156.976 8846.01 -8990.74
76 15162.3 4.26453 -207.427 8969.12 -14491.1
77 15351.6 6.52917 -269.243 9106.39 -23540.1
78 15538.2 8.74861 -328.755 9244.9 -36086.1
79 15721.9 10.8898 -385.631 9382.38 -51632.4
80 15902.9 12.9206 -438.927 9516.44 -69489.1
81 16081.4 14.8066 -487.681 9644.22 -88778.1
82 16257.6 16.5172 -531.173 9762.95 -108513
83 16431.5 17.3641 -569.053 9881.8 -129450
84 16603.4 18.2454 -609.977 10023.6 -154941
85 16772.9 19.3604 -655.181 10186 -184858
86 16939.7 20.6622 -702.942 10364.2 -218631
87 17103.5 22.0637 -750.863 10551.2 -255148
88 17264.5 23.4714 -796.274 10738.4 -292746
89 17422.7 24.8145 -836.295 10915.5 -329228
90 17578.3 25.9954 -868.186 11071.5 -361992
91 17731.7 26.9227 -890.209 11195.5 -388447
92 17883.5 27.5176 -904.688 11274.2 -405397
93 18034.1 26.3501 -924.563 11116.9 -371542
94 18186.9 24.618 -982.92 10890.2 -323635
95 18342.9 14.2233 -1035.48 9604.35 -80367
96 18519.8 76.8052 -327.482 4433.71 6.93835e+06
97 18902.9 86.7468 260.592 4505.64 1.18019e+07
98 19279.9 83.0296 -1385.99 4469.54 2.08609e+07
99 19659.9 85.6737 157.802 4866.58 1.86138e+07
