NTS LL(mkm)  STRESS(GPa)   VEL(m / s)  DENS(kg/m3)  ENERGY(J) 
0 840.777 12.7722 400 9506.52 -67931.8
1 1019.45 12.7721 399.952 9506.51 -68058.7
2 1198.13 12.772 399.905 9506.5 -68069
3 1376.81 12.7718 399.857 9506.49 -68078.8
4 1555.49 12.7714 399.808 9506.47 -68096.9
5 1734.17 12.771 399.76 9506.44 -68097
6 1912.84 12.7706 399.71 9506.41 -68095.7
7 2091.52 12.7699 399.66 9506.37 -68090.8
8 2270.2 12.7692 399.608 9506.32 -68086.7
9 2448.89 12.7683 399.555 9506.26 -68085
10 2627.57 12.7673 399.499 9506.19 -68075.3
11 2806.25 12.766 399.44 9506.1 -68064.2
12 2984.94 12.7642 399.377 9505.99 -68047.3
13 3163.62 12.7619 399.305 9505.83 -68027.1
14 3342.31 12.7588 399.222 9505.62 -67999
15 3521.01 12.7544 399.121 9505.33 -67961.1
16 3699.71 12.7483 398.995 9504.92 -67903.7
17 3878.42 12.7395 398.829 9504.34 -67822.3
18 4057.13 12.7272 398.608 9503.51 -67704.9
19 4235.87 12.7098 398.307 9502.36 -67543.6
20 4414.62 12.6857 397.895 9500.75 -67317.5
21 4593.41 12.6525 397.328 9498.53 -67007.3
22 4772.24 12.6072 396.553 9495.51 -66587.3
23 4951.12 12.5464 395.501 9491.46 -66022
24 5130.08 12.4657 394.086 9486.1 -65277.5
25 5309.14 12.36 392.202 9479.07 -64308.5
26 5488.34 12.2232 389.724 9470 -63065.7
27 5667.71 12.0484 386.503 9458.42 -61498
28 5847.29 11.8274 382.362 9443.83 -59548.4
29 6027.15 11.5512 377.1 9425.65 -57162.8
30 6207.37 11.2095 370.487 9403.26 -54287.9
31 6388 10.791 362.262 9375.96 -50882.6
32 6569.17 10.2828 352.134 9343.02 -46921.2
33 6750.97 9.67081 339.773 9303.64 -42403.3
34 6933.55 8.93924 324.818 9256.98 -37364.1
35 7117.04 8.07024 306.871 9202.14 -31891.8
36 7301.63 7.04406 285.493 9138.17 -26146
37 7487.51 5.83717 260.177 9064.02 -20386.5
38 7674.91 4.42715 230.236 8978.85 -15022
39 7864.09 3.36377 194.845 8886.27 -10649.7
40 8055.24 2.85134 160.62 8807.83 -7537.21
41 8248.09 2.41541 132.119 8743.59 -5341.32
42 8442.36 2.04259 108.34 8690.4 -3782.2
43 8637.81 1.72499 88.4807 8646.34 -2677.86
44 8834.27 1.45438 71.6292 8609.71 -1896.1
45 9031.55 2.26587 56.4246 8588.89 -1491.02
46 9229.32 2.2287 54.5147 8587.3 -1442.35
47 9427.13 2.18268 53.4219 8585.32 -1383.19
48 9624.97 2.12669 52.2034 8582.91 -1312.88
49 9822.88 2.06209 50.6544 8580.14 -1234.06
50 10020.8 1.99049 48.7849 8577.07 -1149.56
51 10218.9 1.91335 46.6145 8573.77 -1061.92
52 10417 1.83237 44.149 8570.3 -973.654
53 10615.2 1.74952 41.3907 8566.76 -887.329
54 10813.5 1.66705 38.343 8563.24 -805.406
55 11011.8 1.58748 35.0102 8559.85 -730.135
56 11210.3 1.51348 31.3962 8556.7 -663.47
57 11408.8 1.44791 27.5036 8553.91 -607.05
58 11607.4 1.39359 23.3331 8551.6 -562.22
59 11806 1.35337 18.883 8549.9 -530.133
60 12004.7 1.32998 14.1504 8548.9 -511.884
61 12203.4 1.32586 9.13186 8548.73 -508.679
62 12402 1.34314 3.82669 8549.46 -522.008
63 12600.7 1.38332 -1.76004 8551.17 -553.758
64 12799.4 1.44722 -7.61226 8553.88 -606.224
65 12997.9 1.53471 -13.6968 8557.6 -681.924
66 13196.4 1.64438 -19.9558 8562.28 -783.139
67 13394.8 1.77321 -26.2972 8567.77 -911.082
68 13593.1 1.91627 -32.5815 8573.89 -1064.56
69 13791.2 2.06519 -38.569 8580.27 -1237.1
70 13989.2 2.20405 -43.758 8586.24 -1409.77
71 14187 1.34054 -47.5476 8598.83 -1689.7
72 14384.5 1.62469 -64.0244 8632.67 -2371.37
73 14581.3 1.96253 -85.1752 8679.19 -3484.09
74 14777 2.41357 -113.704 8743.32 -5330.42
75 14971.3 3.00356 -150.976 8830.79 -8396.48
76 15163.6 3.93698 -199.422 8949.6 -13496.8
77 15353.4 6.21218 -260.94 9086.94 -22045.1
78 15540.3 8.44443 -320.758 9225.67 -34151
79 15724.5 10.6039 -378.271 9363.8 -49361.7
80 15905.9 12.6584 -432.301 9498.93 -67013.2
81 16084.7 14.572 -481.856 9628.15 -86238.1
82 16261.1 16.3127 -526.168 9748.61 -106042
83 16435.3 17.2627 -564.742 9866.19 -126679
84 16607.5 18.1515 -605.051 10005.8 -151707
85 16777.3 19.2387 -649.967 10166.5 -181221
86 16944.3 20.5232 -697.77 10343.9 -214725
87 17108.6 21.928 -746.108 10531.2 -251180
88 17269.8 23.3535 -792.291 10720 -288997
89 17428.3 24.7021 -833.514 10900.2 -326051
90 17584.1 25.9047 -866.765 11060.7 -359713
91 17737.7 26.8807 -889.43 11189 -387058
92 17889.5 27.4545 -901.291 11265.8 -403571
93 18040.3 26.0913 -913.958 11085.3 -364807
94 18193.5 24.3499 -984.566 10853.2 -315968
95 18350 17.6337 -1093.74 9929.24 -136082
96 18521.1 85.9198 -68.6319 4495.67 6.68255e+06
97 18898.9 10.4695 936.783 4329.6 1.23575e+07
98 19291.2 90.5572 -2036.9 4622.95 2.02049e+07
99 19658.7 86.1122 206.659 4852.62 1.86646e+07
