NTS LL(mkm)  STRESS(GPa)   VEL(m / s)  DENS(kg/m3)  ENERGY(J) 
0 840.553 12.7722 400 9506.52 -67931.6
1 1019.23 12.7721 399.952 9506.51 -68058.5
2 1197.91 12.772 399.905 9506.5 -68068.8
3 1376.59 12.7717 399.857 9506.49 -68078.6
4 1555.26 12.7714 399.808 9506.47 -68096.7
5 1733.94 12.771 399.76 9506.44 -68096.8
6 1912.62 12.7705 399.71 9506.41 -68095.5
7 2091.3 12.7699 399.66 9506.37 -68090.5
8 2269.98 12.7692 399.608 9506.32 -68086.4
9 2448.66 12.7684 399.555 9506.26 -68084.7
10 2627.34 12.7673 399.499 9506.19 -68075.1
11 2806.03 12.766 399.44 9506.1 -68063.9
12 2984.71 12.7642 399.376 9505.99 -68047
13 3163.4 12.7619 399.305 9505.83 -68026.7
14 3342.09 12.7588 399.221 9505.62 -67998.6
15 3520.79 12.7544 399.121 9505.33 -67960.5
16 3699.49 12.7482 398.994 9504.91 -67903
17 3878.19 12.7394 398.828 9504.33 -67821.4
18 4056.91 12.7271 398.606 9503.5 -67703.6
19 4235.65 12.7096 398.305 9502.34 -67541.8
20 4414.4 12.6854 397.891 9500.73 -67315.1
21 4593.19 12.6521 397.323 9498.51 -67004.1
22 4772.02 12.6067 396.546 9495.48 -66582.9
23 4950.9 12.5457 395.491 9491.42 -66016.1
24 5129.86 12.4649 394.072 9486.04 -65269.8
25 5308.93 12.3589 392.183 9479 -64298.4
26 5488.12 12.2218 389.699 9469.9 -63052.7
27 5667.49 12.0465 386.469 9458.3 -61481.6
28 5847.08 11.8251 382.319 9443.67 -59527.9
29 6026.94 11.5483 377.045 9425.46 -57137.7
30 6207.16 11.2059 370.417 9403.02 -54257.6
31 6387.8 10.7865 362.175 9375.67 -50846.7
32 6568.97 10.2773 352.025 9342.66 -46879.4
33 6750.78 9.66413 339.641 9303.21 -42355.8
34 6933.37 8.93127 324.657 9256.47 -37311.4
35 7116.87 8.06078 306.676 9201.54 -31835.2
36 7301.47 7.03284 285.26 9137.47 -26087.5
37 7487.36 5.82393 259.902 9063.21 -20329.1
38 7674.78 4.41146 229.917 8977.91 -14970.6
39 7863.98 3.35811 194.465 8885.38 -10611.9
40 8055.15 2.84651 160.301 8807.1 -7510.58
41 8248.01 2.4113 131.852 8743 -5322.5
42 8442.3 2.03909 108.114 8689.91 -3768.92
43 8637.76 1.72197 88.2968 8645.93 -2668.35
44 8834.23 1.45162 71.4969 8609.34 -1888.86
45 9031.52 2.2648 56.3403 8588.85 -1489.62
46 9229.29 2.2281 54.4819 8587.27 -1441.56
47 9427.1 2.18201 53.4106 8585.29 -1382.32
48 9624.95 2.12582 52.1938 8582.87 -1311.8
49 9822.85 2.06104 50.6416 8580.09 -1232.79
50 10020.8 1.98925 48.7692 8577.02 -1148.15
51 10218.9 1.91196 46.5968 8573.71 -1060.37
52 10417 1.83081 44.1301 8570.24 -971.995
53 10615.2 1.7478 41.3711 8566.69 -885.579
54 10813.5 1.66517 38.3234 8563.16 -803.583
55 11011.8 1.58543 34.9914 8559.76 -728.253
56 11210.3 1.51129 31.3792 8556.61 -661.539
57 11408.8 1.44554 27.4894 8553.81 -605.07
58 11607.3 1.39108 23.3225 8551.5 -560.188
59 11806 1.3507 18.8772 8549.78 -528.035
60 12004.7 1.32714 14.1502 8548.78 -509.698
61 12203.3 1.32286 9.13802 8548.6 -506.375
62 12402 1.33997 3.83975 8549.33 -519.55
63 12600.7 1.38001 -1.73986 8551.03 -551.106
64 12799.4 1.4438 -7.58515 8553.74 -603.34
65 12998 1.53119 -13.6635 8557.45 -678.777
66 13196.4 1.64079 -19.9176 8562.12 -779.722
67 13394.8 1.76967 -26.2563 8567.62 -907.428
68 13593.1 1.91289 -32.542 8573.75 -1060.79
69 13791.2 2.06226 -38.5408 8580.15 -1233.58
70 13989.2 2.20193 -43.7508 8586.14 -1407.04
71 14187 1.33498 -47.5005 8598.43 -1682.51
72 14384.6 1.62089 -63.8047 8632.15 -2360.13
73 14581.3 1.95748 -84.8692 8678.49 -3465.76
74 14777.1 2.40712 -113.326 8742.39 -5300.99
75 14971.3 2.99539 -150.489 8829.55 -8348.88
76 15163.7 3.90978 -198.773 8947.98 -13417.8
77 15353.6 6.18571 -260.235 9085.31 -21923.5
78 15540.5 8.4189 -320.084 9224.07 -33991.9
79 15724.7 10.5799 -377.653 9362.25 -49173.8
80 15906.1 12.6364 -431.743 9497.46 -66807.3
81 16084.9 14.5523 -481.366 9626.8 -86026.1
82 16261.4 16.2955 -525.747 9747.41 -105835
83 16435.7 17.244 -564.388 9864.9 -126451
84 16607.8 18.1317 -604.636 10004.3 -151440
85 16777.6 19.2178 -649.533 10164.9 -180919
86 16944.7 20.502 -697.333 10342.2 -214399
87 17109 21.9078 -745.702 10529.5 -250847
88 17270.3 23.3355 -791.952 10718.4 -288681
89 17428.8 24.6876 -833.281 10898.9 -325781
90 17584.6 25.9231 -866.639 11059.8 -359519
91 17738.2 26.8756 -889.41 11188.5 -386954
92 17890 27.4492 -901.102 11265.3 -403461
93 18040.8 26.0869 -912.835 11082.4 -364199
94 18194.1 24.3301 -983.986 10848.9 -315072
95 18350.6 17.8794 -1098.9 9963 -142163
96 18521.1 86.2904 -46.1603 4499.92 6.66442e+06
97 18898.6 -2192.8 229.307 4315.69 1.07204e+07
98 19292.2 90.5672 -1328.02 4636.27 2.01488e+07
99 19658.6 86.152 210.78 4851.27 1.86696e+07
