NTS LL(mkm)  STRESS(GPa)   VEL(m / s)  DENS(kg/m3)  ENERGY(J) 
0 840.107 12.7721 400 9506.51 -67931.2
1 1018.78 12.7721 399.952 9506.51 -68058.1
2 1197.46 12.7719 399.905 9506.5 -68068.4
3 1376.14 12.7717 399.857 9506.48 -68078.1
4 1554.82 12.7714 399.808 9506.46 -68096.3
5 1733.5 12.771 399.759 9506.44 -68096.4
6 1912.18 12.7705 399.71 9506.4 -68095
7 2090.85 12.7699 399.659 9506.36 -68090.1
8 2269.54 12.7692 399.608 9506.32 -68086
9 2448.22 12.7683 399.554 9506.26 -68084.3
10 2626.9 12.7673 399.499 9506.19 -68074.6
11 2805.58 12.7659 399.44 9506.1 -68063.4
12 2984.27 12.7642 399.375 9505.98 -68046.4
13 3162.96 12.7619 399.304 9505.83 -68026
14 3341.65 12.7587 399.22 9505.61 -67997.8
15 3520.34 12.7542 399.119 9505.32 -67959.5
16 3699.04 12.748 398.991 9504.9 -67901.6
17 3877.75 12.7392 398.825 9504.32 -67819.5
18 4056.47 12.7267 398.602 9503.49 -67701.1
19 4235.2 12.7093 398.299 9502.32 -67538.4
20 4413.96 12.6849 397.883 9500.7 -67310.3
21 4592.74 12.6514 397.312 9498.46 -66997.6
22 4771.57 12.6058 396.531 9495.42 -66574.2
23 4950.46 12.5445 395.47 9491.34 -66004.4
24 5129.42 12.4632 394.043 9485.93 -65254.3
25 5308.49 12.3567 392.145 9478.85 -64278.2
26 5487.69 12.2189 389.648 9469.71 -63026.8
27 5667.06 12.0428 386.403 9458.05 -61448.7
28 5846.65 11.8204 382.232 9443.36 -59486.9
29 6026.52 11.5424 376.934 9425.07 -57087.3
30 6206.75 11.1986 370.277 9402.54 -54196.8
31 6387.4 10.7775 362 9375.08 -50774.7
32 6568.58 10.2663 351.808 9341.95 -46795.7
33 6750.41 9.65083 339.374 9302.36 -42260.6
34 6933 8.91532 324.333 9255.46 -37205.8
35 7116.53 8.04175 306.284 9200.35 -31721.8
36 7301.15 7.01033 284.791 9136.08 -25970.4
37 7487.07 5.79734 259.351 9061.59 -20214.6
38 7674.53 4.38005 229.277 8976.03 -14868.2
39 7863.76 3.34678 193.705 8883.61 -10536.9
40 8054.97 2.83683 159.664 8805.65 -7457.61
41 8247.87 2.40307 131.318 8741.81 -5285.05
42 8442.18 2.0321 107.663 8688.93 -3742.49
43 8637.67 1.71596 87.9287 8645.11 -2649.45
44 8834.15 1.44612 71.233 8608.6 -1874.49
45 9031.46 2.26277 56.173 8588.76 -1486.93
46 9229.23 2.22691 54.4191 8587.22 -1440.02
47 9427.04 2.18064 53.3895 8585.23 -1380.58
48 9624.89 2.12406 52.1747 8582.8 -1309.63
49 9822.8 2.05892 50.6157 8580 -1230.26
50 10020.8 1.98681 48.7377 8576.91 -1145.31
51 10218.8 1.90919 46.5614 8573.59 -1057.27
52 10416.9 1.8277 44.092 8570.1 -968.68
53 10615.1 1.74435 41.3316 8566.54 -882.085
54 10813.4 1.6614 38.2839 8563 -799.945
55 11011.8 1.58136 34.9536 8559.59 -724.5
56 11210.2 1.5069 31.3449 8556.42 -657.688
57 11408.7 1.44084 27.4606 8553.61 -601.126
58 11607.3 1.38605 23.3013 8551.28 -556.14
59 11806 1.34537 18.8654 8549.56 -523.857
60 12004.6 1.32148 14.1496 8548.54 -505.347
61 12203.3 1.31688 9.15014 8548.35 -501.792
62 12402 1.33367 3.86568 8549.06 -514.662
63 12600.7 1.3734 -1.69964 8550.75 -545.832
64 12799.4 1.43693 -7.531 8553.45 -597.6
65 12998 1.52412 -13.5968 8557.15 -672.513
66 13196.5 1.63363 -19.841 8561.82 -772.914
67 13394.9 1.76257 -26.1741 8567.32 -900.141
68 13593.1 1.90611 -32.4622 8573.46 -1053.26
69 13791.2 2.05636 -38.483 8579.89 -1226.5
70 13989.2 2.19775 -43.7399 8585.96 -1401.68
71 14187.1 1.32407 -47.4216 8597.65 -1668.45
72 14384.6 1.61332 -63.3555 8631.12 -2337.87
73 14581.4 1.94741 -84.2576 8677.08 -3429.4
74 14777.2 2.39425 -112.575 8740.53 -5242.62
75 14971.5 2.97914 -149.52 8827.09 -8254.55
76 15163.9 3.85545 -197.487 8944.75 -13261.7
77 15353.8 6.13268 -258.816 9082.07 -21681.6
78 15540.9 8.36781 -318.735 9220.85 -33674.5
79 15725.1 10.5318 -376.415 9359.13 -48798.7
80 15906.6 12.5922 -430.626 9494.51 -66395.8
81 16085.5 14.5128 -480.381 9624.1 -85601.9
82 16262 16.261 -524.903 9744.99 -105421
83 16436.3 17.2659 -563.677 9862.33 -125996
84 16608.5 18.1449 -603.803 10001.4 -150905
85 16778.3 19.2211 -648.651 10161.7 -180315
86 16945.5 20.5024 -696.475 10338.8 -213748
87 17109.8 21.8673 -744.9 10526.1 -250181
88 17271.2 23.2995 -791.269 10715.3 -288046
89 17429.7 24.6878 -832.789 10896.3 -325238
90 17585.6 25.9032 -866.404 11057.9 -359130
91 17739.2 26.8655 -889.384 11187.5 -386750
92 17891 27.4399 -900.79 11264.4 -403268
93 18041.8 26.0506 -910.496 11076.6 -362974
94 18195.2 24.2556 -982.4 10839.6 -313144
95 18351.9 18.3519 -1109.42 10035.3 -155306
96 18521.1 85.584 51.5347 4492.2 6.6972e+06
97 18899.2 -2169.85 -1374.88 4316.32 1.07406e+07
98 19292.8 90.5284 226.167 4646.87 2.01043e+07
99 19658.3 86.2361 219.233 4848.48 1.86798e+07
