NTS LL(mkm)  STRESS(GPa)   VEL(m / s)  DENS(kg/m3)  ENERGY(J) 
0 839.884 12.7721 400 9506.51 -67931
1 1018.56 12.7721 399.952 9506.51 -68057.9
2 1197.24 12.7719 399.905 9506.5 -68068.2
3 1375.92 12.7716 399.857 9506.48 -68077.9
4 1554.59 12.7713 399.808 9506.46 -68096.1
5 1733.27 12.7709 399.759 9506.43 -68096.2
6 1911.95 12.7705 399.71 9506.4 -68094.8
7 2090.63 12.7698 399.659 9506.36 -68089.9
8 2269.31 12.7692 399.607 9506.31 -68085.8
9 2447.99 12.7683 399.554 9506.26 -68084
10 2626.68 12.7672 399.498 9506.19 -68074.3
11 2805.36 12.7659 399.439 9506.1 -68063.1
12 2984.04 12.7641 399.375 9505.98 -68046.1
13 3162.73 12.7618 399.303 9505.82 -68025.7
14 3341.42 12.7586 399.22 9505.61 -67997.3
15 3520.12 12.7542 399.118 9505.32 -67958.9
16 3698.82 12.7479 398.99 9504.9 -67900.9
17 3877.53 12.7391 398.824 9504.31 -67818.6
18 4056.24 12.7266 398.6 9503.48 -67699.8
19 4234.98 12.7091 398.296 9502.31 -67536.6
20 4413.74 12.6847 397.879 9500.68 -67308
21 4592.52 12.651 397.307 9498.44 -66994.4
22 4771.35 12.6053 396.523 9495.39 -66569.8
23 4950.24 12.5439 395.459 9491.3 -65998.5
24 5129.2 12.4624 394.029 9485.87 -65246.5
25 5308.27 12.3556 392.126 9478.78 -64268
26 5487.47 12.2175 389.623 9469.62 -63013.7
27 5666.84 12.041 386.369 9457.93 -61432.2
28 5846.44 11.818 382.189 9443.21 -59466.3
29 6026.31 11.5394 376.879 9424.88 -57062.1
30 6206.54 11.1949 370.207 9402.3 -54166.3
31 6387.2 10.7729 361.912 9374.78 -50738.5
32 6568.38 10.2608 351.699 9341.59 -46753.8
33 6750.22 9.64416 339.241 9301.93 -42212.9
34 6932.82 8.90728 324.17 9254.95 -37153
35 7116.36 8.03221 306.088 9199.75 -31665
36 7300.99 6.99905 284.556 9135.38 -25911.9
37 7486.93 5.784 259.074 9060.78 -20157.4
38 7674.4 4.3643 228.956 8975.09 -14817.2
39 7863.65 3.34111 193.325 8882.73 -10499.6
40 8054.88 2.83203 159.347 8804.93 -7431.26
41 8247.79 2.39898 131.052 8741.21 -5266.43
42 8442.12 2.02862 107.437 8688.44 -3729.35
43 8637.62 1.71297 87.7444 8644.7 -2640.07
44 8834.11 1.44338 71.1013 8608.24 -1867.36
45 9031.43 2.2618 56.09 8588.72 -1485.65
46 9229.2 2.22634 54.3891 8587.19 -1439.27
47 9427.01 2.17995 53.3797 8585.2 -1379.71
48 9624.86 2.12317 52.1653 8582.76 -1308.54
49 9822.77 2.05787 50.6027 8579.96 -1228.99
50 10020.7 1.98557 48.7218 8576.86 -1143.89
51 10218.8 1.90779 46.5436 8573.53 -1055.72
52 10416.9 1.82614 44.0728 8570.04 -967.024
53 10615.1 1.74263 41.3117 8566.47 -880.34
54 10813.4 1.65952 38.2641 8562.92 -798.13
55 11011.8 1.57931 34.9346 8559.5 -722.628
56 11210.2 1.50471 31.3277 8556.33 -655.768
57 11408.7 1.43849 27.4461 8553.51 -599.162
58 11607.3 1.38354 23.2905 8551.18 -554.125
59 11805.9 1.34269 18.8593 8549.44 -521.779
60 12004.6 1.31864 14.1491 8548.42 -503.183
61 12203.3 1.3139 9.1561 8548.22 -499.513
62 12402 1.33052 3.87856 8548.93 -512.231
63 12600.7 1.3701 -1.67961 8550.61 -543.209
64 12799.4 1.4335 -7.50396 8553.3 -594.745
65 12998 1.52059 -13.5634 8557 -669.395
66 13196.5 1.63006 -19.8026 8561.67 -769.524
67 13394.9 1.75903 -26.1328 8567.17 -896.507
68 13593.1 1.90272 -32.4218 8573.31 -1049.49
69 13791.3 2.05338 -38.4533 8579.77 -1222.95
70 13989.2 2.19567 -43.7362 8585.88 -1399.03
71 14187.1 1.31871 -47.3904 8597.27 -1661.59
72 14384.7 1.60955 -63.1254 8630.61 -2326.84
73 14581.5 1.9424 -83.952 8676.38 -3411.35
74 14777.2 2.38784 -112.202 8739.6 -5213.68
75 14971.6 2.97105 -149.038 8825.86 -8207.8
76 15164.1 3.82833 -196.85 8943.14 -13184.6
77 15354 6.10613 -258.102 9080.44 -21561.4
78 15541.1 8.34224 -318.059 9219.23 -33516.4
79 15725.3 10.5077 -375.795 9357.57 -48611.4
80 15906.8 12.5701 -430.066 9493.04 -66190.2
81 16085.7 14.4929 -479.888 9622.74 -85389.8
82 16262.3 16.2437 -524.48 9743.78 -105214
83 16436.6 17.248 -563.314 9861.05 -125768
84 16608.8 18.1238 -603.39 9999.92 -150638
85 16778.7 19.2 -648.219 10160 -180013
86 16945.9 20.481 -696.037 10337.1 -213422
87 17110.2 21.8812 -744.494 10524.4 -249848
88 17271.6 23.2802 -790.938 10713.7 -287728
89 17430.2 24.6731 -832.539 10895 -324965
90 17586.1 25.8931 -866.284 11057 -358934
91 17739.7 26.8606 -889.378 11187.1 -386650
92 17891.5 27.4359 -900.672 11264 -403185
93 18042.3 26.0199 -909.283 11073.7 -362359
94 18195.7 24.1987 -981.378 10834.5 -312108
95 18352.5 18.5912 -1114.79 10075 -162575
96 18521.1 84.5744 114.348 4482.33 6.73873e+06
97 18900 5.22646 -1442.09 4326.43 1.07377e+07
98 19292.6 90.5333 255.04 4646.73 2.01049e+07
99 19658.2 86.2804 222.877 4847.03 1.86851e+07
