NTS LL(mkm)  STRESS(GPa)   VEL(m / s)  DENS(kg/m3)  ENERGY(J) 
0 840.33 12.7722 400 9506.52 -67931.4
1 1019.01 12.7721 399.952 9506.51 -68058.3
2 1197.69 12.7719 399.905 9506.5 -68068.6
3 1376.36 12.7717 399.857 9506.48 -68078.3
4 1555.04 12.7714 399.808 9506.46 -68096.5
5 1733.72 12.771 399.759 9506.44 -68096.6
6 1912.4 12.7705 399.71 9506.4 -68095.2
7 2091.08 12.7699 399.659 9506.37 -68090.3
8 2269.76 12.7692 399.608 9506.32 -68086.2
9 2448.44 12.7684 399.554 9506.26 -68084.5
10 2627.12 12.7672 399.499 9506.19 -68074.8
11 2805.81 12.7659 399.44 9506.1 -68063.7
12 2984.49 12.7642 399.376 9505.98 -68046.7
13 3163.18 12.7618 399.304 9505.83 -68026.4
14 3341.87 12.7587 399.221 9505.62 -67998.2
15 3520.56 12.7543 399.12 9505.32 -67960
16 3699.26 12.7481 398.993 9504.91 -67902.3
17 3877.97 12.7393 398.827 9504.32 -67820.4
18 4056.69 12.7269 398.604 9503.49 -67702.4
19 4235.42 12.7095 398.302 9502.33 -67540.1
20 4414.18 12.6852 397.887 9500.71 -67312.7
21 4592.97 12.6518 397.317 9498.48 -67000.9
22 4771.79 12.6063 396.538 9495.45 -66578.5
23 4950.68 12.5451 395.48 9491.38 -66010.3
24 5129.64 12.464 394.057 9485.98 -65262
25 5308.71 12.3578 392.164 9478.92 -64288.3
26 5487.9 12.2204 389.674 9469.81 -63039.8
27 5667.27 12.0447 386.436 9458.18 -61465.1
28 5846.86 11.8227 382.276 9443.52 -59507.4
29 6026.73 11.5453 376.99 9425.26 -57112.6
30 6206.95 11.2022 370.347 9402.78 -54227.2
31 6387.6 10.782 362.087 9375.37 -50810.7
32 6568.78 10.2718 351.917 9342.31 -46837.6
33 6750.6 9.65752 339.508 9302.79 -42308.2
34 6933.19 8.92328 324.495 9255.97 -37258.6
35 7116.7 8.05129 306.48 9200.95 -31778.5
36 7301.31 7.02158 285.026 9136.78 -26028.9
37 7487.22 5.81065 259.627 9062.4 -20271.8
38 7674.65 4.39576 229.597 8976.97 -14919.4
39 7863.87 3.35242 194.085 8884.5 -10574.4
40 8055.06 2.84167 159.982 8806.38 -7484.05
41 8247.94 2.40718 131.585 8742.4 -5303.74
42 8442.24 2.03559 107.888 8689.42 -3755.68
43 8637.71 1.71897 88.1128 8645.52 -2658.87
44 8834.19 1.44886 71.3649 8608.97 -1881.66
45 9031.49 2.26378 56.2564 8588.8 -1488.26
46 9229.26 2.22749 54.45 8587.24 -1440.78
47 9427.07 2.18133 53.3998 8585.26 -1381.45
48 9624.92 2.12493 52.1842 8582.84 -1310.71
49 9822.82 2.05997 50.6287 8580.05 -1231.53
50 10020.8 1.98804 48.7535 8576.96 -1146.73
51 10218.8 1.91058 46.5792 8573.65 -1058.82
52 10417 1.82926 44.1111 8570.17 -970.337
53 10615.2 1.74607 41.3513 8566.62 -883.831
54 10813.4 1.66329 38.3037 8563.08 -801.763
55 11011.8 1.58341 34.9725 8559.68 -726.375
56 11210.2 1.50909 31.3621 8556.51 -659.611
57 11408.8 1.44319 27.475 8553.71 -603.096
58 11607.3 1.38857 23.3119 8551.39 -558.161
59 11806 1.34802 18.8713 8549.67 -525.943
60 12004.6 1.3243 14.1499 8548.66 -507.519
61 12203.3 1.31988 9.14412 8548.47 -504.08
62 12402 1.33681 3.85274 8549.19 -517.102
63 12600.7 1.37671 -1.71973 8550.89 -548.465
64 12799.4 1.44035 -7.55806 8553.59 -600.465
65 12998 1.52764 -13.6301 8557.3 -675.64
66 13196.5 1.63721 -19.8793 8561.97 -776.314
67 13394.8 1.76611 -26.2152 8567.47 -903.781
68 13593.1 1.90949 -32.5023 8573.6 -1057.02
69 13791.2 2.05931 -38.5122 8580.02 -1230.05
70 13989.2 2.19983 -43.7447 8586.05 -1404.35
71 14187 1.3295 -47.4584 8598.04 -1675.43
72 14384.6 1.61709 -63.5818 8631.64 -2348.97
73 14581.4 1.95244 -84.5633 8677.78 -3447.53
74 14777.1 2.40067 -112.95 8741.46 -5271.72
75 14971.4 2.98725 -150.003 8828.32 -8301.57
76 15163.8 3.88261 -198.128 8946.37 -13339.4
77 15353.7 6.1592 -259.527 9083.69 -21802.3
78 15540.7 8.39335 -319.41 9222.46 -33833
79 15724.9 10.5559 -377.034 9360.69 -48986.1
80 15906.3 12.6143 -431.185 9495.99 -66601.5
81 16085.2 14.5326 -480.874 9625.45 -85814.1
82 16261.7 16.2783 -525.325 9746.2 -105628
83 16436 17.2125 -564.042 9863.62 -126223
84 16608.2 18.1119 -604.217 10002.9 -151173
85 16778 19.2434 -649.083 10163.3 -180617
86 16945.1 20.4809 -696.912 10340.5 -214074
87 17109.4 21.8876 -745.294 10527.8 -250514
88 17270.7 23.3175 -791.612 10716.9 -288364
89 17429.2 24.7023 -833.036 10897.6 -325510
90 17585.1 25.9131 -866.522 11058.9 -359325
91 17738.7 26.8705 -889.395 11188 -386851
92 17890.5 27.4443 -900.934 11264.8 -403360
93 18041.3 26.0559 -911.683 11079.5 -363588
94 18194.6 24.2788 -983.268 10844.3 -314132
95 18351.2 18.1001 -1104.12 9998.15 -148528
96 18521.1 86.1905 -8.25158 4498.88 6.66884e+06
97 18898.7 -2379.84 -596.292 4311.18 1.01422e+07
98 19292.7 90.5506 -516.532 4644.3 2.01151e+07
99 19658.4 86.1933 215.032 4849.89 1.86746e+07
