 1.0153E-06        1  9.9492E-05  1.3377E+00 -1.4104E+00 -9.87E+01  8.23E+03
   1.0153E-06        2  2.9848E-04  1.3402E+00 -1.4115E+00 -1.00E+02  9.78E+03
   1.0153E-06        3  4.9746E-04  1.3192E+00 -1.4115E+00 -1.01E+02  9.54E+03
   1.0153E-06        4  6.9645E-04  1.3524E+00 -1.4566E+00 -9.35E+01  9.11E+03
   1.0153E-06        5  8.9543E-04  1.3792E+00 -1.4712E+00 -8.25E+01  8.66E+03
   1.0153E-06        6  1.0944E-03  1.4002E+00 -1.4914E+00 -7.21E+01  8.48E+03
   1.0153E-06        7  1.2934E-03  1.3665E+00 -1.4720E+00 -6.28E+01  8.84E+03
   1.0153E-06        8  1.4924E-03  1.3238E+00 -1.4175E+00 -5.79E+01  9.24E+03
   1.0153E-06        9  1.6914E-03  1.3087E+00 -1.3678E+00 -5.89E+01  9.52E+03
   1.0153E-06       10  1.8904E-03  1.3469E+00 -1.3641E+00 -6.17E+01  9.53E+03
   1.0153E-06       11  2.0893E-03  1.3282E+00 -1.3675E+00 -6.47E+01  9.53E+03
   1.0153E-06       12  2.2883E-03  1.2828E+00 -1.3690E+00 -6.79E+01  9.52E+03
   1.0153E-06       13  2.4873E-03  1.2942E+00 -1.4316E+00 -6.52E+01  9.04E+03
   1.0153E-06       14  2.6863E-03  1.3469E+00 -1.5324E+00 -5.98E+01  8.58E+03
   1.0153E-06       15  2.8853E-03  1.3626E+00 -1.5715E+00 -5.49E+01  8.45E+03
   1.0153E-06       16  3.0843E-03  1.3531E+00 -1.5843E+00 -4.99E+01  8.48E+03
   1.0153E-06       17  3.2833E-03  1.2983E+00 -1.5249E+00 -4.46E+01  8.78E+03
   1.0153E-06       18  3.4822E-03  1.1745E+00 -1.3862E+00 -3.97E+01  9.34E+03
   1.0153E-06       19  3.6812E-03  1.0371E+00 -1.2510E+00 -3.63E+01  9.53E+03
   1.0153E-06       20  3.8802E-03  8.7668E-01 -1.1075E+00 -3.24E+01  9.53E+03
   1.0153E-06       21  4.0792E-03  7.1680E-01 -9.5697E-01 -2.82E+01  9.53E+03
   1.0153E-06       22  4.2782E-03  5.8098E-01 -8.1728E-01 -2.46E+01  9.52E+03
   1.0153E-06       23  4.4772E-03  4.8998E-01 -7.4449E-01 -2.10E+01  9.00E+03
   1.0153E-06       24  4.6761E-03  4.2157E-01 -6.6948E-01 -1.77E+01  8.58E+03
   1.0153E-06       25  4.8751E-03  3.5163E-01 -5.6058E-01 -1.44E+01  8.45E+03
   1.0153E-06       26  5.0741E-03  2.7205E-01 -4.3162E-01 -1.11E+01  8.50E+03
   1.0153E-06       27  5.2731E-03  1.9354E-01 -3.0156E-01 -7.87E+00  8.78E+03
   1.0153E-06       28  5.4721E-03  1.2902E-01 -1.9257E-01 -5.15E+00  9.34E+03
   1.0153E-06       29  5.6711E-03  8.2684E-02 -1.1840E-01 -3.25E+00  9.53E+03
   1.0153E-06       30  5.8701E-03  4.6715E-02 -6.5833E-02 -1.88E+00  9.53E+03
   1.0153E-06       31  6.0690E-03  2.7466E-02 -3.5180E-02 -9.66E-01  9.53E+03
   1.0153E-06       32  6.2680E-03  1.7263E-02 -1.9097E-02 -4.56E-01  9.52E+03
   1.0153E-06       33  6.4670E-03  1.1061E-02 -1.2818E-02 -1.64E-01  9.00E+03
   1.0153E-06       34  6.6660E-03  1.0018E-02 -1.1498E-02 -3.21E-02  8.58E+03
   1.0153E-06       35  6.8650E-03  9.6589E-03 -1.0596E-02 -1.47E-02  8.45E+03
   1.0153E-06       36  7.0640E-03  8.8593E-03 -9.3419E-03 -4.92E-02  8.50E+03
   1.0153E-06       37  7.2630E-03  7.1140E-03 -6.8788E-03 -7.50E-02  8.78E+03
   1.0153E-06       38  7.4619E-03  6.7615E-03 -3.9095E-03 -5.41E-02  9.34E+03
   1.0153E-06       39  7.6609E-03  7.0993E-03 -2.0469E-03 -3.58E-02  9.53E+03
   1.0153E-06       40  7.8599E-03  6.9112E-03 -1.2697E-03 -1.37E-02  9.53E+03
   1.0153E-06       41  8.0589E-03  7.0210E-03 -1.5264E-03  1.27E-02  9.53E+03
   1.0153E-06       42  8.2579E-03  7.3180E-03 -2.7992E-03  3.00E-02  9.52E+03
   1.0153E-06       43  8.4569E-03  6.1089E-03 -4.9676E-03  5.65E-02  9.00E+03
   1.0153E-06       44  8.6558E-03  7.4517E-03 -7.9064E-03  6.12E-02  8.58E+03
   1.0153E-06       45  8.8548E-03  8.5581E-03 -9.3036E-03  2.04E-02  8.45E+03
   1.0153E-06       46  9.0538E-03  8.2215E-03 -8.8256E-03 -3.45E-02  8.50E+03
   1.0153E-06       47  9.2528E-03  6.5725E-03 -6.4341E-03 -6.28E-02  8.78E+03
   1.0153E-06       48  9.4518E-03  6.7632E-03 -3.8291E-03 -4.42E-02  9.34E+03
   1.0153E-06       49  9.6508E-03  7.1098E-03 -1.9934E-03 -3.24E-02  9.53E+03
   1.0153E-06       50  9.8498E-03  6.8820E-03 -1.1532E-03 -1.36E-02  9.53E+03
   1.0153E-06       51  1.0049E-02  6.9981E-03 -1.4229E-03  9.75E-03  9.53E+03
   1.0153E-06       52  1.0248E-02  7.3340E-03 -2.7558E-03  2.43E-02  9.52E+03
   1.0153E-06       53  1.0447E-02  5.9815E-03 -4.7840E-03  4.56E-02  9.00E+03
   1.0153E-06       54  1.0646E-02  6.9680E-03 -7.5809E-03  5.46E-02  8.58E+03
   1.0153E-06       55  1.0845E-02  8.1145E-03 -9.1218E-03  1.90E-02  8.45E+03
   1.0153E-06       56  1.1044E-02  7.8808E-03 -8.7223E-03 -2.96E-02  8.50E+03
   1.0153E-06       57  1.1243E-02  6.2011E-03 -6.2130E-03 -5.24E-02  8.78E+03
   1.0153E-06       58  1.1442E-02  6.8015E-03 -3.8540E-03 -3.57E-02  9.34E+03
   1.0153E-06       59  1.1641E-02  7.1150E-03 -1.9604E-03 -2.91E-02  9.53E+03
   1.0153E-06       60  1.1840E-02  6.8122E-03 -1.0034E-03 -1.47E-02  9.53E+03
   1.0153E-06       61  1.2039E-02  6.9257E-03 -1.2836E-03  5.26E-03  9.53E+03
   1.0153E-06       62  1.2238E-02  7.3139E-03 -2.7048E-03  1.82E-02  9.52E+03
   1.0153E-06       63  1.2437E-02  6.0181E-03 -4.6959E-03  3.58E-02  9.04E+03
   1.0153E-06       64  1.2636E-02  6.4824E-03 -7.2202E-03  4.70E-02  8.60E+03
   1.0153E-06       65  1.2835E-02  7.6816E-03 -8.9566E-03  1.75E-02  8.45E+03
   1.0153E-06       66  1.3034E-02  7.4409E-03 -8.5523E-03 -2.48E-02  8.48E+03
   1.0153E-06       67  1.3232E-02  6.0478E-03 -6.0811E-03 -4.12E-02  8.78E+03
   1.0153E-06       68  1.3431E-02  6.9261E-03 -3.9289E-03 -2.89E-02  9.34E+03
   1.0153E-06       69  1.3630E-02  7.1545E-03 -1.9761E-03 -2.53E-02  9.53E+03
   1.0153E-06       70  1.3829E-02  6.7543E-03 -8.8745E-04 -1.38E-02  9.53E+03
   1.0153E-06       71  1.4028E-02  6.8360E-03 -1.1067E-03  3.33E-03  9.53E+03
   1.0153E-06       72  1.4227E-02  7.2899E-03 -2.5953E-03  1.41E-02  9.52E+03
   1.0153E-06       73  1.4426E-02  6.1127E-03 -4.6638E-03  2.88E-02  9.04E+03
   1.0153E-06       74  1.4625E-02  6.0884E-03 -6.9452E-03  3.86E-02  8.60E+03
   1.0153E-06       75  1.4824E-02  7.2806E-03 -8.8255E-03  1.67E-02  8.45E+03
   1.0153E-06       76  1.5023E-02  7.0274E-03 -8.3714E-03 -1.93E-02  8.48E+03
   1.0153E-06       77  1.5222E-02  6.0468E-03 -6.0871E-03 -2.90E-02  8.78E+03
   1.0153E-06       78  1.5421E-02  7.1471E-03 -4.1808E-03 -1.71E-02  9.34E+03
   1.0153E-06       79  1.5620E-02  7.4460E-03 -2.4073E-03 -9.67E-03  9.53E+03
   1.0153E-06       80  1.5819E-02  7.1871E-03 -1.5520E-03  5.86E-03  9.53E+03
   1.0153E-06       81  1.6018E-02  7.4394E-03 -2.0613E-03  2.62E-02  9.53E+03
   1.0153E-06       82  1.6217E-02  8.0883E-03 -3.8455E-03  4.14E-02  9.53E+03
   1.0153E-06       83  1.6416E-02  7.1226E-03 -6.3085E-03  6.42E-02  9.04E+03
   1.0153E-06       84  1.6615E-02  7.2253E-03 -9.0257E-03  8.56E-02  8.60E+03
   1.0153E-06       85  1.6814E-02  8.6292E-03 -1.1395E-02  8.00E-02  8.45E+03
   1.0153E-06       86  1.7013E-02  8.6440E-03 -1.1345E-02  5.98E-02  8.50E+03
   1.0153E-06       87  1.7212E-02  7.5934E-03 -9.1576E-03  5.67E-02  8.74E+03
   1.0153E-06       88  1.7411E-02  8.3155E-03 -6.6511E-03  6.23E-02  9.34E+03
   1.0153E-06       89  1.7610E-02  7.8202E-03 -3.8646E-03  4.31E-02  9.53E+03
   1.0153E-06       90  1.7809E-02  6.3555E-03 -1.2573E-03  1.22E-02  9.53E+03
   1.0153E-06       91  1.8008E-02  5.2216E-03  4.5205E-04 -2.55E-02  9.53E+03
   1.0153E-06       92  1.8207E-02  4.8658E-03  5.8597E-04 -5.93E-02  9.53E+03
   1.0153E-06       93  1.8406E-02  3.8669E-03 -6.9351E-04 -7.13E-02  9.03E+03
   1.0153E-06       94  1.8605E-02  4.2374E-03 -3.1549E-03 -6.12E-02  8.60E+03
   1.0153E-06       95  1.8804E-02  5.6094E-03 -5.7830E-03 -4.52E-02  8.45E+03
   1.0153E-06       96  1.9003E-02  7.2503E-03 -7.4222E-03 -2.06E-02  8.50E+03
   1.0153E-06       97  1.9202E-02  8.7096E-03 -7.8241E-03  2.20E-02  8.77E+03
   1.0153E-06       98  1.9401E-02  1.0108E-02 -6.9901E-03  6.89E-02  9.34E+03
   1.0153E-06       99  1.9600E-02  1.0206E-02 -5.7131E-03  6.66E-02  9.53E+03
   1.0153E-06      100  1.9799E-02  8.8872E-03 -3.7993E-03  3.44E-02  9.53E+03