1.0006E-06        1  9.7999E-05  1.3973E+01 -1.4274E+01 -3.83E+02  8.98E+03
   1.0006E-06        2  2.9400E-04  1.3394E+01 -1.3630E+01 -3.76E+02  9.53E+03
   1.0006E-06        3  4.9000E-04  1.2953E+01 -1.3107E+01 -3.69E+02  9.26E+03
   1.0006E-06        4  6.8599E-04  1.2694E+01 -1.2756E+01 -3.60E+02  1.21E+04
   1.0006E-06        5  8.8199E-04  1.2131E+01 -1.2129E+01 -3.62E+02  1.03E+04
   1.0006E-06        6  1.0780E-03  1.1803E+01 -1.1701E+01 -3.64E+02  9.12E+03
   1.0006E-06        7  1.2740E-03  1.1231E+01 -1.1092E+01 -3.69E+02  9.19E+03
   1.0006E-06        8  1.4700E-03  1.0374E+01 -1.0299E+01 -3.78E+02  9.60E+03
   1.0006E-06        9  1.6660E-03  9.9716E+00 -9.9424E+00 -3.84E+02  9.71E+03
   1.0006E-06       10  1.8620E-03  9.7151E+00 -9.7588E+00 -3.80E+02  1.25E+04
   1.0006E-06       11  2.0580E-03  9.1353E+00 -9.1838E+00 -3.90E+02  1.05E+04
   1.0006E-06       12  2.2540E-03  8.7595E+00 -8.8456E+00 -3.88E+02  9.70E+03
   1.0006E-06       13  2.4500E-03  8.1906E+00 -8.3345E+00 -3.76E+02  9.37E+03
   1.0006E-06       14  2.6460E-03  7.8437E+00 -8.0132E+00 -3.10E+02  8.76E+03
   1.0006E-06       15  2.8420E-03  7.3624E+00 -7.5666E+00 -2.59E+02  8.76E+03
   1.0006E-06       16  3.0380E-03  6.7397E+00 -6.9536E+00 -2.15E+02  9.50E+03
   1.0006E-06       17  3.2340E-03  6.3346E+00 -6.5251E+00 -1.89E+02  1.00E+04
   1.0006E-06       18  3.4300E-03  5.8742E+00 -6.0865E+00 -1.79E+02  1.07E+04
   1.0006E-06       19  3.6260E-03  5.0474E+00 -5.3011E+00 -1.62E+02  1.25E+04
   1.0006E-06       20  3.8220E-03  3.8552E+00 -4.1151E+00 -1.33E+02  1.05E+04
   1.0006E-06       21  4.0180E-03  2.7008E+00 -2.9731E+00 -1.02E+02  9.48E+03
   1.0006E-06       22  4.2140E-03  1.8875E+00 -2.1757E+00 -7.29E+01  8.88E+03
   1.0006E-06       23  4.4100E-03  1.2715E+00 -1.5587E+00 -4.91E+01  8.61E+03
   1.0006E-06       24  4.6060E-03  8.3989E-01 -1.1163E+00 -3.27E+01  8.57E+03
   1.0006E-06       25  4.8020E-03  6.1240E-01 -8.7538E-01 -2.39E+01  4.46E+03
   1.0006E-06       26  4.9980E-03  4.8448E-01 -7.2289E-01 -1.86E+01  8.92E+03
   1.0006E-06       27  5.1940E-03  3.3258E-01 -4.8759E-01 -1.27E+01  9.48E+03
   1.0006E-06       28  5.3900E-03  2.0629E-01 -2.9166E-01 -8.14E+00  9.67E+03
   1.0006E-06       29  5.5860E-03  1.2709E-01 -1.6546E-01 -4.64E+00  9.67E+03
   1.0006E-06       30  5.7820E-03  8.3196E-02 -9.3011E-02 -2.45E+00  9.67E+03
   1.0006E-06       31  5.9780E-03  5.5372E-02 -5.3775E-02 -1.17E+00  9.67E+03
   1.0006E-06       32  6.1740E-03  3.5212E-02 -3.8976E-02 -4.34E-01  9.14E+03
   1.0006E-06       33  6.3699E-03  3.0395E-02 -3.7724E-02 -5.14E-02  8.71E+03
   1.0006E-06       34  6.5659E-03  3.1596E-02 -3.8667E-02 -2.08E-02  8.57E+03
   1.0006E-06       35  6.7619E-03  2.9071E-02 -3.4583E-02 -1.44E-01  8.63E+03
   1.0006E-06       36  6.9579E-03  2.3364E-02 -2.4335E-02 -1.93E-01  8.92E+03
   1.0006E-06       37  7.1539E-03  2.6710E-02 -1.5780E-02 -1.39E-01  9.48E+03
   1.0006E-06       38  7.3499E-03  3.0164E-02 -8.3960E-03 -1.08E-01  9.67E+03
   1.0006E-06       39  7.5459E-03  2.9747E-02 -4.8821E-03 -4.47E-02  9.67E+03
   1.0006E-06       40  7.7419E-03  3.0252E-02 -5.9883E-03  3.26E-02  9.67E+03
   1.0006E-06       41  7.9379E-03  2.9555E-02 -1.1502E-02  8.06E-02  9.67E+03
   1.0006E-06       42  8.1339E-03  2.3538E-02 -1.9529E-02  1.36E-01  9.14E+03
   1.0006E-06       43  8.3299E-03  2.3690E-02 -2.8345E-02  1.72E-01  8.71E+03
   1.0006E-06       44  8.5259E-03  2.8293E-02 -3.5112E-02  6.45E-02  8.57E+03
   1.0006E-06       45  8.7219E-03  2.7003E-02 -3.2964E-02 -9.93E-02  8.63E+03
   1.0006E-06       46  8.9179E-03  2.2884E-02 -2.3779E-02 -1.51E-01  8.92E+03
   1.0006E-06       47  9.1139E-03  2.7015E-02 -1.5869E-02 -1.16E-01  9.48E+03
   1.0006E-06       48  9.3099E-03  3.0246E-02 -8.3002E-03 -9.47E-02  9.67E+03
   1.0006E-06       49  9.5059E-03  2.9683E-02 -4.5730E-03 -4.36E-02  9.67E+03
   1.0006E-06       50  9.7019E-03  3.0204E-02 -5.7061E-03  2.10E-02  9.67E+03
   1.0006E-06       51  9.8979E-03  3.7707E-02 -9.4206E-03  8.18E-03  5.56E+03
   1.0006E-06       52  1.0094E-02  2.7134E-02 -1.5537E-02  8.05E-02  9.48E+03
   1.0006E-06       53  1.0290E-02  2.2488E-02 -2.3619E-02  1.32E-01  8.88E+03
   1.0006E-06       54  1.0486E-02  2.5409E-02 -3.2024E-02  1.19E-01  8.61E+03
   1.0006E-06       55  1.0682E-02  2.7080E-02 -3.4707E-02 -1.78E-02  8.57E+03
   1.0006E-06       56  1.0878E-02  2.3748E-02 -2.8262E-02 -1.15E-01  8.73E+03
   1.0006E-06       57  1.1074E-02  2.4124E-02 -2.0044E-02 -1.10E-01  9.18E+03
   1.0006E-06       58  1.1270E-02  2.9916E-02 -1.1944E-02 -8.40E-02  9.67E+03
   1.0006E-06       59  1.1466E-02  3.0012E-02 -5.6818E-03 -6.61E-02  9.67E+03
   1.0006E-06       60  1.1662E-02  2.9513E-02 -4.0697E-03 -1.91E-02  9.67E+03
   1.0006E-06       61  1.1858E-02  3.0080E-02 -7.7146E-03  2.61E-02  9.67E+03
   1.0006E-06       62  1.2054E-02  2.7224E-02 -1.5516E-02  5.82E-02  9.48E+03
   1.0006E-06       63  1.2250E-02  2.3078E-02 -2.3705E-02  1.04E-01  8.92E+03
   1.0006E-06       64  1.2446E-02  2.4042E-02 -3.1006E-02  9.58E-02  8.63E+03
   1.0006E-06       65  1.2642E-02  2.5414E-02 -3.3855E-02 -1.10E-02  8.57E+03
   1.0006E-06       66  1.2838E-02  2.3555E-02 -2.8364E-02 -8.10E-02  8.71E+03
   1.0006E-06       67  1.3034E-02  2.4819E-02 -2.0554E-02 -8.95E-02  9.18E+03
   1.0006E-06       68  1.3230E-02  3.0234E-02 -1.2201E-02 -6.44E-02  9.67E+03
   1.0006E-06       69  1.3426E-02  3.0018E-02 -5.5756E-03 -5.36E-02  9.67E+03
   1.0006E-06       70  1.3622E-02  2.9266E-02 -3.6018E-03 -1.79E-02  9.67E+03
   1.0006E-06       71  1.3818E-02  2.9885E-02 -7.2484E-03  1.60E-02  9.67E+03
   1.0006E-06       72  1.4014E-02  2.7406E-02 -1.5322E-02  4.02E-02  9.48E+03
   1.0006E-06       73  1.4210E-02  2.3784E-02 -2.4033E-02  8.32E-02  8.92E+03
   1.0006E-06       74  1.4406E-02  2.3838E-02 -3.0946E-02  6.69E-02  8.63E+03
   1.0006E-06       75  1.4602E-02  2.4261E-02 -3.3150E-02 -9.57E-03  8.57E+03
   1.0006E-06       76  1.4798E-02  2.2314E-02 -2.7335E-02 -4.99E-02  4.79E+03
   1.0006E-06       77  1.4994E-02  2.4439E-02 -2.4677E-02 -8.83E-02  8.92E+03
   1.0006E-06       78  1.5190E-02  2.7912E-02 -1.6317E-02 -6.32E-02  9.48E+03
   1.0006E-06       79  1.5386E-02  3.0717E-02 -8.6035E-03 -4.57E-02  9.67E+03
   1.0006E-06       80  1.5582E-02  3.0135E-02 -4.9742E-03 -5.38E-03  9.67E+03
   1.0006E-06       81  1.5778E-02  3.1280E-02 -7.1550E-03  5.08E-02  9.67E+03
   1.0006E-06       82  1.5974E-02  3.2632E-02 -1.4654E-02  9.85E-02  9.67E+03
   1.0006E-06       83  1.6170E-02  2.8195E-02 -2.4954E-02  1.84E-01  9.18E+03
   1.0006E-06       84  1.6366E-02  2.7978E-02 -3.5233E-02  2.44E-01  8.73E+03
   1.0006E-06       85  1.6562E-02  2.9052E-02 -4.1839E-02  2.49E-01  8.57E+03
   1.0006E-06       86  1.6758E-02  2.9734E-02 -4.1522E-02  2.22E-01  8.63E+03
   1.0006E-06       87  1.6954E-02  3.0297E-02 -3.5338E-02  2.10E-01  8.88E+03
   1.0006E-06       88  1.7150E-02  3.2850E-02 -2.5061E-02  2.07E-01  9.48E+03
   1.0006E-06       89  1.7346E-02  3.2934E-02 -1.3964E-02  1.32E-01  9.67E+03
   1.0006E-06       90  1.7542E-02  2.7235E-02 -4.0822E-03  2.53E-02  9.67E+03
   1.0006E-06       91  1.7738E-02  2.1382E-02  1.8599E-03 -9.56E-02  9.67E+03
   1.0006E-06       92  1.7934E-02  1.7112E-02  1.1691E-03 -2.04E-01  9.67E+03
   1.0006E-06       93  1.8130E-02  1.3171E-02 -4.9671E-03 -2.59E-01  9.17E+03
   1.0006E-06       94  1.8326E-02  1.7280E-02 -1.5676E-02 -2.53E-01  8.73E+03
   1.0006E-06       95  1.8522E-02  2.3188E-02 -2.6325E-02 -1.90E-01  8.57E+03
   1.0006E-06       96  1.8718E-02  2.9887E-02 -3.2827E-02 -7.85E-02  8.63E+03
   1.0006E-06       97  1.8914E-02  3.5545E-02 -3.3348E-02  9.18E-02  8.91E+03
   1.0006E-06       98  1.9110E-02  4.0979E-02 -2.9745E-02  2.80E-01  9.48E+03
   1.0006E-06       99  1.9306E-02  4.1956E-02 -2.4750E-02  2.71E-01  9.67E+03
   1.0006E-06      100  1.9502E-02  3.6262E-02 -1.7136E-02  1.16E-01  9.67E+03