2.5076E-06        1  9.4985E-05  9.8264E+00 -9.4974E+00 -3.80E+02  9.41E+03
   2.5076E-06        2  2.8496E-04  1.0578E+01 -1.0295E+01 -3.78E+02  9.72E+03
   2.5076E-06        3  4.7493E-04  1.0677E+01 -1.0442E+01 -3.77E+02  9.46E+03
   2.5076E-06        4  6.6490E-04  1.0957E+01 -1.0785E+01 -3.75E+02  9.37E+03
   2.5076E-06        5  8.5487E-04  1.1285E+01 -1.1187E+01 -3.73E+02  1.30E+04
   2.5076E-06        6  1.0448E-03  1.1751E+01 -1.1708E+01 -3.70E+02  9.86E+03
   2.5076E-06        7  1.2348E-03  1.1827E+01 -1.1893E+01 -3.70E+02  9.54E+03
   2.5076E-06        8  1.4248E-03  1.1474E+01 -1.1659E+01 -3.70E+02  9.95E+03
   2.5076E-06        9  1.6147E-03  1.1582E+01 -1.1851E+01 -3.70E+02  9.79E+03
   2.5076E-06       10  1.8047E-03  1.1762E+01 -1.2036E+01 -3.72E+02  9.67E+03
   2.5076E-06       11  1.9947E-03  1.1875E+01 -1.2133E+01 -3.75E+02  9.74E+03
   2.5076E-06       12  2.1847E-03  1.1957E+01 -1.2203E+01 -3.78E+02  9.86E+03
   2.5076E-06       13  2.3746E-03  1.1996E+01 -1.2206E+01 -3.83E+02  1.24E+04
   2.5076E-06       14  2.5646E-03  1.2263E+01 -1.2464E+01 -3.87E+02  1.01E+04
   2.5076E-06       15  2.7546E-03  1.2397E+01 -1.2623E+01 -3.89E+02  9.57E+03
   2.5076E-06       16  2.9445E-03  1.2256E+01 -1.2459E+01 -3.90E+02  9.37E+03
   2.5076E-06       17  3.1345E-03  1.1727E+01 -1.1866E+01 -3.91E+02  9.76E+03
   2.5076E-06       18  3.3245E-03  1.1431E+01 -1.1466E+01 -3.91E+02  9.95E+03
   2.5076E-06       19  3.5144E-03  1.1354E+01 -1.1252E+01 -3.91E+02  9.99E+03
   2.5076E-06       20  3.7044E-03  1.1156E+01 -1.0994E+01 -3.92E+02  1.07E+04
   2.5076E-06       21  3.8944E-03  1.0941E+01 -1.0774E+01 -3.92E+02  1.22E+04
   2.5076E-06       22  4.0844E-03  1.0722E+01 -1.0592E+01 -3.91E+02  1.01E+04
   2.5076E-06       23  4.2743E-03  1.0690E+01 -1.0607E+01 -3.91E+02  9.64E+03
   2.5076E-06       24  4.4643E-03  1.0785E+01 -1.0718E+01 -3.90E+02  9.34E+03
   2.5076E-06       25  4.6543E-03  1.0800E+01 -1.0711E+01 -3.90E+02  9.43E+03
   2.5076E-06       26  4.8442E-03  1.0468E+01 -1.0394E+01 -3.90E+02  9.42E+03
   2.5076E-06       27  5.0342E-03  1.0427E+01 -1.0403E+01 -3.89E+02  9.83E+03
   2.5076E-06       28  5.2242E-03  1.0639E+01 -1.0664E+01 -3.89E+02  1.12E+04
   2.5076E-06       29  5.4141E-03  1.1001E+01 -1.1116E+01 -3.86E+02  1.21E+04
   2.5076E-06       30  5.6041E-03  1.1531E+01 -1.1691E+01 -3.82E+02  1.01E+04
   2.5076E-06       31  5.7941E-03  1.2100E+01 -1.2281E+01 -3.77E+02  9.96E+03
   2.5076E-06       32  5.9841E-03  1.2568E+01 -1.2748E+01 -3.71E+02  9.71E+03
   2.5076E-06       33  6.1740E-03  1.2988E+01 -1.3179E+01 -3.66E+02  9.26E+03
   2.5076E-06       34  6.3640E-03  1.3125E+01 -1.3325E+01 -3.63E+02  9.48E+03
   2.5076E-06       35  6.5540E-03  1.2415E+01 -1.2625E+01 -3.60E+02  1.14E+04
   2.5076E-06       36  6.7439E-03  1.1192E+01 -1.1455E+01 -3.52E+02  1.17E+04
   2.5076E-06       37  6.9339E-03  1.0165E+01 -1.0439E+01 -3.38E+02  1.10E+04
   2.5076E-06       38  7.1239E-03  9.0494E+00 -9.2870E+00 -3.20E+02  9.98E+03
   2.5076E-06       39  7.3138E-03  7.8275E+00 -8.0791E+00 -2.93E+02  9.52E+03
   2.5076E-06       40  7.5038E-03  6.6370E+00 -6.8808E+00 -2.78E+02  9.80E+03
   2.5076E-06       41  7.6938E-03  5.5436E+00 -5.8016E+00 -2.41E+02  9.54E+03
   2.5076E-06       42  7.8838E-03  4.7547E+00 -5.0247E+00 -1.94E+02  8.99E+03
   2.5076E-06       43  8.0737E-03  4.0605E+00 -4.3295E+00 -1.56E+02  8.85E+03
   2.5076E-06       44  8.2637E-03  3.4186E+00 -3.6676E+00 -1.24E+02  9.01E+03
   2.5076E-06       45  8.4537E-03  2.8237E+00 -3.0461E+00 -9.80E+01  9.47E+03
   2.5076E-06       46  8.6436E-03  2.3911E+00 -2.5828E+00 -8.10E+01  9.97E+03
   2.5076E-06       47  8.8336E-03  2.0707E+00 -2.2607E+00 -7.22E+01  9.98E+03
   2.5076E-06       48  9.0236E-03  1.7665E+00 -1.9496E+00 -6.42E+01  9.98E+03
   2.5076E-06       49  9.2135E-03  1.5092E+00 -1.7064E+00 -5.79E+01  5.30E+03
   2.5076E-06       50  9.4035E-03  1.3117E+00 -1.5223E+00 -5.39E+01  9.97E+03
   2.5076E-06       51  9.5935E-03  1.1012E+00 -1.3393E+00 -4.59E+01  9.43E+03
   2.5076E-06       52  9.7835E-03  9.3334E-01 -1.1827E+00 -3.75E+01  8.99E+03
   2.5076E-06       53  9.9734E-03  7.9797E-01 -1.0446E+00 -3.05E+01  8.85E+03
   2.5076E-06       54  1.0163E-02  6.8523E-01 -9.2084E-01 -2.47E+01  8.91E+03
   2.5076E-06       55  1.0353E-02  5.8272E-01 -8.0231E-01 -2.03E+01  9.20E+03
   2.5076E-06       56  1.0543E-02  4.9124E-01 -6.8018E-01 -1.73E+01  9.78E+03
   2.5076E-06       57  1.0733E-02  4.3588E-01 -6.0112E-01 -1.55E+01  9.98E+03
   2.5076E-06       58  1.0923E-02  3.7134E-01 -5.2537E-01 -1.41E+01  9.98E+03
   2.5076E-06       59  1.1113E-02  3.1187E-01 -4.4940E-01 -1.27E+01  9.98E+03
   2.5076E-06       60  1.1303E-02  2.7573E-01 -3.9913E-01 -1.16E+01  9.59E+03
   2.5076E-06       61  1.1493E-02  2.7190E-01 -3.9296E-01 -1.12E+01  9.78E+03
   2.5076E-06       62  1.1683E-02  2.4545E-01 -3.8237E-01 -1.03E+01  9.20E+03
   2.5076E-06       63  1.1873E-02  1.8428E-01 -3.1212E-01 -8.19E+00  8.91E+03
   2.5076E-06       64  1.2063E-02  1.3536E-01 -2.3038E-01 -5.55E+00  8.85E+03
   2.5076E-06       65  1.2253E-02  1.0144E-01 -1.6143E-01 -3.41E+00  8.99E+03
   2.5076E-06       66  1.2443E-02  7.4503E-02 -1.0430E-01 -2.01E+00  9.47E+03
   2.5076E-06       67  1.2633E-02  5.9142E-02 -6.1809E-02 -1.20E+00  9.97E+03
   2.5076E-06       68  1.2823E-02  4.4384E-02 -3.5278E-02 -7.05E-01  9.98E+03
   2.5076E-06       69  1.3013E-02  3.5042E-02 -2.1163E-02 -4.33E-01  9.98E+03
   2.5076E-06       70  1.3203E-02  3.2572E-02 -1.9121E-02 -3.20E-01  9.98E+03
   2.5076E-06       71  1.3393E-02  3.3008E-02 -2.4044E-02 -2.91E-01  4.98E+03
   2.5076E-06       72  1.3583E-02  2.8480E-02 -3.0265E-02 -3.34E-01  9.47E+03
   2.5076E-06       73  1.3773E-02  2.8043E-02 -3.8548E-02 -2.99E-01  9.01E+03
   2.5076E-06       74  1.3963E-02  2.7691E-02 -4.1535E-02 -5.67E-02  8.85E+03
   2.5076E-06       75  1.4153E-02  2.7610E-02 -4.0331E-02  2.73E-01  8.89E+03
   2.5076E-06       76  1.4343E-02  2.8672E-02 -3.5591E-02  4.81E-01  9.20E+03
   2.5076E-06       77  1.4533E-02  3.1557E-02 -2.7077E-02  4.81E-01  9.78E+03
   2.5076E-06       78  1.4723E-02  3.1908E-02 -1.6848E-02  4.35E-01  9.98E+03
   2.5076E-06       79  1.4913E-02  2.8499E-02 -1.1192E-02  2.90E-01  9.98E+03
   2.5076E-06       80  1.5103E-02  2.9198E-02 -1.2304E-02  9.68E-02  9.98E+03
   2.5076E-06       81  1.5293E-02  2.9592E-02 -1.4744E-02 -2.84E-02  4.99E+03
   2.5076E-06       82  1.5483E-02  2.8956E-02 -2.1397E-02 -1.47E-01  9.79E+03
   2.5076E-06       83  1.5673E-02  2.4787E-02 -2.8093E-02 -2.70E-01  9.20E+03
   2.5076E-06       84  1.5863E-02  2.2502E-02 -3.0787E-02 -1.73E-01  8.91E+03
   2.5076E-06       85  1.6052E-02  1.9878E-02 -2.8905E-02  6.11E-02  8.85E+03
   2.5076E-06       86  1.6242E-02  2.1486E-02 -2.4845E-02  2.65E-01  9.01E+03
   2.5076E-06       87  1.6432E-02  2.3847E-02 -1.8305E-02  2.55E-01  9.43E+03
   2.5076E-06       88  1.6622E-02  2.6536E-02 -8.5791E-03  1.11E-01  9.97E+03
   2.5076E-06       89  1.6812E-02  2.4924E-02 -3.7696E-03 -9.83E-03  9.98E+03
   2.5076E-06       90  1.7002E-02  2.5735E-02 -6.2149E-03 -1.45E-01  9.98E+03
   2.5076E-06       91  1.7192E-02  2.9951E-02 -1.3129E-02 -2.28E-01  4.99E+03
   2.5076E-06       92  1.7382E-02  3.2497E-02 -1.9214E-02 -2.61E-01  9.98E+03
   2.5076E-06       93  1.7572E-02  2.9379E-02 -2.9414E-02 -3.00E-01  9.46E+03
   2.5076E-06       94  1.7762E-02  2.7739E-02 -3.2782E-02 -2.77E-01  9.01E+03
   2.5076E-06       95  1.7952E-02  2.4698E-02 -2.9995E-02 -8.64E-02  8.85E+03
   2.5076E-06       96  1.8142E-02  2.2960E-02 -2.3890E-02  1.37E-01  8.91E+03
   2.5076E-06       97  1.8332E-02  2.3058E-02 -1.6547E-02  2.96E-01  9.19E+03
   2.5076E-06       98  1.8522E-02  2.8418E-02 -1.0031E-02  3.68E-01  9.79E+03
   2.5076E-06       99  1.8712E-02  3.2119E-02 -5.3671E-03  3.67E-01  9.98E+03
   2.5076E-06      100  1.8902E-02  2.9374E-02 -4.5158E-03  2.87E-01  9.98E+03