2.06E-06	1	1922	4.82E-02	-3.06E-02	-2.14E-01	8.88E+03	1.00E+02
2.06E-06	2	1922	5.66E-02	-4.13E-02	-3.67E-01	8.88E+03	9.90E+01
2.06E-06	3	1885	5.46E-02	-4.14E-02	-4.87E-01	8.88E+03	9.80E+01
2.06E-06	4	1770	5.42E-02	-4.60E-02	-4.46E-01	8.88E+03	9.70E+01
2.06E-06	5	1716	5.33E-02	-4.76E-02	-2.41E-01	8.88E+03	9.60E+01
2.06E-06	6	1704	5.40E-02	-4.61E-02	-7.24E-02	8.88E+03	9.50E+01
2.06E-06	7	1736	5.37E-02	-4.19E-02	6.56E-02	8.88E+03	9.40E+01
2.06E-06	8	1822	5.09E-02	-3.64E-02	1.39E-01	8.88E+03	9.30E+01
2.06E-06	9	1922	4.90E-02	-3.25E-02	2.09E-01	8.88E+03	9.20E+01
2.06E-06	10	1922	5.22E-02	-3.70E-02	2.90E-01	8.88E+03	9.10E+01
2.06E-06	11	1922	5.21E-02	-4.08E-02	3.03E-01	8.88E+03	9.00E+01
2.06E-06	12	1922	5.08E-02	-4.06E-02	2.38E-01	8.88E+03	8.90E+01
2.06E-06	13	1259	4.70E-02	-3.63E-02	1.68E-01	8.88E+03	8.80E+01
2.06E-06	14	1816	5.21E-02	-4.61E-02	6.04E-03	8.88E+03	8.70E+01
2.06E-06	15	1736	5.30E-02	-4.89E-02	-8.83E-02	8.88E+03	8.60E+01
2.06E-06	16	1704	5.11E-02	-5.07E-02	-6.83E-02	8.88E+03	8.50E+01
2.06E-06	17	1716	5.60E-02	-5.51E-02	1.74E-01	8.88E+03	8.40E+01
2.06E-06	18	1772	5.84E-02	-5.48E-02	4.17E-01	8.88E+03	8.30E+01
2.06E-06	19	1885	5.72E-02	-5.11E-02	3.76E-01	8.88E+03	8.20E+01
2.06E-06	20	1922	5.88E-02	-4.98E-02	2.62E-01	8.88E+03	8.10E+01
2.06E-06	21	1922	5.92E-02	-4.77E-02	1.02E-01	8.88E+03	8.00E+01
2.06E-06	22	1922	5.68E-02	-4.36E-02	-7.00E-02	8.88E+03	7.90E+01
2.06E-06	23	1921	5.08E-02	-4.04E-02	-1.18E-01	8.88E+03	7.80E+01
2.06E-06	24	1824	4.69E-02	-3.88E-02	-2.19E-01	8.88E+03	7.70E+01
2.06E-06	25	872	4.78E-02	-4.21E-02	-2.00E-01	8.88E+03	7.60E+01
2.06E-06	26	1712	4.64E-02	-4.19E-02	-7.38E-02	8.88E+03	7.50E+01
2.06E-06	27	1704	4.54E-02	-3.94E-02	5.69E-02	8.88E+03	7.40E+01
2.06E-06	28	1736	4.75E-02	-3.68E-02	6.96E-02	8.88E+03	7.30E+01
2.06E-06	29	1824	5.03E-02	-3.49E-02	4.22E-02	8.88E+03	7.20E+01
2.06E-06	30	1921	5.01E-02	-3.13E-02	2.42E-02	8.88E+03	7.10E+01
2.06E-06	31	1922	5.04E-02	-3.12E-02	-1.37E-02	8.88E+03	7.00E+01
2.06E-06	32	1922	5.11E-02	-3.41E-02	-8.27E-02	8.88E+03	6.90E+01
2.06E-06	33	1922	5.18E-02	-3.82E-02	-1.30E-01	8.88E+03	6.80E+01
2.06E-06	34	1884	5.21E-02	-4.36E-02	-1.38E-01	8.88E+03	6.70E+01
2.06E-06	35	1772	5.51E-02	-4.95E-02	-1.78E-01	8.88E+03	6.60E+01
2.06E-06	36	1712	5.60E-02	-5.25E-02	-1.47E-01	8.88E+03	6.50E+01
2.06E-06	37	852	5.57E-02	-5.34E-02	-8.39E-02	8.88E+03	6.40E+01
2.06E-06	38	1716	5.56E-02	-5.08E-02	1.42E-02	8.88E+03	6.30E+01
2.06E-06	39	1772	5.48E-02	-4.62E-02	1.52E-01	8.88E+03	6.20E+01
2.06E-06	40	1884	5.36E-02	-4.18E-02	2.22E-01	8.88E+03	6.10E+01
2.06E-06	41	1922	5.63E-02	-4.43E-02	1.31E-01	8.88E+03	6.00E+01
2.06E-06	42	1922	6.13E-02	-5.13E-02	-1.14E-01	8.88E+03	5.90E+01
2.06E-06	43	1922	6.76E-02	-6.05E-02	-4.84E-01	8.88E+03	5.80E+01
2.06E-06	44	1921	7.58E-02	-7.78E-02	-9.98E-01	8.88E+03	5.70E+01
2.06E-06	45	1824	9.37E-02	-1.11E-01	-1.88E+00	8.88E+03	5.60E+01
2.06E-06	46	1736	1.23E-01	-1.58E-01	-2.98E+00	8.88E+03	5.50E+01
2.06E-06	47	1704	1.57E-01	-2.14E-01	-4.29E+00	8.89E+03	5.40E+01
2.06E-06	48	1712	1.93E-01	-2.74E-01	-5.94E+00	8.89E+03	5.30E+01
2.06E-06	49	872	2.21E-01	-3.22E-01	-7.56E+00	8.89E+03	5.20E+01
2.06E-06	50	1816	2.52E-01	-3.75E-01	-9.43E+00	8.89E+03	5.10E+01
2.06E-06	51	1921	3.09E-01	-4.51E-01	-1.18E+01	8.90E+03	5.00E+01
2.06E-06	52	1922	3.78E-01	-5.44E-01	-1.37E+01	8.90E+03	4.90E+01
2.06E-06	53	1922	4.42E-01	-6.33E-01	-1.60E+01	8.91E+03	4.80E+01
2.06E-06	54	1922	5.29E-01	-7.37E-01	-1.88E+01	8.91E+03	4.70E+01
2.06E-06	55	1884	6.48E-01	-8.73E-01	-2.24E+01	8.92E+03	4.60E+01
2.06E-06	56	1772	8.15E-01	-1.06E+00	-2.77E+01	8.93E+03	4.50E+01
2.06E-06	57	1716	1.00E+00	-1.26E+00	-3.48E+01	8.95E+03	4.40E+01
2.06E-06	58	1704	1.21E+00	-1.48E+00	-4.40E+01	8.96E+03	4.30E+01
2.06E-06	59	1732	1.47E+00	-1.74E+00	-5.55E+01	8.98E+03	4.20E+01
2.06E-06	60	1816	1.76E+00	-2.02E+00	-6.91E+01	9.00E+03	4.10E+01
2.06E-06	61	1921	2.10E+00	-2.33E+00	-8.19E+01	9.02E+03	4.00E+01
2.06E-06	62	1922	2.57E+00	-2.76E+00	-9.15E+01	9.05E+03	3.90E+01
2.06E-06	63	1916	3.00E+00	-3.19E+00	-1.02E+02	9.08E+03	3.80E+01
2.06E-06	64	1754	3.50E+00	-3.72E+00	-1.17E+02	9.11E+03	3.70E+01
2.06E-06	65	1895	3.84E+00	-4.04E+00	-1.26E+02	9.13E+03	3.60E+01
2.06E-06	66	1869	4.39E+00	-4.63E+00	-1.51E+02	9.16E+03	3.50E+01
2.06E-06	67	1857	5.19E+00	-5.44E+00	-1.91E+02	9.21E+03	3.40E+01
2.06E-06	68	1704	6.11E+00	-6.37E+00	-2.38E+02	9.26E+03	3.30E+01
2.06E-06	69	1772	6.96E+00	-7.22E+00	-2.93E+02	9.31E+03	3.20E+01
2.06E-06	70	1863	7.92E+00	-8.15E+00	-3.41E+02	9.36E+03	3.10E+01
2.06E-06	71	1866	8.92E+00	-9.12E+00	-3.57E+02	9.43E+03	3.00E+01
2.06E-06	72	1901	9.89E+00	-1.01E+01	-3.71E+02	9.48E+03	2.90E+01
2.06E-06	73	1922	1.07E+01	-1.08E+01	-3.80E+02	9.52E+03	2.80E+01
2.06E-06	74	1917	1.13E+01	-1.14E+01	-3.84E+02	9.55E+03	2.70E+01
2.06E-06	75	1884	1.20E+01	-1.21E+01	-3.87E+02	9.58E+03	2.60E+01
2.06E-06	76	2386	1.26E+01	-1.27E+01	-3.84E+02	9.59E+03	2.50E+01
2.06E-06	77	2088	1.31E+01	-1.32E+01	-3.83E+02	9.60E+03	2.40E+01
2.06E-06	78	1808	1.31E+01	-1.32E+01	-3.79E+02	9.61E+03	2.30E+01
2.06E-06	79	1877	1.29E+01	-1.30E+01	-3.76E+02	9.62E+03	2.20E+01
2.06E-06	80	1900	1.27E+01	-1.29E+01	-3.72E+02	9.62E+03	2.10E+01
2.06E-06	81	1996	1.25E+01	-1.27E+01	-3.72E+02	9.61E+03	2.00E+01
2.06E-06	82	2480	1.20E+01	-1.22E+01	-3.74E+02	9.59E+03	1.90E+01
2.06E-06	83	2020	1.15E+01	-1.17E+01	-3.75E+02	9.56E+03	1.80E+01
2.06E-06	84	1865	1.13E+01	-1.14E+01	-3.77E+02	9.54E+03	1.70E+01
2.06E-06	85	1818	1.14E+01	-1.14E+01	-3.80E+02	9.50E+03	1.60E+01
2.06E-06	86	1792	1.11E+01	-1.10E+01	-3.82E+02	9.48E+03	1.50E+01
2.06E-06	87	1878	1.07E+01	-1.06E+01	-3.83E+02	9.46E+03	1.40E+01
2.06E-06	88	1962	1.03E+01	-1.01E+01	-3.85E+02	9.47E+03	1.30E+01
2.06E-06	89	2388	1.02E+01	-1.00E+01	-3.88E+02	9.48E+03	1.20E+01
2.06E-06	90	1925	1.04E+01	-1.01E+01	-3.90E+02	9.49E+03	1.10E+01
2.06E-06	91	1861	1.05E+01	-1.03E+01	-3.92E+02	9.50E+03	1.00E+01
2.06E-06	92	1918	1.07E+01	-1.06E+01	-3.94E+02	9.51E+03	9.00E+00
2.06E-06	93	1917	1.10E+01	-1.09E+01	-3.97E+02	9.51E+03	8.00E+00
2.06E-06	94	1834	1.16E+01	-1.16E+01	-4.00E+02	9.50E+03	7.00E+00
2.06E-06	95	1832	1.20E+01	-1.21E+01	-4.01E+02	9.50E+03	6.00E+00
2.06E-06	96	2515	1.19E+01	-1.21E+01	-4.02E+02	9.53E+03	5.00E+00
2.06E-06	97	1836	1.20E+01	-1.22E+01	-4.01E+02	9.53E+03	4.00E+00
2.06E-06	98	1834	1.20E+01	-1.22E+01	-3.97E+02	9.55E+03	3.00E+00
2.06E-06	99	1881	1.21E+01	-1.23E+01	-3.93E+02	9.55E+03	2.00E+00
2.06E-06	100	1808	1.17E+01	-1.18E+01	-3.88E+02	9.51E+03	1.00E+00