 1.0018E-06        1  9.5492E-05  3.1134E+01 -3.0697E+01 -8.85E+02  9.27E+03
   1.0018E-06        2  2.8648E-04  3.3216E+01 -3.2847E+01 -9.09E+02  1.10E+04
   1.0018E-06        3  4.7746E-04  3.3179E+01 -3.2855E+01 -9.32E+02  1.23E+04
   1.0018E-06        4  6.6845E-04  3.3350E+01 -3.3189E+01 -9.46E+02  9.46E+03
   1.0018E-06        5  8.5943E-04  3.3907E+01 -3.3899E+01 -9.52E+02  1.34E+04
   1.0018E-06        6  1.0504E-03  3.4898E+01 -3.4978E+01 -9.49E+02  9.79E+03
   1.0018E-06        7  1.2414E-03  3.4189E+01 -3.4450E+01 -9.43E+02  9.69E+03
   1.0018E-06        8  1.4324E-03  3.3703E+01 -3.4075E+01 -9.30E+02  1.28E+04
   1.0018E-06        9  1.6234E-03  3.4417E+01 -3.4833E+01 -9.03E+02  1.10E+04
   1.0018E-06       10  1.8144E-03  3.5108E+01 -3.5573E+01 -8.76E+02  1.01E+04
   1.0018E-06       11  2.0053E-03  3.5088E+01 -3.5529E+01 -8.48E+02  1.30E+04
   1.0018E-06       12  2.1963E-03  3.6361E+01 -3.6661E+01 -8.16E+02  1.04E+04
   1.0018E-06       13  2.3873E-03  3.6329E+01 -3.6544E+01 -8.04E+02  9.67E+03
   1.0018E-06       14  2.5783E-03  3.6210E+01 -3.6387E+01 -7.90E+02  1.36E+04
   1.0018E-06       15  2.7693E-03  3.5547E+01 -3.5641E+01 -7.90E+02  9.60E+03
   1.0018E-06       16  2.9603E-03  3.3165E+01 -3.3285E+01 -7.93E+02  9.92E+03
   1.0018E-06       17  3.1512E-03  3.1251E+01 -3.1438E+01 -7.78E+02  1.38E+04
   1.0018E-06       18  3.3422E-03  2.8245E+01 -2.8542E+01 -7.61E+02  1.10E+04
   1.0018E-06       19  3.5332E-03  2.4333E+01 -2.4696E+01 -7.30E+02  9.91E+03
   1.0018E-06       20  3.7242E-03  1.9941E+01 -2.0362E+01 -6.53E+02  9.56E+03
   1.0018E-06       21  3.9152E-03  1.5640E+01 -1.6075E+01 -4.96E+02  8.94E+03
   1.0018E-06       22  4.1062E-03  1.0874E+01 -1.1263E+01 -3.60E+02  8.80E+03
   1.0018E-06       23  4.2972E-03  6.6194E+00 -6.9583E+00 -2.31E+02  8.86E+03
   1.0018E-06       24  4.4881E-03  3.5339E+00 -3.8254E+00 -1.30E+02  9.15E+03
   1.0018E-06       25  4.6791E-03  1.7110E+00 -1.9661E+00 -6.53E+01  9.73E+03
   1.0018E-06       26  4.8701E-03  8.1492E-01 -1.0472E+00 -3.30E+01  9.92E+03
   1.0018E-06       27  5.0611E-03  4.7324E-01 -6.3755E-01 -1.77E+01  9.92E+03
   1.0018E-06       28  5.2521E-03  2.9750E-01 -3.8748E-01 -9.91E+00  9.92E+03
   1.0018E-06       29  5.4431E-03  1.8005E-01 -2.3552E-01 -5.22E+00  9.92E+03
   1.0018E-06       30  5.6340E-03  1.1586E-01 -1.6642E-01 -2.43E+00  9.38E+03
   1.0018E-06       31  5.8250E-03  8.8891E-02 -1.3774E-01 -9.57E-01  8.94E+03
   1.0018E-06       32  6.0160E-03  7.5197E-02 -1.2277E-01 -3.61E-01  8.80E+03
   1.0018E-06       33  6.2070E-03  6.9632E-02 -1.1018E-01 -2.44E-01  8.86E+03
   1.0018E-06       34  6.3980E-03  6.6056E-02 -9.7328E-02 -2.63E-01  4.50E+03
   1.0018E-06       35  6.5890E-03  6.2787E-02 -7.9825E-02 -2.97E-01  9.42E+03
   1.0018E-06       36  6.7800E-03  6.9539E-02 -5.4551E-02 -2.27E-01  9.92E+03
   1.0018E-06       37  6.9709E-03  8.4216E-02 -3.8974E-02 -1.13E-01  9.92E+03
   1.0018E-06       38  7.1619E-03  8.7595E-02 -3.5288E-02  1.48E-02  9.92E+03
   1.0018E-06       39  7.3529E-03  7.6572E-02 -4.4697E-02  1.36E-01  9.92E+03
   1.0018E-06       40  7.5439E-03  6.4019E-02 -6.6776E-02  2.32E-01  9.73E+03
   1.0018E-06       41  7.7349E-03  6.4465E-02 -9.1203E-02  2.35E-01  9.11E+03
   1.0018E-06       42  7.9259E-03  6.6842E-02 -1.0640E-01  1.36E-01  8.84E+03
   1.0018E-06       43  8.1168E-03  6.7431E-02 -1.0985E-01 -1.16E-02  8.80E+03
   1.0018E-06       44  8.3078E-03  6.7041E-02 -1.0043E-01 -1.62E-01  8.96E+03
   1.0018E-06       45  8.4988E-03  6.4948E-02 -8.6958E-02 -2.42E-01  4.65E+03
   1.0018E-06       46  8.6898E-03  6.4853E-02 -6.7511E-02 -2.31E-01  9.73E+03
   1.0018E-06       47  8.8808E-03  7.7296E-02 -4.5193E-02 -1.56E-01  9.92E+03
   1.0018E-06       48  9.0718E-03  8.7746E-02 -3.5337E-02 -5.51E-02  9.92E+03
   1.0018E-06       49  9.2627E-03  8.3665E-02 -3.8451E-02  4.93E-02  9.92E+03
   1.0018E-06       50  9.4537E-03  6.8632E-02 -5.3800E-02  1.48E-01  9.92E+03
   1.0018E-06       51  9.6447E-03  6.2701E-02 -7.9412E-02  2.12E-01  9.38E+03
   1.0018E-06       52  9.8357E-03  6.6313E-02 -1.0037E-01  1.62E-01  8.94E+03
   1.0018E-06       53  1.0027E-02  6.7944E-02 -1.1027E-01  4.72E-02  8.80E+03
   1.0018E-06       54  1.0218E-02  6.8192E-02 -1.0740E-01 -8.49E-02  8.86E+03
   1.0018E-06       55  1.0409E-02  6.5588E-02 -9.2113E-02 -1.85E-01  9.15E+03
   1.0018E-06       56  1.0600E-02  6.1252E-02 -7.2055E-02 -2.11E-01  4.83E+03
   1.0018E-06       57  1.0791E-02  6.9519E-02 -5.4569E-02 -1.71E-01  9.92E+03
   1.0018E-06       58  1.0982E-02  8.3760E-02 -3.8402E-02 -9.60E-02  9.92E+03
   1.0018E-06       59  1.1173E-02  8.7086E-02 -3.4497E-02 -1.36E-02  9.92E+03
   1.0018E-06       60  1.1364E-02  7.6377E-02 -4.3989E-02  7.49E-02  9.92E+03
   1.0018E-06       61  1.1555E-02  6.4234E-02 -6.6522E-02  1.55E-01  9.73E+03
   1.0018E-06       62  1.1746E-02  6.5268E-02 -9.1265E-02  1.72E-01  9.15E+03
   1.0018E-06       63  1.1937E-02  6.8780E-02 -1.0763E-01  1.01E-01  8.86E+03
   1.0018E-06       64  1.2128E-02  6.9488E-02 -1.1171E-01 -1.09E-02  8.80E+03
   1.0018E-06       65  1.2319E-02  6.8282E-02 -1.0232E-01 -1.19E-01  8.94E+03
   1.0018E-06       66  1.2509E-02  6.3208E-02 -8.0401E-02 -1.85E-01  9.42E+03
   1.0018E-06       67  1.2700E-02  6.9529E-02 -6.3607E-02 -1.47E-01  4.96E+03
   1.0018E-06       68  1.2891E-02  7.7040E-02 -4.4786E-02 -1.12E-01  9.92E+03
   1.0018E-06       69  1.3082E-02  8.6834E-02 -3.3933E-02 -4.61E-02  9.92E+03
   1.0018E-06       70  1.3273E-02  8.2726E-02 -3.6710E-02  2.21E-02  9.92E+03
   1.0018E-06       71  1.3464E-02  6.8481E-02 -5.2568E-02  9.32E-02  9.92E+03
   1.0018E-06       72  1.3655E-02  6.2593E-02 -7.8476E-02  1.50E-01  9.42E+03
   1.0018E-06       73  1.3846E-02  6.8065E-02 -1.0090E-01  1.06E-01  8.96E+03
   1.0018E-06       74  1.4037E-02  6.9837E-02 -1.1173E-01  7.72E-03  8.80E+03
   1.0018E-06       75  1.4228E-02  6.9590E-02 -1.0831E-01 -1.08E-01  8.84E+03
   1.0018E-06       76  1.4419E-02  6.5743E-02 -9.1302E-02 -2.07E-01  9.15E+03
   1.0018E-06       77  1.4610E-02  6.4221E-02 -6.5920E-02 -2.14E-01  9.73E+03
   1.0018E-06       78  1.4801E-02  7.0765E-02 -4.4250E-02 -1.88E-01  5.00E+03
   1.0018E-06       79  1.4992E-02  8.2566E-02 -3.5951E-02 -1.22E-01  9.92E+03
   1.0018E-06       80  1.5183E-02  8.6229E-02 -3.2477E-02 -4.84E-02  9.92E+03
   1.0018E-06       81  1.5374E-02  7.6759E-02 -4.3115E-02  3.99E-02  9.92E+03
   1.0018E-06       82  1.5565E-02  6.6745E-02 -6.7927E-02  1.30E-01  9.73E+03
   1.0018E-06       83  1.5756E-02  6.8376E-02 -9.4889E-02  1.94E-01  9.15E+03
   1.0018E-06       84  1.5947E-02  7.3516E-02 -1.1427E-01  2.00E-01  8.86E+03
   1.0018E-06       85  1.6138E-02  7.5868E-02 -1.2118E-01  1.94E-01  8.80E+03
   1.0018E-06       86  1.6329E-02  7.5955E-02 -1.1352E-01  1.86E-01  8.96E+03
   1.0018E-06       87  1.6520E-02  7.1935E-02 -9.3178E-02  1.83E-01  9.38E+03
   1.0018E-06       88  1.6711E-02  7.4426E-02 -6.4938E-02  1.69E-01  9.92E+03
   1.0018E-06       89  1.6902E-02  8.5267E-02 -4.3482E-02  7.00E-02  9.65E+03
   1.0018E-06       90  1.7093E-02  8.0995E-02 -3.3687E-02  1.37E-02  9.92E+03
   1.0018E-06       91  1.7284E-02  6.6326E-02 -2.5113E-02 -1.54E-01  9.92E+03
   1.0018E-06       92  1.7475E-02  4.5658E-02 -3.2625E-02 -2.54E-01  9.92E+03
   1.0018E-06       93  1.7666E-02  4.2969E-02 -5.6228E-02 -2.84E-01  9.41E+03
   1.0018E-06       94  1.7857E-02  5.6936E-02 -8.4340E-02 -2.51E-01  8.96E+03
   1.0018E-06       95  1.8048E-02  6.8432E-02 -1.0703E-01 -9.30E-02  8.80E+03
   1.0018E-06       96  1.8239E-02  7.6891E-02 -1.1473E-01  7.54E-02  8.86E+03
   1.0018E-06       97  1.8430E-02  8.0472E-02 -1.0555E-01  2.19E-01  9.14E+03
   1.0018E-06       98  1.8621E-02  8.7094E-02 -8.6338E-02  3.71E-01  9.73E+03
   1.0018E-06       99  1.8812E-02  9.9251E-02 -6.4737E-02  3.27E-01  9.92E+03
   1.0018E-06      100  1.9003E-02  9.0501E-02 -4.7663E-02  1.31E-01  9.92E+03