NTS LL(mkm)  STRESS(GPa)   VEL(m / s)  DENS(kg/m3)  ENERGY(J) 
0 0.000149967 2.14117 100 5214.9 -4543.41
1 0.000338542 2.03137 111.463 5211.18 -4268.58
2 0.000527252 2.06648 111.783 5212.39 -4356.63
3 0.000715918 2.09466 109.758 5213.34 -4437.85
4 0.000904549 0.941733 105.87 5174.86 -2276.93
5 0.00109458 1.52505 85.737 5055.99 -5498.95
6 0.00128908 2.13603 73.2239 4968.82 -2379.06
7 0.001487 2.12195 69.7727 4968.45 -2348.63
8 0.00168493 2.12534 67.5306 4968.54 -2356.54
9 0.00188285 2.15106 66.3913 4969.21 -2415.04
10 0.00208075 2.20872 67.5206 4970.7 -2547.32
11 0.00227859 2.21657 68.6023 4970.91 -2565.91
12 0.00247642 2.20845 68.5771 4970.7 -2547.1
13 0.00267426 2.19667 68.4084 4970.39 -2520.03
14 0.00287211 2.18219 68.111 4970.02 -2486.81
15 0.00306998 2.16609 67.7042 4969.6 -2450.07
16 0.00326786 2.14957 67.216 4969.17 -2412.7
17 0.00346576 2.134 66.6825 4968.76 -2377.49
18 0.00366368 2.12033 66.1436 4968.41 -2346.95
19 0.00386161 2.1095 65.6381 4968.13 -2323.15
20 0.00405955 2.10259 65.1976 4967.95 -2307.74
21 0.0042575 2.09988 64.8491 4967.88 -2301.8
22 0.00445545 2.10273 64.6301 4967.95 -2308.32
23 0.0046534 2.12899 64.9434 4968.63 -2366.6
24 0.00485132 2.1363 65.6109 4968.82 -2382.96
25 0.00504924 2.1317 65.6166 4968.7 -2372.7
26 0.00524716 2.12426 65.53 4968.51 -2356.18
27 0.00544508 2.11397 65.3534 4968.24 -2333.1
28 0.00564302 2.10043 65.082 4967.89 -2303.23
29 0.00584097 2.08363 64.7097 4967.46 -2266.4
30 0.00603894 2.06346 64.2307 4966.93 -2222.47
31 0.00623693 2.03989 63.6384 4966.32 -2171.46
32 0.00643494 2.01253 62.9278 4965.61 -2113.41
33 0.00663299 1.98164 62.0934 4964.81 -2048.51
34 0.00683106 1.94695 61.1305 4963.92 -1977.06
35 0.00702917 1.90859 60.0345 4962.92 -1899.45
36 0.00722732 1.8667 58.8014 4961.84 -1816.24
37 0.00742551 1.82114 57.4284 4960.66 -1728.08
38 0.00762375 1.77218 55.9133 4959.4 -1635.79
39 0.00782204 1.71995 54.2551 4958.05 -1540.27
40 0.00802038 1.66498 52.4541 4956.63 -1442.53
41 0.00821879 1.60729 50.5124 4955.15 -1343.67
42 0.00841725 1.54754 48.4334 4953.61 -1244.81
43 0.00861577 1.48601 46.2223 4952.03 -1147.12
44 0.00881435 1.42336 43.8863 4950.42 -1051.71
45 0.009013 1.36029 41.4343 4948.8 -959.64
46 0.00921172 1.29706 38.877 4947.18 -871.869
47 0.0094105 1.23463 36.2263 4945.58 -789.151
48 0.00960934 1.17353 33.4966 4944.02 -712.203
49 0.00980825 1.11446 30.7026 4942.51 -641.479
50 0.0100072 1.05782 27.8597 4941.06 -577.288
51 0.0102062 1.00443 24.9846 4939.7 -519.76
52 0.0104053 0.954701 22.0944 4938.43 -468.865
53 0.0106045 0.90905 19.2057 4937.27 -424.443
54 0.0108036 0.86775 16.3356 4936.22 -386.212
55 0.0110029 0.831213 13.5004 4935.29 -353.821
56 0.0112021 0.799578 10.7156 4934.48 -326.857
57 0.0114014 0.772712 7.99644 4933.8 -304.877
58 0.0116007 0.750752 5.35649 4933.24 -287.443
59 0.0118001 0.733564 2.80835 4932.81 -274.103
60 0.0119994 0.72074 0.363523 4932.48 -264.43
61 0.0121988 0.712145 -1.96834 4932.26 -258.024
62 0.0123982 0.70737 -4.17882 4932.14 -254.5
63 0.0125976 0.706006 -6.26162 4932.11 -253.493
64 0.012797 0.707643 -8.21116 4932.15 -254.659
65 0.0129963 0.711599 -10.0242 4932.25 -257.666
66 0.0131957 0.717739 -11.6995 4932.4 -262.198
67 0.0133951 0.725379 -13.2367 4932.6 -267.952
68 0.0135945 0.73411 -14.6378 4932.82 -274.629
69 0.0137938 0.743659 -15.9054 4933.06 -281.962
70 0.0139932 0.75348 -17.0444 4933.31 -289.69
71 0.0141925 0.763437 -18.06 4933.57 -297.58
72 0.0143918 0.773257 -18.9588 4933.81 -305.428
73 0.0145912 0.782668 -19.7478 4934.05 -313.05
74 0.0147905 0.791532 -20.4342 4934.28 -320.296
75 0.0149898 0.799578 -21.0246 4934.48 -327.035
76 0.0151891 0.806942 -21.5271 4934.67 -333.154
77 0.0153883 0.813351 -21.9479 4934.83 -338.573
78 0.0155876 0.818805 -22.2929 4934.97 -343.205
79 0.0157869 0.823168 -22.5676 4935.08 -347.003
80 0.0159862 0.826577 -22.7771 4935.17 -349.914
81 0.0161854 0.828895 -22.9261 4935.23 -351.892
82 0.0163847 0.830122 -23.0189 4935.26 -352.924
83 0.0165839 0.830122 -23.061 4935.26 -353.012
84 0.0167832 0.826304 -23.06 4935.16 -349.66
85 0.0169825 0.824123 -23.0816 4935.11 -347.769
86 0.0171817 0.82385 -23.1419 4935.1 -347.548
87 0.017381 0.824805 -23.2232 4935.13 -348.389
88 0.0175803 0.826304 -23.2987 4935.16 -349.635
89 0.0177795 0.827259 -23.3435 4935.19 -350.43
90 0.0179788 0.816078 -23.3205 4934.9 -340.764
91 0.0181781 0.727561 -22.14 4932.65 -269.317
92 0.0183774 0.582761 -17.5209 4928.98 -169.982
93 0.0185769 0.554634 -18.2748 4928.27 -152.595
94 0.0187765 0.603922 -22.55 4929.52 -180.713
95 0.018976 1.83226 -31.0165 4873.82 1748.98
96 0.0191778 1.66508 2.50245 4781.35 6047.42
97 0.0193834 1.66258 2.58833 4781.41 6376.16
98 0.0195891 1.67476 1.72783 4781.06 6769.56
99 0.0197948 1.67189 0.898916 4781.15 6594.24
