0 0.000149969 1.81628 -100 5210.8 -2836.46
1 0.000338692 1.90046 -109.159 5213.78 -3044.77
2 0.000527307 1.93275 -108.683 5214.93 -3128.7
3 0.000715881 1.92642 -108.198 5214.72 -3117.27
4 0.000904463 0.935551 -110.441 5179.86 -1279.86
5 0.00109431 -1.97269 -100.186 5080.17 -3261.74
6 0.00128789 1.78954 -52.9536 4965.27 -1767.02
7 0.00148595 1.9761 -67.6834 4970.38 -2159.09
8 0.0016838 1.97174 -67.8816 4970.26 -2149.91
9 0.00188165 1.9761 -67.2488 4970.38 -2159.89
10 0.00207951 1.99185 -66.7159 4970.81 -2194.75
11 0.00227734 2.00695 -66.9569 4971.23 -2228.72
12 0.00247516 2.00273 -67.0871 4971.11 -2219.4
13 0.00267298 1.99517 -66.9993 4970.9 -2202.57
14 0.00287081 1.98544 -66.8107 4970.64 -2181.14
15 0.00306866 1.97443 -66.5335 4970.34 -2157.15
16 0.00326651 1.96329 -66.1907 4970.03 -2132.84
17 0.00346438 1.95292 -65.8121 4969.75 -2110.34
18 0.00366225 1.94421 -65.4309 4969.51 -2091.51
19 0.00386014 1.93793 -65.0815 4969.33 -2077.83
20 0.00405803 1.93434 -64.7959 4969.24 -2070.39
21 0.00425593 1.93434 -64.5918 4969.23 -2070.22
22 0.00445383 1.94293 -64.46 4969.47 -2088.97
23 0.00465172 1.94894 -64.825 4969.63 -2101.82
24 0.0048496 1.94459 -64.8373 4969.52 -2092.54
25 0.00504749 1.93755 -64.7635 4969.32 -2077.39
26 0.00524538 1.92768 -64.6054 4969.05 -2056.05
27 0.00544328 1.91462 -64.3559 4968.69 -2028.17
28 0.0056412 1.89822 -64.008 4968.24 -1993.51
29 0.00583914 1.87836 -63.5552 4967.7 -1951.9
30 0.0060371 1.85491 -62.9914 4967.06 -1903.29
31 0.00623508 1.82774 -62.3112 4966.31 -1847.71
32 0.0064331 1.79672 -61.5098 4965.46 -1785.3
33 0.00663115 1.76172 -60.5834 4964.51 -1716.33
34 0.00682923 1.72286 -59.5292 4963.44 -1641.21
35 0.00702736 1.68015 -58.3445 4962.27 -1560.46
36 0.00722554 1.63345 -57.0293 4961 -1474.75
37 0.00742376 1.58315 -55.5837 4959.62 -1384.87
38 0.00762204 1.5291 -54.0099 4958.15 -1291.73
39 0.00782038 1.47183 -52.312 4956.59 -1196.36
40 0.00801879 1.41132 -50.4957 4954.94 -1099.83
41 0.00821726 1.3481 -48.5688 4953.23 -1003.28
42 0.00841579 1.28267 -46.5413 4951.45 -907.855
43 0.0086144 1.21515 -44.4245 4949.62 -814.644
44 0.00881308 1.14632 -42.2322 4947.75 -724.695
45 0.00901184 1.07643 -39.9789 4945.86 -638.943
46 0.00921067 1.00626 -37.6814 4943.96 -558.187
47 0.00940958 0.936316 -35.3568 4942.07 -483.062
48 0.00960857 0.866988 -33.0224 4940.2 -414.034
49 0.00980763 0.798793 -30.6965 4938.37 -351.4
50 0.0100068 0.732377 -28.3965 4936.58 -295.269
51 0.010206 0.668 -26.1393 4934.85 -245.595
52 0.0104052 0.606181 -23.941 4933.19 -202.184
53 0.0106046 0.547181 -21.8158 4931.61 -164.718
54 0.010804 0.49139 -19.7767 4930.11 -132.79
55 0.0110035 0.43894 -17.8345 4928.7 -105.918
56 0.011203 0.389964 -15.9984 4927.39 -83.5862
57 0.0114026 0.344594 -14.2749 4926.18 -65.2563
58 0.0116022 0.302833 -12.669 4925.07 -50.3989
59 0.0118019 0.264684 -11.183 4924.05 -38.503
60 0.0120016 0.230148 -9.81802 4923.13 -29.0981
61 0.0122013 0.198969 -8.57287 4922.3 -21.7515
62 0.0124011 0.171149 -7.44486 4921.55 -16.0838
63 0.0126009 0.146431 -6.43009 4920.89 -11.764
64 0.0128008 0.124558 -5.52314 4920.31 -8.51094
65 0.0130006 0.1054 -4.71832 4919.8 -6.09083
66 0.0132005 0.0886995 -4.0088 4919.36 -4.31193
67 0.0134004 0.0741988 -3.38724 4918.97 -3.01953
68 0.0136004 0.0617686 -2.84655 4918.64 -2.09189
69 0.0138003 0.0511505 -2.37918 4918.36 -1.43367
70 0.0140002 0.0420858 -1.97762 4918.12 -0.972088
71 0.0142002 0.0344451 -1.63504 4917.91 -0.652089
72 0.0144001 0.0280992 -1.34427 4917.75 -0.432847
73 0.0146001 0.0227892 -1.09936 4917.6 -0.284272
74 0.0148001 0.0183857 -0.894142 4917.49 -0.184756
75 0.0150001 0.0147592 -0.723353 4917.39 -0.118835
76 0.0152001 0.0117802 -0.581948 4917.31 -0.0756506
77 0.0154 0.00931926 -0.465648 4917.25 -0.0476669
78 0.0156 0.00737639 -0.370554 4917.19 -0.0297331
79 0.0158 0.00582208 -0.293254 4917.15 -0.0183612
80 0.016 0.00452681 -0.230749 4917.12 -0.0112284
81 0.0162 0.00349059 -0.180508 4917.09 -0.00680214
82 0.0164 0.00271342 -0.140421 4917.07 -0.00408174
83 0.0166 0.00206577 -0.108571 4917.05 -0.00242652
84 0.0168 0.00167718 -0.0834519 4917.04 -0.00142854
85 0.017 0.00128859 -0.0635526 4917.03 -0.000834916
86 0.0172 0.000900003 -0.0480817 4917.02 -0.000484285
87 0.0174 0.000770473 -0.0360755 4917.02 -0.00027885
88 0.0176 0.000511413 -0.0267562 4917.01 -0.000159722
89 0.0178 0.000381873 -0.0196693 4917.01 -9.06689e-05
90 0.018 0.000252431 -0.0143096 4917.01 -5.07642e-05
91 0.0182 0.000252431 -0.00980334 4917 -2.9186e-05
92 0.0184 0.000122085 -0.00715603 4917 -1.59202e-05
93 0.0186 0.000122085 -0.00432226 4917 -9.33073e-06
94 0.0188 0.000122085 -0.00254764 4917 -5.44417e-06
95 0.019 0.000122085 -0.00148338 4917 -3.1805e-06
96 0.0192 0.000122085 -0.000856411 4917 -1.87349e-06
97 0.0194 0.000122085 -0.000485593 4917 -1.1324e-06
98 0.0196 0.000122085 -0.000260306 4917 -7.36048e-08
99 0.0198 0.000122085 -0.000113143 4917 0.00050893
