NTS LL(mkm)  STRESS(GPa)   VEL(m / s)  DENS(kg/m3)  ENERGY(J) 
0 401.468 5.72294 200 9055.51 -19710.6
1 589.044 5.72286 199.953 9055.5 -19750.4
2 776.621 5.72278 199.905 9055.5 -19748.6
3 964.197 5.72262 199.858 9055.49 -19751.6
4 1151.77 5.72238 199.811 9055.48 -19754.1
5 1339.35 5.72206 199.764 9055.47 -19757.3
6 1526.93 5.72166 199.717 9055.45 -19756
7 1714.51 5.72119 199.669 9055.42 -19755.4
8 1902.08 5.72119 199.622 9055.39 -19753.6
9 2089.66 5.72043 199.575 9055.35 -19752
10 2277.24 5.71907 199.524 9055.28 -19747.6
11 2464.82 5.71756 199.467 9055.19 -19740.9
12 2652.41 5.71482 199.402 9055.04 -19730.6
13 2839.99 5.71107 199.319 9054.8 -19715.2
14 3027.58 5.70524 199.209 9054.42 -19688.9
15 3215.18 5.69489 199.053 9053.81 -19646.1
16 3402.8 5.67892 198.82 9052.85 -19579.7
17 3590.43 5.6542 198.464 9051.32 -19474.9
18 3778.09 5.61471 197.912 9048.93 -19309.7
19 3965.8 5.55363 197.06 9045.21 -19056.7
20 4153.59 5.45918 195.743 9039.5 -18671.7
21 4341.5 5.31537 193.718 9030.77 -18096
22 4529.59 5.09709 190.615 9017.58 -17253.3
23 4717.96 4.76819 185.881 8997.78 -16049.8
24 4906.74 4.27553 178.722 8968.25 -14395.2
25 5096.14 3.64498 168.023 8924.83 -12269.1
26 5286.46 3.33299 153.551 8877.62 -10191.2
27 5477.8 3.02887 139.397 8832.3 -8353.59
28 5670.11 2.73185 125.639 8788.77 -6738.45
29 5863.38 2.44124 112.291 8746.79 -5327.02
30 6057.58 2.15751 99.3139 8706.45 -4109.14
31 6252.68 1.8784 86.5642 8667.37 -3065.44
32 6448.65 1.54013 73.6498 8630.21 -2204.11
33 6645.47 2.25451 59.1429 8591.93 -1530.3
34 6843.17 2.25724 56.4593 8592.05 -1534.06
35 7040.86 2.24205 55.5429 8591.38 -1513.43
36 7238.57 2.22446 55.1384 8590.59 -1489.61
37 7436.3 2.2014 54.7629 8589.56 -1458.8
38 7634.05 2.1722 54.2674 8588.26 -1420.23
39 7831.84 2.13652 53.6237 8586.67 -1373.76
40 8029.65 2.0939 52.8247 8584.77 -1319.34
41 8227.52 2.04409 51.8615 8582.55 -1257.09
42 8425.43 1.98687 50.7248 8580.01 -1187.42
43 8623.4 1.92223 49.4074 8577.13 -1111.12
44 8821.44 1.85038 47.907 8573.94 -1029.29
45 9019.55 1.77163 46.2261 8570.45 -943.315
46 9217.74 1.68677 44.3725 8566.69 -854.8
47 9416.02 1.59647 42.359 8562.7 -765.484
48 9614.4 1.50176 40.2034 8558.52 -677.106
49 9812.86 1.40371 37.9275 8554.19 -591.353
50 10011.4 1.3035 35.5567 8549.78 -509.728
51 10210.1 1.2023 33.119 8545.33 -433.502
52 10408.9 1.10144 30.6438 8540.9 -363.642
53 10607.8 1.00194 28.1613 8536.54 -300.805
54 10806.7 0.904969 25.7008 8532.3 -245.317
55 11005.8 0.811562 23.2903 8528.22 -197.21
56 11205 0.722505 20.9555 8524.33 -156.251
57 11404.3 0.638511 18.7186 8520.67 -121.999
58 11603.6 0.560215 16.5989 8517.26 -93.8614
59 11803 0.487781 14.6113 8514.11 -71.152
60 12002.5 0.421608 12.7669 8511.24 -53.1416
61 12202.1 0.361703 11.0727 8508.64 -39.1035
62 12401.7 0.307993 9.53198 8506.31 -28.3476
63 12601.4 0.260326 8.14467 8504.25 -20.2462
64 12801.2 0.218392 6.90739 8502.43 -14.2462
65 13000.9 0.181878 5.81446 8500.85 -9.87619
66 13200.8 0.150317 4.85814 8499.49 -6.74577
67 13400.6 0.123317 4.02893 8498.32 -4.53987
68 13600.5 0.100407 3.31653 8497.33 -3.01057
69 13800.4 0.0811957 2.70993 8496.5 -1.96733
70 14000.3 0.065132 2.19788 8495.81 -1.26694
71 14200.2 0.0519021 1.76952 8495.24 -0.804109
72 14400.2 0.0410341 1.41425 8494.77 -0.502994
73 14600.1 0.0322132 1.12205 8494.39 -0.31018
74 14800.1 0.0251246 0.883788 8494.08 -0.188545
75 15000.1 0.0194537 0.691025 8493.84 -0.112998
76 15200.1 0.014964 0.536461 8493.64 -0.066773
77 15400 0.0114195 0.413364 8493.49 -0.038911
78 15600 0.00866256 0.316309 8493.37 -0.0223628
79 15800 0.00653577 0.240227 8493.28 -0.0126759
80 16000 0.00488159 0.181098 8493.21 -0.00708946
81 16200 0.00362126 0.135543 8493.15 -0.00391256
82 16400 0.002676 0.100637 8493.11 -0.00213163
83 16600 0.00196705 0.0741886 8493.08 -0.0011459
84 16800 0.00141565 0.0542061 8493.06 -0.000608369
85 17000 0.00102179 0.0392449 8493.04 -0.000319154
86 17200 0.000706697 0.0281873 8493.03 -0.000165242
87 17400 0.000549152 0.0199161 8493.02 -8.49475e-05
88 17600 0.000391606 0.0139431 8493.01 -4.3149e-05
89 17800 0.000234061 0.00971677 8493.01 -2.13056e-05
90 18000 0.000155296 0.00645252 8493.01 -1.04742e-05
91 18200 0.000155296 0.00400402 8493 -5.36701e-06
92 18400 7.63863e-05 0.00266345 8493 -2.54524e-06
93 18600 7.63863e-05 0.00133699 8493 -1.2668e-06
94 18800 7.63863e-05 0.000663776 8493 -6.31874e-07
95 19000 7.63863e-05 0.00033078 8493 -3.15505e-07
96 19200 7.63863e-05 0.000164737 8493 -1.57955e-07
97 19400 7.63863e-05 8.12374e-05 8493 -8.02588e-08
98 19600 7.63863e-05 3.85723e-05 8493 8.90876e-07
99 19800 7.63863e-05 1.53879e-05 8493 0.00130505
