NTS LL(mkm)  STRESS(GPa)   VEL(m / s)  DENS(kg/m3)  ENERGY(J) 
0 421.755 5.7264 200 9055.73 -19726.3
1 609.327 5.72632 199.956 9055.73 -19766.1
2 796.899 5.72624 199.911 9055.72 -19764.2
3 984.471 5.72608 199.867 9055.71 -19767.2
4 1172.04 5.72577 199.822 9055.7 -19769.6
5 1359.62 5.72545 199.778 9055.69 -19772.7
6 1547.19 5.72579 199.736 9055.67 -19771.5
7 1734.76 5.72531 199.693 9055.65 -19771
8 1922.33 5.72468 199.65 9055.62 -19769.4
9 2109.91 5.72396 199.605 9055.58 -19768.2
10 2297.48 5.7235 199.559 9055.53 -19765.2
11 2485.06 5.72214 199.513 9055.47 -19760.6
12 2672.64 5.72087 199.459 9055.38 -19754.4
13 2860.22 5.71868 199.401 9055.24 -19745.9
14 3047.8 5.71466 199.327 9055.03 -19731.2
15 3235.38 5.70942 199.23 9054.7 -19707.5
16 3422.98 5.70115 199.091 9054.17 -19671.7
17 3610.58 5.68752 198.89 9053.35 -19615.3
18 3798.2 5.66607 198.585 9052.06 -19525.3
19 3985.85 5.63312 198.118 9050.04 -19386.8
20 4173.54 5.58161 197.399 9046.93 -19173.4
21 4361.3 5.50254 196.29 9042.14 -18849.1
22 4549.15 5.38274 194.588 9034.85 -18364.1
23 4737.15 5.20016 191.991 9023.82 -17647.9
24 4925.39 4.92526 188.064 9007.22 -16613.8
25 5113.97 4.51156 182.161 8982.35 -15164.1
26 5303.08 3.89148 173.268 8945.37 -13231.6
27 5492.96 3.46847 159.742 8898.03 -11070
28 5683.86 3.16217 145.452 8852.09 -9136.42
29 5875.74 2.86284 131.584 8807.88 -7429.29
30 6068.59 2.57122 118.056 8765.46 -5936.78
31 6262.38 2.28514 104.845 8724.51 -4637.78
32 6457.07 2.00716 92.0078 8685.31 -3527.48
33 6652.64 1.72978 79.8539 8646.8 -2569.9
34 6849.08 1.20331 68.4959 8605.37 -1746.61
35 7046.47 2.22438 53.6662 8590.59 -1489.47
36 7244.2 2.2563 55.5145 8592.01 -1532.76
37 7441.9 2.24182 55.4629 8591.37 -1513.11
38 7639.61 2.22305 55.1579 8590.53 -1487.84
39 7837.34 2.2 54.7405 8589.5 -1456.98
40 8035.09 2.17173 54.2278 8588.24 -1419.61
41 8232.87 2.13753 53.5979 8586.71 -1375.07
42 8430.69 2.09686 52.83 8584.9 -1323.08
43 8628.55 2.04947 51.9094 8582.79 -1263.71
44 8826.45 1.99506 50.8259 8580.37 -1197.29
45 9024.42 1.93369 49.5732 8577.64 -1124.49
46 9222.44 1.86544 48.1483 8574.61 -1046.24
47 9420.54 1.79068 46.5527 8571.3 -963.779
48 9618.71 1.70988 44.7924 8567.72 -878.505
49 9816.97 1.62374 42.8777 8563.9 -791.978
50 10015.3 1.53318 40.8238 8559.9 -705.802
51 10213.8 1.43898 38.6495 8555.75 -621.545
52 10412.3 1.34231 36.3768 8551.49 -540.653
53 10610.9 1.24426 34.0307 8547.18 -464.384
54 10809.6 1.146 31.6379 8542.86 -393.754
55 11008.5 1.04848 29.2256 8538.58 -329.497
56 11207.4 0.952949 26.8214 8534.4 -272.054
57 11406.4 0.860193 24.4517 8530.34 -221.595
58 11605.6 0.771158 22.1412 8526.45 -178.032
59 11804.8 0.686557 19.9123 8522.76 -141.061
60 12004.1 0.606945 17.7843 8519.3 -110.216
61 12203.5 0.5328 15.7734 8516.07 -84.9125
62 12402.9 0.464442 13.8918 8513.1 -64.5006
63 12602.5 0.402035 12.1487 8510.39 -48.3046
64 12802 0.345505 10.5491 8507.94 -35.6652
65 13001.7 0.29478 9.09525 8505.74 -25.9608
66 13201.4 0.249706 7.78611 8503.79 -18.6298
67 13401.1 0.210051 6.61793 8502.07 -13.1801
68 13600.9 0.175504 5.58503 8500.58 -9.19317
69 13800.7 0.145516 4.67996 8499.28 -6.3219
70 14000.6 0.119853 3.8938 8498.17 -4.28639
71 14200.5 0.0979666 3.21666 8497.23 -2.86555
72 14400.4 0.0795421 2.63856 8496.43 -1.88904
73 14600.3 0.064187 2.14907 8495.77 -1.22789
74 14800.2 0.0513509 1.73815 8495.21 -0.787188
75 15000.2 0.0408766 1.39598 8494.76 -0.497675
76 15200.1 0.0322919 1.11325 8494.39 -0.310352
77 15400.1 0.0252822 0.881647 8494.09 -0.190899
78 15600.1 0.0196899 0.693378 8493.85 -0.115837
79 15800.1 0.0152791 0.541548 8493.66 -0.0693605
80 16000 0.0117345 0.420075 8493.5 -0.0409697
81 16200 0.00897763 0.323536 8493.38 -0.0238799
82 16400 0.00677208 0.247456 8493.29 -0.0137383
83 16600 0.00511791 0.187933 8493.22 -0.00780223
84 16800 0.00385757 0.141746 8493.16 -0.00437313
85 17000 0.00283354 0.10606 8493.12 -0.00242148
86 17200 0.0021246 0.0788421 8493.09 -0.00132392
87 17400 0.00157319 0.058109 8493.07 -0.000715119
88 17600 0.00110056 0.0424911 8493.05 -0.000381593
89 17800 0.000785469 0.0308091 8493.03 -0.000201115
90 18000 0.000627924 0.0220655 8493.02 -0.000104781
91 18200 0.000391606 0.0156287 8493.02 -5.38841e-05
92 18400 0.000312834 0.010792 8493.01 -2.77439e-05
93 18600 0.000234061 0.0073925 8493.01 -1.40928e-05
94 18800 0.000155296 0.00494142 8493 -6.98747e-06
95 19000 7.63863e-05 0.00324315 8493 -3.32729e-06
96 19200 7.63863e-05 0.00170556 8493 -1.69836e-06
97 19400 7.63863e-05 0.000862527 8493 -8.73978e-07
98 19600 7.63863e-05 0.000414046 8493 4.56156e-07
99 19800 7.63863e-05 0.00016612 8493 0.00130489
