NTS LL(mkm)  STRESS(GPa)   VEL(m / s)  DENS(kg/m3)  ENERGY(J) 
0 421.631 5.7264 200 9055.73 -19726.2
1 609.203 5.72632 199.955 9055.73 -19766
2 796.775 5.72616 199.911 9055.72 -19764.1
3 984.347 5.726 199.867 9055.71 -19767.1
4 1171.92 5.72577 199.822 9055.7 -19769.5
5 1359.49 5.72545 199.778 9055.69 -19772.6
6 1547.06 5.72571 199.736 9055.67 -19771.4
7 1734.64 5.72523 199.693 9055.65 -19770.9
8 1922.21 5.72468 199.649 9055.62 -19769.4
9 2109.78 5.72396 199.605 9055.58 -19768.1
10 2297.36 5.7235 199.559 9055.53 -19765.1
11 2484.94 5.72214 199.513 9055.47 -19760.5
12 2672.51 5.72087 199.459 9055.38 -19754.3
13 2860.09 5.7186 199.4 9055.24 -19745.8
14 3047.67 5.71458 199.326 9055.03 -19731
15 3235.26 5.70934 199.23 9054.69 -19707.2
16 3422.85 5.70107 199.09 9054.17 -19671.3
17 3610.46 5.68736 198.888 9053.34 -19614.6
18 3798.08 5.66576 198.582 9052.05 -19524.3
19 3985.73 5.63273 198.114 9050.02 -19385.3
20 4173.42 5.58097 197.392 9046.89 -19171.1
21 4361.17 5.50219 196.279 9042.09 -18845.6
22 4549.03 5.38162 194.57 9034.78 -18358.9
23 4737.03 5.19838 191.964 9023.71 -17640.4
24 4925.27 4.92238 188.021 9007.04 -16603.1
25 5113.86 4.50695 182.098 8982.09 -15149.4
26 5302.97 3.88476 173.177 8944.97 -13212.3
27 5492.86 3.46575 159.609 8897.62 -11051.9
28 5683.77 3.15931 145.327 8851.69 -9120.37
29 5875.66 2.86025 131.464 8807.49 -7415.11
30 6068.52 2.56857 117.94 8765.09 -5924.35
31 6262.31 2.2826 104.729 8724.15 -4627.04
32 6457.01 2.00468 91.8858 8684.98 -3518.55
33 6652.59 1.72755 79.7277 8646.49 -2562.73
34 6849.04 1.19789 68.4043 8604.97 -1740.1
35 7046.44 2.22547 53.6064 8590.64 -1491.01
36 7244.17 2.25623 55.5276 8592.01 -1532.72
37 7441.86 2.24167 55.4649 8591.36 -1512.86
38 7639.57 2.22282 55.1543 8590.52 -1487.5
39 7837.3 2.19969 54.7348 8589.49 -1456.56
40 8035.06 2.17134 54.2209 8588.22 -1419.11
41 8232.84 2.13706 53.5895 8586.69 -1374.47
42 8430.66 2.09631 52.8196 8584.88 -1322.37
43 8628.51 2.04877 51.8968 8582.76 -1262.9
44 8826.42 1.99428 50.8109 8580.34 -1196.38
45 9024.39 1.93283 49.5557 8577.6 -1123.48
46 9222.41 1.8645 48.1283 8574.57 -1045.15
47 9420.51 1.78959 46.5301 8571.25 -962.624
48 9618.69 1.70871 44.7673 8567.66 -877.306
49 9816.94 1.62249 42.8502 8563.85 -790.757
50 10015.3 1.53185 40.7941 8559.84 -704.581
51 10213.7 1.43757 38.6179 8555.69 -620.347
52 10412.3 1.3409 36.3435 8551.43 -539.5
53 10610.9 1.24285 33.9962 8547.11 -463.294
54 10809.6 1.14452 31.6024 8542.79 -392.742
55 11008.5 1.04707 29.1896 8538.52 -328.575
56 11207.4 0.95146 26.7853 8534.33 -271.228
57 11406.4 0.858781 24.416 8530.28 -220.868
58 11605.6 0.769824 22.1062 8526.39 -177.403
59 11804.8 0.685223 19.8784 8522.71 -140.527
60 12004.1 0.605767 17.7518 8519.24 -109.77
61 12203.5 0.5317 15.7424 8516.02 -84.5462
62 12402.9 0.463421 13.8627 8513.05 -64.2048
63 12602.4 0.401013 12.1216 8510.35 -48.0698
64 12802 0.344562 10.5241 8507.9 -35.4819
65 13001.7 0.293993 9.07246 8505.71 -25.8199
66 13201.4 0.248998 7.76547 8503.76 -18.5233
67 13401.1 0.209421 6.59945 8502.05 -13.1009
68 13600.9 0.174953 5.56864 8500.55 -9.13522
69 13800.7 0.145044 4.6655 8499.26 -6.28018
70 14000.6 0.11946 3.88122 8498.15 -4.25679
71 14200.5 0.0976517 3.20575 8497.21 -2.8449
72 14400.4 0.0792271 2.6292 8496.42 -1.87486
73 14600.3 0.0638721 2.14113 8495.76 -1.21829
74 14800.2 0.0511934 1.73148 8495.21 -0.78078
75 15000.2 0.0406403 1.39036 8494.75 -0.493473
76 15200.1 0.0321344 1.10863 8494.38 -0.30763
77 15400.1 0.0252034 0.877834 8494.08 -0.189164
78 15600.1 0.0196112 0.690258 8493.84 -0.114748
79 15800.1 0.0152003 0.539041 8493.65 -0.0686854
80 16000 0.0116558 0.418043 8493.5 -0.0405584
81 16200 0.00889886 0.321925 8493.38 -0.0236324
82 16400 0.00677208 0.246191 8493.29 -0.0135909
83 16600 0.00511791 0.186936 8493.22 -0.00771581
84 16800 0.0037788 0.140946 8493.16 -0.00432387
85 17000 0.00283354 0.105466 8493.12 -0.0023933
86 17200 0.0021246 0.0783926 8493.09 -0.00130782
87 17400 0.00157319 0.0577572 8493.06 -0.000706135
88 17600 0.00110056 0.0422012 8493.05 -0.000376901
89 17800 0.000785469 0.0306073 8493.03 -0.00019861
90 18000 0.000627924 0.0219425 8493.02 -0.000103299
91 18200 0.000391606 0.0154926 8493.02 -5.3195e-05
92 18400 0.000312834 0.0107223 8493.01 -2.7355e-05
93 18600 0.000234061 0.00733592 8493.01 -1.38828e-05
94 18800 0.000155296 0.00488999 8493 -6.89136e-06
95 19000 7.63863e-05 0.00320965 8493 -3.28444e-06
96 19200 7.63863e-05 0.00168522 8493 -1.67489e-06
97 19400 7.63863e-05 0.000850988 8493 -8.61507e-07
98 19600 7.63863e-05 0.0004082 8493 4.63045e-07
99 19800 7.63863e-05 0.000163741 8493 0.0013049
