NTS LL(mkm)  STRESS(GPa)   VEL(m / s)  DENS(kg/m3)  ENERGY(J) 
0 201.19 5.67249 200 9052.43 -19496.4
1 388.83 5.67042 199.9 9052.32 -19529.1
2 576.473 5.6656 199.78 9052.04 -19508
3 764.121 5.65547 199.614 9051.4 -19467.7
4 951.783 5.63386 199.345 9050.09 -19380.7
5 1139.47 5.59265 198.868 9047.59 -19213.2
6 1327.21 5.51793 198.008 9043.05 -18905
7 1515.05 5.38837 196.475 9035.2 -18382.2
8 1703.05 5.17292 193.81 9022.16 -17538.6
9 1891.31 4.82605 189.311 9001.24 -16252.1
10 2080.02 4.28154 181.955 8968.6 -14412
11 2269.42 3.61168 170.331 8919.76 -12036.6
12 2459.85 3.2656 154.602 8867.52 -9766.5
13 2651.4 2.92873 139.018 8817.56 -7788.97
14 2844.04 2.6039 123.721 8770.19 -6095.13
15 3037.72 2.29296 108.788 8725.63 -4669.52
16 3232.39 1.99625 94.3496 8683.8 -3486.73
17 3427.99 1.71257 80.8152 8644.44 -2515.64
18 3624.49 1.16803 68.7828 8602.76 -1704.29
19 3821.94 2.18388 54.1633 8588.78 -1434.99
20 4019.71 2.12452 54.1162 8586.13 -1357.76
21 4217.54 2.03388 52.9854 8582.1 -1243.98
22 4415.46 1.92379 51.0177 8577.2 -1112.49
23 4613.5 1.79778 48.5214 8571.61 -970.996
24 4811.66 1.65857 45.6088 8565.44 -825.978
25 5009.97 1.50973 42.3383 8558.87 -683.976
26 5208.43 1.35537 38.7859 8552.06 -550.942
27 5407.05 1.1998 35.0486 8545.22 -431.464
28 5605.83 1.04707 31.231 8538.52 -328.408
29 5804.76 0.900813 27.4369 8532.12 -242.898
30 6003.84 0.763861 23.7605 8526.13 -174.554
31 6203.07 0.638433 20.2823 8520.67 -121.879
32 6402.42 0.526044 17.0648 8515.78 -82.6894
33 6601.88 0.427189 14.1522 8511.48 -54.5172
34 6801.45 0.342046 11.569 8507.79 -34.9348
35 7001.1 0.270002 9.32277 8504.67 -21.7622
36 7200.83 0.210208 7.40656 8502.08 -13.1815
37 7400.61 0.161337 5.80163 8499.97 -7.76528
38 7600.45 0.122136 4.4812 8498.27 -4.45029
39 7800.33 0.0912741 3.41354 8496.94 -2.48199
40 8000.23 0.0672582 2.56483 8495.9 -1.34737
41 8200.16 0.0489095 1.90088 8495.11 -0.712247
42 8400.11 0.0350485 1.38998 8494.51 -0.366722
43 8600.08 0.0248884 1.00294 8494.07 -0.183972
44 8800.05 0.0174058 0.714067 8493.75 -0.0899638
45 9000.04 0.0119708 0.501763 8493.52 -0.0429006
46 9200.02 0.00818994 0.348013 8493.35 -0.0199586
47 9400.02 0.00551176 0.238208 8493.24 -0.00906615
48 9600.01 0.00370003 0.160992 8493.16 -0.00402229
49 9800.01 0.00243968 0.107315 8493.1 -0.00174582
50 10000 0.00157319 0.0706029 8493.07 -0.000742158
51 10200 0.00102179 0.0457803 8493.04 -0.000309628
52 10400 0.000627924 0.0292341 8493.03 -0.000127203
53 10600 0.000391606 0.0183318 8493.02 -5.16732e-05
54 10800 0.000234061 0.0112651 8493.01 -2.07889e-05
55 11000 0.000155296 0.00666846 8493.01 -8.48731e-06
56 11200 7.63863e-05 0.00388715 8493 -3.32744e-06
57 11400 7.63863e-05 0.00187229 8493 -1.53575e-06
58 11600 7.63863e-05 0.000871427 8493 -7.01042e-07
59 11800 7.63863e-05 0.000399308 8493 -3.18384e-07
60 12000 7.63863e-05 0.000181877 8493 -1.44064e-07
61 12200 7.63863e-05 8.25485e-05 8493 -6.49368e-08
62 12400 7.63863e-05 3.73296e-05 8493 -2.91533e-08
63 12600 7.63863e-05 1.68135e-05 8493 -1.30327e-08
64 12800 7.63863e-05 7.54148e-06 8493 -5.80065e-09
65 13000 7.63863e-05 3.36837e-06 8493 -2.57163e-09
66 13200 7.63863e-05 1.49803e-06 8493 -1.1349e-09
67 13400 7.63863e-05 6.63334e-07 8493 -4.98566e-10
68 13600 7.63863e-05 2.92427e-07 8493 -2.17884e-10
69 13800 7.63863e-05 1.28334e-07 8493 -9.53286e-11
70 14000 7.63863e-05 5.60624e-08 8493 -4.0955e-11
71 14200 7.63863e-05 2.43763e-08 8493 -1.77085e-11
72 14400 7.63863e-05 1.05485e-08 8493 -7.72253e-12
73 14600 7.63863e-05 4.54269e-09 8493 -3.27663e-12
74 14800 7.63863e-05 1.94669e-09 8493 -1.16926e-12
75 15000 7.63863e-05 8.3006e-10 8493 0
76 15200 7.63863e-05 3.52147e-10 8493 0
77 15400 7.63863e-05 1.48631e-10 8493 0
78 15600 7.63863e-05 6.24082e-11 8493 0
79 15800 7.63863e-05 2.6067e-11 8493 0
80 16000 7.63863e-05 1.08301e-11 8493 0
81 16200 7.63863e-05 4.47553e-12 8493 0
82 16400 7.63863e-05 1.8395e-12 8493 0
83 16600 7.63863e-05 7.51928e-13 8493 0
84 16800 7.63863e-05 3.05668e-13 8493 0
85 17000 7.63863e-05 1.23567e-13 8493 0
86 17200 7.63863e-05 4.96717e-14 8493 0
87 17400 7.63863e-05 1.98542e-14 8493 0
88 17600 7.63863e-05 7.89063e-15 8493 0
89 17800 7.63863e-05 3.11797e-15 8493 0
90 18000 7.63863e-05 1.22494e-15 8493 0
91 18200 7.63863e-05 4.78436e-16 8493 0
92 18400 7.63863e-05 1.85774e-16 8493 0
93 18600 7.63863e-05 7.17043e-17 8493 0
94 18800 7.63863e-05 2.7515e-17 8493 0
95 19000 7.63863e-05 1.04994e-17 8493 0
96 19200 7.63863e-05 3.97794e-18 8493 0
97 19400 7.63863e-05 1.49306e-18 8493 0
98 19600 7.63863e-05 5.43901e-19 8493 9.3424e-07
99 19800 7.63863e-05 1.74861e-19 8493 0.00130381
