NTS LL(mkm)  STRESS(GPa)   VEL(m / s)  DENS(kg/m3)  ENERGY(J) 
0 200.817 5.67225 200 9052.42 -19495.8
1 388.457 5.67018 199.899 9052.31 -19528.3
2 576.1 5.66528 199.779 9052.02 -19507
3 763.748 5.65499 199.612 9051.38 -19466
4 951.411 5.6332 199.34 9050.05 -19377.7
5 1139.1 5.59106 198.856 9047.51 -19207.9
6 1326.84 5.51571 197.985 9042.91 -18895.6
7 1514.68 5.38453 196.433 9034.96 -18366.4
8 1702.68 5.16639 193.735 9021.76 -17512.8
9 1890.96 4.81491 189.181 9000.58 -16212.9
10 2079.68 4.26435 181.733 8967.56 -14357.1
11 2269.1 3.60261 169.956 8918.39 -11974.2
12 2459.56 3.25637 154.207 8866.18 -9710.66
13 2651.14 2.91992 138.622 8816.25 -7739.83
14 2843.81 2.59522 123.332 8768.92 -6052.48
15 3037.51 2.28438 108.404 8724.42 -4633.19
16 3232.21 1.98822 93.9454 8682.67 -3457.06
17 3427.84 1.70541 80.3646 8643.45 -2493.12
18 3624.36 1.15205 68.3971 8601.58 -1685.83
19 3821.83 2.18396 54.012 8588.79 -1435.11
20 4019.6 2.12242 54.1531 8586.04 -1355.04
21 4217.44 2.0303 52.9578 8581.94 -1239.53
22 4415.36 1.91926 50.9415 8577 -1107.19
23 4613.41 1.79247 48.4187 8571.37 -965.232
24 4811.58 1.65256 45.4868 8565.18 -820.014
25 5009.89 1.50324 42.1991 8558.58 -678.086
26 5208.36 1.34857 38.6322 8551.76 -545.384
27 5406.98 1.19283 34.8842 8544.91 -426.444
28 5605.77 1.04018 31.0608 8538.22 -324.059
29 5804.71 0.89407 27.2655 8531.82 -239.277
30 6003.8 0.757505 23.5924 8525.86 -171.653
31 6203.03 0.632544 20.1215 8520.41 -119.639
32 6402.39 0.520702 16.9146 8515.54 -81.0201
33 6601.86 0.422473 14.0148 8511.28 -53.3163
34 6801.43 0.337956 11.446 8507.61 -34.0997
35 7001.08 0.266541 9.21488 8504.52 -21.2004
36 7200.81 0.207297 7.31367 8501.95 -12.8158
37 7400.6 0.158976 5.72324 8499.86 -7.53455
38 7600.44 0.120247 4.41617 8498.19 -4.30922
39 7800.32 0.0896994 3.36056 8496.87 -2.39834
40 8000.23 0.0659982 2.52241 8495.85 -1.29922
41 8200.16 0.0479645 1.86749 8495.07 -0.685331
42 8400.11 0.0344184 1.3641 8494.48 -0.352106
43 8600.08 0.024337 0.983193 8494.05 -0.176259
44 8800.05 0.0170119 0.699247 8493.73 -0.0860051
45 9000.04 0.0117345 0.490806 8493.5 -0.0409232
46 9200.02 0.00795363 0.34001 8493.34 -0.0189991
47 9400.02 0.00535422 0.23251 8493.23 -0.00860973
48 9600.01 0.00354249 0.156911 8493.15 -0.0038126
49 9800.01 0.00236091 0.104475 8493.1 -0.00165178
50 10000 0.00149442 0.0686768 8493.06 -0.000700441
51 10200 0.00102179 0.0444836 8493.04 -0.000291262
52 10400 0.000627924 0.0283047 8493.03 -0.000119793
53 10600 0.000391606 0.0177406 8493.02 -4.8675e-05
54 10800 0.000234061 0.0108769 8493.01 -1.96247e-05
55 11000 0.000155296 0.00642443 8493.01 -8.0203e-06
56 11200 7.63863e-05 0.00373419 8493 -3.16096e-06
57 11400 7.63863e-05 0.00178389 8493 -1.4535e-06
58 11600 7.63863e-05 0.000825772 8493 -6.62402e-07
59 11800 7.63863e-05 0.000377495 8493 -3.00622e-07
60 12000 7.63863e-05 0.000171802 8493 -1.35955e-07
61 12200 7.63863e-05 7.79379e-05 8493 -6.12458e-08
62 12400 7.63863e-05 3.52253e-05 8493 -2.7479e-08
63 12600 7.63863e-05 1.58559e-05 8493 -1.22763e-08
64 12800 7.63863e-05 7.10741e-06 8493 -5.46037e-09
65 13000 7.63863e-05 3.17242e-06 8493 -2.41904e-09
66 13200 7.63863e-05 1.40995e-06 8493 -1.06695e-09
67 13400 7.63863e-05 6.23902e-07 8493 -4.68376e-10
68 13600 7.63863e-05 2.74851e-07 8493 -2.04544e-10
69 13800 7.63863e-05 1.20535e-07 8493 -8.93224e-11
70 14000 7.63863e-05 5.26164e-08 8493 -3.83815e-11
71 14200 7.63863e-05 2.28607e-08 8493 -1.66933e-11
72 14400 7.63863e-05 9.88506e-09 8493 -7.25444e-12
73 14600 7.63863e-05 4.2536e-09 8493 -3.04162e-12
74 14800 7.63863e-05 1.82133e-09 8493 -9.36181e-13
75 15000 7.63863e-05 7.75965e-10 8493 0
76 15200 7.63863e-05 3.28919e-10 8493 0
77 15400 7.63863e-05 1.38708e-10 8493 0
78 15600 7.63863e-05 5.81904e-11 8493 0
79 15800 7.63863e-05 2.42836e-11 8493 0
80 16000 7.63863e-05 1.008e-11 8493 0
81 16200 7.63863e-05 4.16166e-12 8493 0
82 16400 7.63863e-05 1.70888e-12 8493 0
83 16600 7.63863e-05 6.97862e-13 8493 0
84 16800 7.63863e-05 2.83413e-13 8493 0
85 17000 7.63863e-05 1.14456e-13 8493 0
86 17200 7.63863e-05 4.59629e-14 8493 0
87 17400 7.63863e-05 1.83529e-14 8493 0
88 17600 7.63863e-05 7.28639e-15 8493 0
89 17800 7.63863e-05 2.87616e-15 8493 0
90 18000 7.63863e-05 1.12873e-15 8493 0
91 18200 7.63863e-05 4.40373e-16 8493 0
92 18400 7.63863e-05 1.70812e-16 8493 0
93 18600 7.63863e-05 6.586e-17 8493 0
94 18800 7.63863e-05 2.52327e-17 8493 0
95 19000 7.63863e-05 9.62491e-18 8493 0
96 19200 7.63863e-05 3.642e-18 8493 0
97 19400 7.63863e-05 1.36508e-18 8493 0
98 19600 7.63863e-05 4.9591e-19 8493 9.3424e-07
99 19800 7.63863e-05 1.58864e-19 8493 0.00130381
