NTS LL(mkm)  STRESS(GPa)   VEL(m / s)  DENS(kg/m3)  ENERGY(J) 
0 160.109 5.65107 200 9051.14 -19407.3
1 347.776 5.64116 199.825 9050.53 -19405.2
2 535.455 5.61619 199.54 9049 -19299.1
3 723.167 5.56246 198.995 9045.76 -19081.2
4 910.945 5.4591 197.913 9039.49 -18662.1
5 1098.85 5.27317 195.837 9028.24 -17926.2
6 1287 4.95725 192.054 9009.13 -16725.2
7 1475.54 4.44053 185.534 8978.11 -14924.6
8 1664.73 3.67631 174.835 8929.56 -12482.9
9 1854.95 3.30728 158.608 8873.76 -10026.6
10 2046.37 2.94786 142.214 8820.35 -7893.5
11 2238.95 2.6015 125.976 8769.84 -6082.16
12 2432.64 2.27143 110.07 8722.59 -4578.07
13 2627.37 1.96131 94.5386 8678.9 -3358.52
14 2823.09 1.66014 79.5967 8639.04 -2393.02
15 3019.71 1.07858 66.6353 8596.15 -1603.46
16 3217.31 2.15895 54.541 8587.67 -1402.05
17 3415.1 2.04152 54.1082 8582.44 -1253.06
18 3613.02 1.89906 51.5706 8576.1 -1083.67
19 3811.08 1.73908 48.3043 8569.01 -908.24
20 4009.31 1.566 44.5794 8561.35 -735.932
21 4207.71 1.38564 40.4722 8553.39 -575.72
22 4406.3 1.20434 36.1091 8545.42 -434.594
23 4605.07 1.02811 31.6475 8537.69 -316.496
24 4804.02 0.862075 27.2432 8530.42 -222.355
25 5003.15 0.710026 23.0328 8523.78 -150.717
26 5202.42 0.574353 19.1255 8517.88 -98.5798
27 5401.84 0.456505 15.5985 8512.76 -62.2357
28 5601.38 0.356514 12.4971 8508.42 -37.9362
29 5801.01 0.273621 9.83667 8504.82 -22.335
30 6000.74 0.206431 7.60811 8501.91 -12.7062
31 6200.53 0.153072 5.78339 8499.61 -6.98721
32 6400.37 0.111666 4.32152 8497.82 -3.71585
33 6600.26 0.0800933 3.17493 8496.46 -1.91193
34 6800.18 0.0565484 2.2938 8495.44 -0.952294
35 7000.12 0.0393014 1.63025 8494.69 -0.459305
36 7200.08 0.0268574 1.13981 8494.16 -0.214638
37 7400.05 0.0181146 0.784075 8493.78 -0.0972531
38 7600.03 0.0119708 0.530951 8493.52 -0.0427375
39 7800.02 0.00779609 0.353754 8493.34 -0.01824
40 8000.01 0.00503914 0.232162 8493.22 -0.00756019
41 8200.01 0.0032274 0.149911 8493.14 -0.00304868
42 8400 0.00204582 0.0952869 8493.09 -0.00119737
43 8600 0.0012581 0.059578 8493.05 -0.000459471
44 8800 0.000785469 0.0365971 8493.03 -0.000172959
45 9000 0.000470379 0.0220194 8493.02 -6.45063e-05
46 9200 0.000312834 0.0129939 8493.01 -2.37788e-05
47 9400 0.000155296 0.00741133 8493.01 -8.87789e-06
48 9600 7.63863e-05 0.00408292 8493 -3.26491e-06
49 9800 7.63863e-05 0.00189398 8493 -1.45082e-06
50 10000 7.63863e-05 0.000848664 8493 -6.37128e-07
51 10200 7.63863e-05 0.000374318 8493 -2.78069e-07
52 10400 7.63863e-05 0.000163986 8493 -1.20735e-07
53 10600 7.63863e-05 7.14862e-05 8493 -5.21408e-08
54 10800 7.63863e-05 3.09989e-05 8493 -2.23908e-08
55 11000 7.63863e-05 1.33671e-05 8493 -9.56054e-09
56 11200 7.63863e-05 5.73123e-06 8493 -4.05882e-09
57 11400 7.63863e-05 2.44319e-06 8493 -1.71304e-09
58 11600 7.63863e-05 1.03546e-06 8493 -7.19102e-10
59 11800 7.63863e-05 4.36254e-07 8493 -2.9964e-10
60 12000 7.63863e-05 1.82695e-07 8493 -1.24427e-10
61 12200 7.63863e-05 7.60418e-08 8493 -5.1097e-11
62 12400 7.63863e-05 3.14536e-08 8493 -2.10621e-11
63 12600 7.63863e-05 1.29282e-08 8493 -8.4237e-12
64 12800 7.63863e-05 5.2797e-09 8493 -3.43266e-12
65 13000 7.63863e-05 2.14214e-09 8493 -1.32529e-12
66 13200 7.63863e-05 8.63411e-10 8493 0
67 13400 7.63863e-05 3.45685e-10 8493 0
68 13600 7.63863e-05 1.37469e-10 8493 0
69 13800 7.63863e-05 5.42952e-11 8493 0
70 14000 7.63863e-05 2.1297e-11 8493 0
71 14200 7.63863e-05 8.2956e-12 8493 0
72 14400 7.63863e-05 3.20867e-12 8493 0
73 14600 7.63863e-05 1.23232e-12 8493 0
74 14800 7.63863e-05 4.6992e-13 8493 0
75 15000 7.63863e-05 1.7791e-13 8493 0
76 15200 7.63863e-05 6.687e-14 8493 0
77 15400 7.63863e-05 2.49517e-14 8493 0
78 15600 7.63863e-05 9.24243e-15 8493 0
79 15800 7.63863e-05 3.39841e-15 8493 0
80 16000 7.63863e-05 1.24036e-15 8493 0
81 16200 7.63863e-05 4.49365e-16 8493 0
82 16400 7.63863e-05 1.61588e-16 8493 0
83 16600 7.63863e-05 5.76791e-17 8493 0
84 16800 7.63863e-05 2.04298e-17 8493 0
85 17000 7.63863e-05 7.17789e-18 8493 0
86 17200 7.63863e-05 2.50106e-18 8493 0
87 17400 7.63863e-05 8.63906e-19 8493 0
88 17600 7.63863e-05 2.98634e-19 8493 0
89 17800 7.63863e-05 1.27986e-19 8493 0
90 18000 7.63863e-05 4.26618e-20 8493 0
91 18200 7.63863e-05 0 8493 0
92 18400 7.63863e-05 0 8493 0
93 18600 7.63863e-05 0 8493 0
94 18800 7.63863e-05 0 8493 0
95 19000 7.63863e-05 0 8493 0
96 19200 7.63863e-05 0 8493 0
97 19400 7.63863e-05 0 8493 0
98 19600 7.63863e-05 0 8493 9.3424e-07
99 19800 7.63863e-05 8.95439e-20 8493 0.00130356
