NTS LL(mkm)  STRESS(GPa)   VEL(m / s)  DENS(kg/m3)  ENERGY(J) 
0 301.271 5.70147 200 9054.22 -19621
1 488.874 5.70131 199.941 9054.22 -19660.6
2 676.477 5.70107 199.881 9054.2 -19658.2
3 864.081 5.70131 199.819 9054.18 -19660.3
4 1051.68 5.70051 199.758 9054.14 -19660.8
5 1239.29 5.699 199.69 9054.07 -19659.9
6 1426.9 5.69687 199.612 9053.94 -19650.9
7 1614.5 5.69328 199.517 9053.71 -19635.8
8 1802.12 5.68625 199.39 9053.29 -19607.4
9 1989.74 5.6743 199.203 9052.56 -19558.1
10 2177.38 5.65388 198.911 9051.3 -19471.6
11 2365.04 5.6193 198.443 9049.2 -19326.9
12 2552.75 5.56246 197.688 9045.76 -19092
13 2740.53 5.47152 196.472 9040.22 -18719.5
14 2928.42 5.32705 194.527 9031.49 -18142.1
15 3116.5 5.1031 191.45 9017.95 -17274.6
16 3304.85 4.76002 186.632 8997.27 -16018.8
17 3493.64 4.23969 179.19 8966.12 -14282.5
18 3683.09 3.61692 167.894 8920.58 -12075.2
19 3873.5 3.29645 153.035 8872.18 -9962.23
20 4064.96 2.98483 138.488 8825.83 -8103.86
21 4257.42 2.68171 124.326 8781.46 -6482.23
22 4450.85 2.38644 110.599 8738.95 -5079.38
23 4645.22 2.09924 97.368 8698.24 -3878.51
24 4840.5 1.81829 84.614 8659.02 -2859.28
25 5036.66 1.40707 72.0112 8620.41 -2010.14
26 5233.71 2.22134 57.1093 8590.45 -1485.25
27 5431.44 2.21807 55.2659 8590.31 -1480.88
28 5629.17 2.18731 54.6486 8588.93 -1439.94
29 5826.94 2.1454 54.0279 8587.06 -1385.03
30 6024.75 2.0921 53.1359 8584.69 -1316.84
31 6222.61 2.02788 51.9575 8581.83 -1236.89
32 6420.54 1.9528 50.5078 8578.49 -1146.71
33 6618.55 1.86739 48.7922 8574.7 -1048.21
34 6816.64 1.77226 46.8158 8570.48 -943.818
35 7014.83 1.66865 44.5922 8565.89 -836.374
36 7213.13 1.55811 42.1451 8561 -728.897
37 7411.54 1.44234 39.508 8555.89 -624.322
38 7610.07 1.3233 36.7217 8550.65 -525.294
39 7808.73 1.20308 33.8327 8545.36 -433.963
40 8007.5 1.08358 30.8899 8540.12 -351.889
41 8206.4 0.966823 27.9434 8535 -279.986
42 8405.41 0.854389 25.0411 8530.09 -218.548
43 8604.54 0.747775 22.227 8525.43 -167.325
44 8803.78 0.64809 19.5398 8521.09 -125.642
45 9003.12 0.556209 17.0115 8517.09 -92.5171
46 9202.56 0.472772 14.6664 8513.46 -66.8062
47 9402.08 0.397869 12.5213 8510.21 -47.3054
48 9601.67 0.331587 10.5856 8507.34 -32.8477
49 9801.33 0.273699 8.86185 8504.83 -22.3677
50 10001.1 0.223664 7.34643 8502.66 -14.9378
51 10200.8 0.181091 6.0309 8500.82 -9.78448
52 10400.6 0.145122 4.90298 8499.26 -6.28647
53 10600.5 0.115208 3.94755 8497.97 -3.96223
54 10800.4 0.0906443 3.14776 8496.91 -2.45013
55 11000.3 0.0705654 2.48598 8496.04 -1.48663
56 11200.2 0.0545009 1.94467 8495.35 -0.885249
57 11400.2 0.0416641 1.50687 8494.8 -0.517369
58 11600.1 0.0315831 1.15659 8494.36 -0.296846
59 11800.1 0.0237069 0.879489 8494.02 -0.167213
60 12000.1 0.017642 0.662526 8493.76 -0.0924911
61 12200 0.0129948 0.494423 8493.56 -0.050259
62 12400 0.00945025 0.365605 8493.41 -0.0268279
63 12600 0.00685085 0.267818 8493.29 -0.0140735
64 12800 0.00496036 0.194393 8493.21 -0.00725621
65 13000 0.00354249 0.139774 8493.15 -0.0036786
66 13200 0.00251846 0.0995164 8493.11 -0.00183513
67 13400 0.00173074 0.0701529 8493.07 -0.000901406
68 13600 0.00117933 0.0489636 8493.05 -0.000435959
69 13800 0.000864242 0.0337766 8493.03 -0.0002079
70 14000 0.000549152 0.0229856 8493.02 -9.80189e-05
71 14200 0.000391606 0.0153817 8493.02 -4.58975e-05
72 14400 0.000234061 0.0102345 8493.01 -2.09582e-05
73 14600 0.000155296 0.00652125 8493.01 -9.54803e-06
74 14800 0.000155296 0.00392926 8493 -4.46382e-06
75 15000 7.63863e-05 0.00233782 8493 -2.04872e-06
76 15200 7.63863e-05 0.00110582 8493 -9.89641e-07
77 15400 7.63863e-05 0.000534659 8493 -4.77917e-07
78 15600 7.63863e-05 0.000258937 8493 -2.3011e-07
79 15800 7.63863e-05 0.000124959 8493 -1.10505e-07
80 16000 7.63863e-05 6.01352e-05 8493 -5.29476e-08
81 16200 7.63863e-05 2.8873e-05 8493 -2.53067e-08
82 16400 7.63863e-05 1.38311e-05 8493 -1.2068e-08
83 16600 7.63863e-05 6.60972e-06 8493 -5.7416e-09
84 16800 7.63863e-05 3.15095e-06 8493 -2.72258e-09
85 17000 7.63863e-05 1.49834e-06 8493 -1.28967e-09
86 17200 7.63863e-05 7.10685e-07 8493 -6.07861e-10
87 17400 7.63863e-05 3.36218e-07 8493 -2.86456e-10
88 17600 7.63863e-05 1.58645e-07 8493 -1.3449e-10
89 17800 7.63863e-05 7.46575e-08 8493 -6.28763e-11
90 18000 7.63863e-05 3.50385e-08 8493 -2.93317e-11
91 18200 7.63863e-05 1.63993e-08 8493 -1.40408e-11
92 18400 7.63863e-05 7.65411e-09 8493 -6.55327e-12
93 18600 7.63863e-05 3.56231e-09 8493 -2.18442e-12
94 18800 7.63863e-05 1.6531e-09 8493 0
95 19000 7.63863e-05 7.64716e-10 8493 0
96 19200 7.63863e-05 3.52301e-10 8493 0
97 19400 7.63863e-05 1.60912e-10 8493 0
98 19600 7.63863e-05 7.12616e-11 8493 9.3424e-07
99 19800 7.63863e-05 2.69907e-11 8493 0.00130444
