NTS LL(mkm)  STRESS(GPa)   VEL(m / s)  DENS(kg/m3)  ENERGY(J) 
0 420.635 5.72616 200 9055.72 -19725.4
1 608.207 5.72608 199.955 9055.72 -19765.2
2 795.779 5.726 199.911 9055.71 -19763.3
3 983.352 5.72577 199.866 9055.7 -19766.4
4 1170.92 5.72553 199.822 9055.69 -19768.8
5 1358.5 5.72592 199.778 9055.68 -19771.9
6 1546.07 5.72555 199.736 9055.66 -19770.7
7 1733.64 5.72507 199.692 9055.63 -19770.2
8 1921.22 5.72444 199.648 9055.61 -19768.6
9 2108.79 5.72372 199.603 9055.57 -19767.4
10 2296.37 5.72326 199.558 9055.52 -19764.3
11 2483.94 5.72182 199.511 9055.46 -19759.6
12 2671.52 5.72067 199.456 9055.36 -19753.3
13 2859.1 5.71828 199.397 9055.22 -19744.5
14 3046.68 5.71475 199.322 9055 -19729.3
15 3234.27 5.70862 199.222 9054.66 -19704.8
16 3421.86 5.70003 199.081 9054.12 -19667.9
17 3609.47 5.68619 198.872 9053.27 -19609.5
18 3797.09 5.66397 198.558 9051.93 -19516.4
19 3984.74 5.62977 198.075 9049.85 -19373.2
20 4172.44 5.57656 197.332 9046.62 -19152.7
21 4360.2 5.49524 196.186 9041.68 -18817.7
22 4548.06 5.371 194.426 9034.14 -18317.2
23 4736.08 5.18271 191.739 9022.75 -17579.5
24 4924.34 4.89877 187.673 9005.61 -16516.6
25 5112.95 4.47148 181.573 8979.96 -15030.6
26 5302.11 3.83077 172.433 8941.75 -13057.2
27 5492.07 3.44397 158.551 8894.31 -10907.6
28 5683.05 3.13824 144.335 8848.51 -8992.65
29 5875.01 2.83935 130.509 8804.42 -7302.33
30 6067.94 2.54804 117.015 8762.12 -5825.37
31 6261.79 2.26242 103.814 8721.28 -4541.35
32 6456.56 1.98542 90.9125 8682.28 -3447.31
33 6652.2 1.70974 78.6767 8644.04 -2506.4
34 6848.7 1.15502 67.6125 8601.8 -1689.86
35 7046.17 2.23598 53.2689 8591.1 -1505.15
36 7243.89 2.25568 55.6272 8591.99 -1532
37 7441.59 2.24003 55.4721 8591.29 -1510.68
38 7639.3 2.2208 55.1203 8590.43 -1484.72
39 7837.03 2.1972 54.6879 8589.37 -1453.22
40 8034.79 2.16822 54.1649 8588.08 -1415.05
41 8232.57 2.13325 53.521 8586.52 -1369.6
42 8430.39 2.09179 52.7353 8584.68 -1316.66
43 8628.26 2.04347 51.7948 8582.52 -1256.33
44 8826.17 1.9882 50.69 8580.06 -1188.99
45 9024.14 1.92581 49.4148 8577.29 -1115.35
46 9222.18 1.8567 47.9669 8574.22 -1036.38
47 9420.28 1.781 46.3481 8570.87 -953.35
48 9618.46 1.69934 44.5651 8567.25 -867.687
49 9816.73 1.61249 42.6291 8563.41 -780.971
50 10015.1 1.52122 40.5555 8559.37 -694.814
51 10213.5 1.42647 38.3637 8555.2 -610.779
52 10412.1 1.32948 36.0764 8550.92 -530.299
53 10610.7 1.23119 33.7189 8546.6 -454.608
54 10809.5 1.13277 31.3181 8542.28 -384.689
55 11008.3 1.03532 28.9016 8538 -321.242
56 11207.3 0.939936 26.4969 8533.83 -264.669
57 11406.3 0.847487 24.1302 8529.79 -215.105
58 11605.4 0.758918 21.8264 8525.92 -172.427
59 11804.7 0.674861 19.6072 8522.25 -136.304
60 12004 0.595951 17.4918 8518.82 -106.247
61 12203.4 0.522509 15.4956 8515.62 -81.6569
62 12402.8 0.454933 13.6309 8512.69 -61.8751
63 12602.4 0.39323 11.9059 8510.01 -46.2226
64 12802 0.337485 10.3255 8507.59 -34.0413
65 13001.6 0.287622 8.89121 8505.43 -24.7148
66 13201.4 0.243333 7.60157 8503.51 -17.6894
67 13401.1 0.204464 6.45277 8501.83 -12.4817
68 13600.9 0.170545 5.43852 8500.36 -8.68267
69 13800.7 0.141265 4.55104 8499.1 -5.95471
70 14000.6 0.116153 3.7814 8498.01 -4.02636
71 14200.5 0.0948172 3.11953 8497.09 -2.68432
72 14400.4 0.0768649 2.55538 8496.32 -1.76464
73 14600.3 0.0619034 2.07838 8495.67 -1.14383
74 14800.2 0.0495396 1.67871 8495.13 -0.731198
75 15000.2 0.0393014 1.34624 8494.69 -0.460965
76 15200.1 0.0310318 1.07209 8494.34 -0.286632
77 15400.1 0.0242583 0.847797 8494.05 -0.175802
78 15600.1 0.0189023 0.665792 8493.81 -0.106366
79 15800.1 0.0145702 0.519232 8493.63 -0.0635049
80 16000 0.0111832 0.402165 8493.48 -0.0374006
81 16200 0.00850502 0.309255 8493.37 -0.021737
82 16400 0.006457 0.236191 8493.28 -0.0124685
83 16600 0.00488159 0.179143 8493.21 -0.00705818
84 16800 0.00362126 0.134813 8493.16 -0.00394558
85 17000 0.002676 0.100757 8493.11 -0.0021782
86 17200 0.00196705 0.0747619 8493.08 -0.00118734
87 17400 0.00149442 0.0549939 8493.06 -0.000639595
88 17600 0.00110056 0.0401486 8493.04 -0.000340236
89 17800 0.000785469 0.0290006 8493.03 -0.000179119
90 18000 0.000549152 0.0207329 8493.02 -9.32051e-05
91 18200 0.000391606 0.0146398 8493.02 -4.7902e-05
92 18400 0.000312834 0.0101955 8493.01 -2.42912e-05
93 18600 0.000234061 0.0068922 8493.01 -1.22127e-05
94 18800 0.000155296 0.00446003 8493 -6.16309e-06
95 19000 7.63863e-05 0.00294934 8493 -2.95473e-06
96 19200 7.63863e-05 0.00152694 8493 -1.4959e-06
97 19400 7.63863e-05 0.000761943 8493 -7.67401e-07
98 19600 7.63863e-05 0.000363827 8493 5.14769e-07
99 19800 7.63863e-05 0.00014585 8493 0.00130492
