NTS LL(mkm)  STRESS(GPa)   VEL(m / s)  DENS(kg/m3)  ENERGY(J) 
0 300.399 5.70123 200 9054.21 -19620.1
1 488.003 5.70107 199.94 9054.2 -19659.7
2 675.606 5.70083 199.88 9054.19 -19657.3
3 863.21 5.70107 199.82 9054.17 -19659.4
4 1050.81 5.70019 199.757 9054.13 -19659.8
5 1238.42 5.69868 199.688 9054.05 -19658.8
6 1426.03 5.69647 199.611 9053.92 -19649.5
7 1613.64 5.69272 199.515 9053.68 -19634
8 1801.25 5.68587 199.385 9053.25 -19604.6
9 1988.87 5.67356 199.193 9052.5 -19553.8
10 2176.51 5.6518 198.894 9051.21 -19464.8
11 2364.18 5.61633 198.414 9049.04 -19315.9
12 2551.89 5.55834 197.637 9045.5 -19074.4
13 2739.67 5.4647 196.386 9039.81 -18691.9
14 2927.57 5.31631 194.388 9030.84 -18099.6
15 3115.66 5.08647 191.231 9016.93 -17210.8
16 3304.04 4.73406 186.288 8995.7 -15927
17 3492.87 4.19996 178.646 8963.75 -14158.6
18 3682.36 3.59713 167.024 8917.55 -11937.7
19 3872.84 3.2773 152.147 8869.24 -9839.67
20 4064.36 2.96574 137.609 8823.01 -7995.87
21 4256.88 2.66308 123.459 8778.75 -6388.22
22 4450.37 2.36839 109.74 8736.36 -4998.8
23 4644.79 2.08171 96.5265 8695.77 -3810.38
24 4840.13 1.8009 83.8515 8656.62 -2801.22
25 5036.35 1.36853 71.4228 8617.57 -1957.16
26 5233.46 2.21433 56.5033 8590.14 -1475.8
27 5431.2 2.21581 55.0342 8590.21 -1477.87
28 5628.93 2.18474 54.5889 8588.82 -1436.5
29 5826.7 2.1415 53.9799 8586.89 -1380.05
30 6024.52 2.08704 53.0568 8584.46 -1310.44
31 6222.39 2.02164 51.8466 8581.55 -1229.29
32 6420.32 1.94547 50.3685 8578.17 -1138.07
33 6618.34 1.85888 48.6252 8574.32 -1038.71
34 6816.44 1.76273 46.6213 8570.06 -933.681
35 7014.64 1.65818 44.3709 8565.43 -825.885
36 7212.95 1.54685 41.8991 8560.51 -718.359
37 7411.37 1.43045 39.2404 8555.37 -614.031
38 7609.91 1.31101 36.4365 8550.11 -515.519
39 7808.58 1.19048 33.5344 8544.81 -424.925
40 8007.37 1.07105 30.5838 8539.57 -343.75
41 8206.28 0.954438 27.6344 8534.46 -272.844
42 8405.3 0.842389 24.7344 8529.56 -212.439
43 8604.45 0.736318 21.9276 8524.93 -162.228
44 8803.7 0.637334 19.252 8520.62 -121.491
45 9003.05 0.546233 16.739 8516.65 -89.2186
46 9202.49 0.463657 14.412 8513.06 -64.2462
47 9402.02 0.389614 12.2872 8509.85 -45.3644
48 9601.63 0.324273 10.3732 8507.02 -31.4094
49 9801.3 0.267249 8.67156 8504.55 -21.326
50 10001 0.218077 7.17829 8502.42 -14.1999
51 10200.8 0.176291 5.88416 8500.61 -9.27326
52 10400.6 0.141108 4.77651 8499.09 -5.93995
53 10600.5 0.111823 3.83993 8497.83 -3.7323
54 10800.4 0.0878097 3.05721 8496.79 -2.30078
55 11000.3 0.0682818 2.41074 8495.95 -1.39163
56 11200.2 0.0526109 1.88284 8495.27 -0.826057
57 11400.2 0.0401677 1.45663 8494.73 -0.481233
58 11600.1 0.0304017 1.11626 8494.31 -0.275222
59 11800.1 0.0227618 0.847418 8493.98 -0.154531
60 12000.1 0.0169332 0.637317 8493.73 -0.0851987
61 12200 0.0124434 0.474857 8493.54 -0.0461419
62 12400 0.0090564 0.350496 8493.39 -0.0245515
63 12600 0.00653577 0.256341 8493.28 -0.0128367
64 12800 0.00472405 0.185727 8493.2 -0.00659718
65 13000 0.00330617 0.133297 8493.14 -0.00333409
66 13200 0.00236091 0.0947445 8493.1 -0.00165797
67 13400 0.00165196 0.0666643 8493.07 -0.000811755
68 13600 0.00117933 0.0464495 8493.05 -0.00039114
69 13800 0.000785469 0.0319111 8493.03 -0.000186379
70 14000 0.000549152 0.0217061 8493.02 -8.76078e-05
71 14200 0.000391606 0.0144989 8493.01 -4.08192e-05
72 14400 0.000234061 0.0095232 8493.01 -1.88119e-05
73 14600 0.000155296 0.00609012 8493.01 -8.56654e-06
74 14800 0.000155296 0.0037682 8493 -3.80517e-06
75 15000 7.63863e-05 0.00202571 8493 -1.82417e-06
76 15200 7.63863e-05 0.000981587 8493 -8.84706e-07
77 15400 7.63863e-05 0.000478569 8493 -4.26785e-07
78 15600 7.63863e-05 0.000231465 8493 -2.05262e-07
79 15800 7.63863e-05 0.000111543 8493 -9.84938e-08
80 16000 7.63863e-05 5.36344e-05 8493 -4.71582e-08
81 16200 7.63863e-05 2.57336e-05 8493 -2.2522e-08
82 16400 7.63863e-05 1.2318e-05 8493 -1.07315e-08
83 16600 7.63863e-05 5.882e-06 8493 -5.10175e-09
84 16800 7.63863e-05 2.80176e-06 8493 -2.41709e-09
85 17000 7.63863e-05 1.3312e-06 8493 -1.14379e-09
86 17200 7.63863e-05 6.30876e-07 8493 -5.39055e-10
87 17400 7.63863e-05 2.98205e-07 8493 -2.53379e-10
88 17600 7.63863e-05 1.40585e-07 8493 -1.19043e-10
89 17800 7.63863e-05 6.60996e-08 8493 -5.56989e-11
90 18000 7.63863e-05 3.09939e-08 8493 -2.60551e-11
91 18200 7.63863e-05 1.44928e-08 8493 -1.18583e-11
92 18400 7.63863e-05 6.75789e-09 8493 -6.55327e-12
93 18600 7.63863e-05 3.14217e-09 8493 -1.09221e-12
94 18800 7.63863e-05 1.4567e-09 8493 0
95 19000 7.63863e-05 6.7319e-10 8493 0
96 19200 7.63863e-05 3.09823e-10 8493 0
97 19400 7.63863e-05 1.41369e-10 8493 0
98 19600 7.63863e-05 6.25493e-11 8493 9.3424e-07
99 19800 7.63863e-05 2.36743e-11 8493 0.00130444
