NTS LL(mkm)  STRESS(GPa)   VEL(m / s)  DENS(kg/m3)  ENERGY(J) 
0 301.52 5.70155 200 9054.23 -19621.3
1 489.123 5.70139 199.941 9054.22 -19660.9
2 676.726 5.70115 199.881 9054.21 -19658.5
3 864.329 5.70067 199.819 9054.18 -19660.5
4 1051.93 5.70059 199.758 9054.15 -19661
5 1239.54 5.69908 199.691 9054.07 -19660.2
6 1427.14 5.69703 199.613 9053.94 -19651.3
7 1614.75 5.69344 199.518 9053.71 -19636.4
8 1802.37 5.68648 199.391 9053.3 -19608.1
9 1989.99 5.67462 199.206 9052.58 -19559.3
10 2177.63 5.65444 198.916 9051.33 -19473.6
11 2365.29 5.62018 198.452 9049.25 -19330
12 2553 5.56397 197.703 9045.83 -19096.9
13 2740.77 5.47321 196.495 9040.34 -18727.3
14 2928.66 5.33047 194.566 9031.67 -18154.1
15 3116.73 5.10807 191.511 9018.23 -17292.5
16 3305.09 4.7672 186.729 8997.71 -16044.7
17 3493.87 4.25112 179.344 8966.78 -14317.5
18 3683.3 3.62275 168.14 8921.45 -12114.6
19 3873.7 3.3024 153.288 8873.02 -9997.39
20 4065.13 2.99043 138.739 8826.64 -8134.85
21 4257.57 2.68712 124.574 8782.24 -6509.22
22 4450.98 2.39153 110.845 8739.69 -5102.54
23 4645.34 2.10433 97.6064 8698.94 -3898.16
24 4840.6 1.82329 84.8285 8659.72 -2876.11
25 5036.75 1.41808 72.1767 8621.22 -2025.53
26 5233.78 2.22368 57.2825 8590.56 -1488.33
27 5431.51 2.21885 55.3415 8590.34 -1481.92
28 5629.24 2.18809 54.6716 8588.97 -1440.94
29 5827.01 2.14649 54.0428 8587.11 -1386.43
30 6024.81 2.09351 53.1581 8584.75 -1318.64
31 6222.68 2.0296 51.9885 8581.91 -1239.04
32 6420.6 1.9549 50.5471 8578.58 -1149.16
33 6618.61 1.86973 48.8394 8574.8 -1050.91
34 6816.7 1.77491 46.8709 8570.6 -946.702
35 7014.89 1.67162 44.6548 8566.02 -839.363
36 7213.19 1.56131 42.2148 8561.14 -731.906
37 7411.59 1.4457 39.5839 8556.04 -627.266
38 7610.12 1.32682 36.8028 8550.81 -528.096
39 7808.77 1.20668 33.9176 8545.52 -436.558
40 8007.54 1.08718 30.9772 8540.28 -354.23
41 8206.43 0.970351 28.0316 8535.16 -282.044
42 8405.44 0.85784 25.1286 8530.24 -220.312
43 8604.57 0.750992 22.3126 8525.57 -168.8
44 8803.81 0.651152 19.6222 8521.22 -126.845
45 9003.14 0.559116 17.0897 8517.21 -93.4753
46 9202.58 0.475366 14.7394 8513.57 -67.5514
47 9402.09 0.400227 12.5886 8510.31 -47.8716
48 9601.69 0.33371 10.6467 8507.43 -33.268
49 9801.35 0.275509 8.91661 8504.91 -22.6728
50 10001.1 0.225316 7.39491 8502.73 -15.1543
51 10200.8 0.182429 6.07325 8500.88 -9.9348
52 10400.7 0.146303 4.93951 8499.32 -6.38859
53 10600.5 0.116232 3.97869 8498.02 -4.03012
54 10800.4 0.0914316 3.17397 8496.94 -2.49433
55 11000.3 0.0712741 2.5078 8496.07 -1.5148
56 11200.2 0.0550522 1.96261 8495.37 -0.902839
57 11400.2 0.0420579 1.52144 8494.81 -0.528137
58 11600.1 0.0318981 1.16833 8494.37 -0.303303
59 11800.1 0.0239432 0.888841 8494.03 -0.171006
60 12000.1 0.0177996 0.669857 8493.77 -0.0946796
61 12200 0.0131524 0.500149 8493.57 -0.0514956
62 12400 0.00960779 0.370035 8493.41 -0.0275117
63 12600 0.00692962 0.271163 8493.3 -0.0144463
64 12800 0.00503914 0.196919 8493.21 -0.00745588
65 13000 0.00354249 0.141662 8493.15 -0.00378374
66 13200 0.00251846 0.100911 8493.11 -0.00188963
67 13400 0.00173074 0.0712126 8493.07 -0.000928481
68 13600 0.0012581 0.0496932 8493.05 -0.00044963
69 13800 0.000864242 0.0342984 8493.04 -0.000214762
70 14000 0.000549152 0.0234031 8493.02 -0.000101111
71 14200 0.000391606 0.0156434 8493.02 -4.73834e-05
72 14400 0.000234061 0.0104343 8493.01 -2.16016e-05
73 14600 0.000155296 0.00664525 8493.01 -9.84666e-06
74 14800 0.000155296 0.00398951 8493 -4.64384e-06
75 15000 7.63863e-05 0.00241595 8493 -2.11879e-06
76 15200 7.63863e-05 0.00114505 8493 -1.02222e-06
77 15400 7.63863e-05 0.000552262 8493 -4.93606e-07
78 15600 7.63863e-05 0.000267365 8493 -2.3773e-07
79 15800 7.63863e-05 0.000129069 8493 -1.14192e-07
80 16000 7.63863e-05 6.21299e-05 8493 -5.47263e-08
81 16200 7.63863e-05 2.98372e-05 8493 -2.61626e-08
82 16400 7.63863e-05 1.4296e-05 8493 -1.24788e-08
83 16600 7.63863e-05 6.8334e-06 8493 -5.93849e-09
84 16800 7.63863e-05 3.25832e-06 8493 -2.81666e-09
85 17000 7.63863e-05 1.54977e-06 8493 -1.33445e-09
86 17200 7.63863e-05 7.35252e-07 8493 -6.29235e-10
87 17400 7.63863e-05 3.47925e-07 8493 -2.96596e-10
88 17600 7.63863e-05 1.6421e-07 8493 -1.39171e-10
89 17800 7.63863e-05 7.72959e-08 8493 -6.53728e-11
90 18000 7.63863e-05 3.62862e-08 8493 -3.02679e-11
91 18200 7.63863e-05 1.69878e-08 8493 -1.46649e-11
92 18400 7.63863e-05 7.93089e-09 8493 -6.55327e-12
93 18600 7.63863e-05 3.69213e-09 8493 -2.49648e-12
94 18800 7.63863e-05 1.71383e-09 8493 0
95 19000 7.63863e-05 7.93031e-10 8493 0
96 19200 7.63863e-05 3.65451e-10 8493 0
97 19400 7.63863e-05 1.66965e-10 8493 0
98 19600 7.63863e-05 7.39617e-11 8493 9.3424e-07
99 19800 7.63863e-05 2.80189e-11 8493 0.00130445
