NTS LL(mkm)  STRESS(GPa)   VEL(m / s)  DENS(kg/m3)  ENERGY(J) 
0 400.472 5.7227 200 9055.5 -19709.8
1 588.049 5.72262 199.952 9055.49 -19749.6
2 775.626 5.72254 199.905 9055.49 -19747.8
3 963.202 5.72238 199.858 9055.48 -19750.9
4 1150.78 5.72214 199.81 9055.47 -19753.3
5 1338.36 5.72182 199.763 9055.46 -19756.5
6 1525.93 5.72143 199.716 9055.44 -19755.2
7 1713.51 5.72095 199.668 9055.41 -19754.6
8 1901.09 5.72095 199.621 9055.38 -19752.8
9 2088.67 5.72011 199.574 9055.34 -19751.1
10 2276.25 5.71875 199.522 9055.27 -19746.7
11 2463.83 5.71761 199.464 9055.17 -19739.8
12 2651.41 5.71507 199.399 9055.02 -19729.3
13 2839 5.71101 199.315 9054.77 -19713.3
14 3026.59 5.70445 199.202 9054.38 -19686.2
15 3214.19 5.69432 199.041 9053.76 -19642.1
16 3401.81 5.67781 198.802 9052.76 -19573.7
17 3589.44 5.65211 198.435 9051.19 -19465.6
18 3777.1 5.61119 197.868 9048.72 -19295.4
19 3964.82 5.54841 196.989 9044.89 -19035
20 4152.62 5.45145 195.632 9039 -18638.8
21 4340.54 5.30316 193.547 9030.02 -18047.1
22 4528.64 5.07838 190.355 9016.44 -17181.7
23 4717.03 4.73996 185.485 8996.06 -15948.5
24 4905.85 4.23284 178.106 8965.68 -14259.7
25 5095.3 3.62271 167.055 8921.45 -12114.9
26 5285.7 3.31114 152.557 8874.35 -10053.5
27 5477.1 3.00753 138.412 8829.16 -8232.01
28 5669.49 2.71135 124.671 8785.75 -6632.12
29 5862.83 2.42092 111.348 8743.89 -5234.78
30 6057.09 2.1376 98.4224 8703.63 -4029.26
31 6252.25 1.85816 85.7764 8664.55 -2995.22
32 6448.29 1.49702 73.028 8627.04 -2139.49
33 6645.18 2.24229 58.4494 8591.39 -1513.61
34 6842.89 2.25342 56.0718 8591.88 -1528.81
35 7040.59 2.24034 55.4008 8591.3 -1511.1
36 7238.3 2.22267 55.0911 8590.51 -1487.2
37 7436.03 2.19899 54.7261 8589.45 -1455.56
38 7633.78 2.169 54.2162 8588.12 -1416.07
39 7831.57 2.13262 53.5545 8586.49 -1368.7
40 8029.39 2.08922 52.7374 8584.56 -1313.38
41 8227.26 2.03856 51.7553 8582.31 -1250.23
42 8425.18 1.98048 50.5983 8579.72 -1179.7
43 8623.16 1.91489 49.2597 8576.81 -1102.63
44 8821.2 1.84211 47.7374 8573.58 -1020.14
45 9019.32 1.76258 46.0347 8570.05 -933.662
46 9217.52 1.67693 44.1599 8566.26 -844.829
47 9415.81 1.58592 42.1266 8562.23 -755.392
48 9614.2 1.49066 39.9529 8558.03 -667.095
49 9812.68 1.39213 37.6613 8553.68 -581.618
50 10011.3 1.29161 35.2778 8549.26 -500.444
51 10209.9 1.19024 32.8305 8544.8 -424.818
52 10408.7 1.0893 30.3492 8540.37 -355.673
53 10607.6 0.989945 27.8642 8536.02 -293.63
54 10806.6 0.893207 25.4048 8531.79 -238.976
55 11005.7 0.800187 22.9989 8527.72 -191.709
56 11204.9 0.711596 20.6717 8523.86 -151.565
57 11404.2 0.628226 18.4455 8520.22 -118.08
58 11603.5 0.550475 16.3389 8516.84 -90.6419
59 11803 0.478823 14.3664 8513.72 -68.554
60 12002.5 0.413355 12.5386 8510.88 -51.0816
61 12202.1 0.354234 10.862 8508.32 -37.4987
62 12401.7 0.301308 9.33965 8506.02 -27.1188
63 12601.4 0.254347 7.97075 8503.99 -19.3212
64 12801.1 0.21312 6.75169 8502.2 -13.5617
65 13000.9 0.177235 5.67638 8500.65 -9.37811
66 13200.7 0.146303 4.73683 8499.31 -6.38935
67 13400.6 0.119853 3.92339 8498.17 -4.28897
68 13600.5 0.0974942 3.22549 8497.21 -2.83685
69 13800.4 0.0787547 2.63213 8496.4 -1.84898
70 14000.3 0.0630846 2.13203 8495.72 -1.18758
71 14200.2 0.0501696 1.71422 8495.16 -0.751749
72 14400.2 0.0396164 1.36823 8494.71 -0.468983
73 14600.1 0.0311105 1.0841 8494.34 -0.288428
74 14800.1 0.0241795 0.8527 8494.04 -0.174851
75 15000.1 0.0187448 0.665847 8493.81 -0.104504
76 15200.1 0.0143339 0.51612 8493.62 -0.0615907
77 15400 0.0109469 0.397233 8493.47 -0.0357898
78 15600 0.00826871 0.303474 8493.36 -0.0205134
79 15800 0.00622069 0.230175 8493.27 -0.0115951
80 16000 0.00464528 0.173271 8493.2 -0.00646642
81 16200 0.00346371 0.12945 8493.15 -0.00355983
82 16400 0.00251846 0.0960152 8493.11 -0.00193358
83 16600 0.00188828 0.0706373 8493.08 -0.00103665
84 16800 0.00133688 0.0515243 8493.06 -0.000548895
85 17000 0.000943014 0.0372575 8493.04 -0.000286997
86 17200 0.000706697 0.0266106 8493.03 -0.000148757
87 17400 0.000470379 0.0189225 8493.02 -7.57533e-05
88 17600 0.000391606 0.0131198 8493.01 -3.83951e-05
89 17800 0.000234061 0.00901168 8493.01 -1.91643e-05
90 18000 0.000155296 0.00604541 8493.01 -9.3974e-06
91 18200 0.000155296 0.00376428 8493 -4.75788e-06
92 18400 7.63863e-05 0.00241742 8493 -2.25822e-06
93 18600 7.63863e-05 0.00118469 8493 -1.1246e-06
94 18800 7.63863e-05 0.00058844 8493 -5.61732e-07
95 19000 7.63863e-05 0.000294128 8493 -2.80442e-07
96 19200 7.63863e-05 0.000146528 8493 -1.40309e-07
97 19400 7.63863e-05 7.22106e-05 8493 -7.12451e-08
98 19600 7.63863e-05 3.42666e-05 8493 8.95772e-07
99 19800 7.63863e-05 1.36654e-05 8493 0.00130504
