NTS LL(mkm)  STRESS(GPa)   VEL(m / s)  DENS(kg/m3)  ENERGY(J) 
0 301.022 5.70139 200 9054.22 -19620.8
1 488.625 5.70131 199.941 9054.21 -19660.4
2 676.228 5.70099 199.881 9054.2 -19658
3 863.832 5.70123 199.819 9054.18 -19660
4 1051.44 5.70043 199.758 9054.14 -19660.5
5 1239.04 5.69892 199.69 9054.06 -19659.6
6 1426.65 5.69679 199.612 9053.93 -19650.5
7 1614.26 5.69312 199.517 9053.7 -19635.3
8 1801.87 5.68643 199.388 9053.28 -19606.6
9 1989.49 5.6739 199.2 9052.54 -19556.8
10 2177.13 5.65332 198.907 9051.28 -19469.7
11 2364.79 5.61864 198.435 9049.16 -19323.8
12 2552.5 5.56132 197.674 9045.69 -19087
13 2740.28 5.46948 196.447 9040.11 -18711.7
14 2928.18 5.32422 194.488 9031.3 -18130.1
15 3116.26 5.09868 191.388 9017.66 -17256.5
16 3304.62 4.75277 186.535 8996.83 -15992.8
17 3493.42 4.22872 179.036 8965.45 -14247.4
18 3682.88 3.6111 167.647 8919.72 -12035.9
19 3873.31 3.29126 152.782 8871.34 -9927.13
20 4064.79 2.9796 138.237 8825.02 -8072.92
21 4257.26 2.67639 124.078 8780.69 -6455.3
22 4450.71 2.3813 110.354 8738.21 -5056.28
23 4645.1 2.09426 97.1287 8697.53 -3858.94
24 4840.39 1.8133 84.3981 8658.33 -2842.55
25 5036.57 1.39605 71.8445 8619.6 -1994.86
26 5233.64 2.21924 56.9361 8590.36 -1482.33
27 5431.37 2.21737 55.1942 8590.27 -1479.91
28 5629.1 2.18661 54.6283 8588.9 -1438.95
29 5826.87 2.14431 54.0136 8587.02 -1383.63
30 6024.68 2.0907 53.1137 8584.63 -1315.02
31 6222.55 2.02609 51.9261 8581.75 -1234.73
32 6420.48 1.95069 50.4684 8578.4 -1144.25
33 6618.49 1.86497 48.7448 8574.59 -1045.51
34 6816.58 1.76953 46.7606 8570.36 -940.929
35 7014.78 1.66568 44.5292 8565.76 -833.381
36 7213.08 1.5549 42.0751 8560.86 -725.887
37 7411.5 1.4389 39.4318 8555.74 -621.38
38 7610.03 1.31978 36.6404 8550.5 -522.496
39 7808.68 1.19948 33.7476 8545.21 -431.374
40 8007.46 1.08005 30.8025 8539.96 -349.555
41 8206.36 0.963296 27.8552 8534.85 -277.935
42 8405.38 0.850938 24.9535 8529.94 -216.792
43 8604.52 0.744479 22.1414 8525.29 -165.858
44 8803.76 0.645028 19.4575 8520.95 -124.446
45 9003.1 0.553382 16.9335 8516.96 -91.566
46 9202.54 0.4701 14.5935 8513.35 -66.0672
47 9402.06 0.39551 12.4543 8510.11 -46.7445
48 9601.66 0.329542 10.5247 8507.24 -32.4315
49 9801.32 0.271812 8.80723 8504.75 -22.066
50 10001 0.22209 7.29816 8502.59 -14.7238
51 10200.8 0.179675 5.98874 8500.76 -9.63606
52 10400.6 0.143942 4.86661 8499.21 -6.18576
53 10600.5 0.114264 3.91659 8497.93 -3.89533
54 10800.4 0.0898569 3.12174 8496.87 -2.4066
55 11000.3 0.0699355 2.46427 8496.02 -1.45892
56 11200.2 0.0539497 1.92685 8495.33 -0.867969
57 11400.2 0.0411916 1.49238 8494.78 -0.506808
58 11600.1 0.0311893 1.14497 8494.35 -0.290516
59 11800.1 0.0233919 0.870215 8494.01 -0.163498
60 12000.1 0.0174058 0.655245 8493.75 -0.0903526
61 12200 0.0128373 0.488774 8493.55 -0.0490496
62 12400 0.00937148 0.361247 8493.4 -0.0261571
63 12600 0.00677208 0.264487 8493.29 -0.013709
64 12800 0.00488159 0.191876 8493.21 -0.007062
65 13000 0.00346371 0.137895 8493.15 -0.00357704
66 13200 0.00243968 0.0981279 8493.1 -0.00178299
67 13400 0.00173074 0.0691584 8493.07 -0.000874683
68 13600 0.00117933 0.0482048 8493.05 -0.000422947
69 13800 0.000785469 0.0332645 8493.03 -0.000201404
70 14000 0.000549152 0.0225937 8493.02 -9.49892e-05
71 14200 0.000391606 0.0151253 8493.02 -4.44285e-05
72 14400 0.000234061 0.0100335 8493.01 -2.03279e-05
73 14600 0.000155296 0.00639783 8493.01 -9.25692e-06
74 14800 0.000155296 0.00387445 8493 -4.28123e-06
75 15000 7.63863e-05 0.0022557 8493 -1.98097e-06
76 15200 7.63863e-05 0.00106785 8493 -9.58263e-07
77 15400 7.63863e-05 0.000517788 8493 -4.62729e-07
78 15600 7.63863e-05 0.000250782 8493 -2.22728e-07
79 15800 7.63863e-05 0.000120976 8493 -1.06934e-07
80 16000 7.63863e-05 5.8203e-05 8493 -5.12256e-08
81 16200 7.63863e-05 2.79395e-05 8493 -2.44784e-08
82 16400 7.63863e-05 1.33811e-05 8493 -1.16703e-08
83 16600 7.63863e-05 6.39324e-06 8493 -5.55125e-09
84 16800 7.63863e-05 3.04704e-06 8493 -2.63162e-09
85 17000 7.63863e-05 1.44859e-06 8493 -1.24614e-09
86 17200 7.63863e-05 6.86924e-07 8493 -5.87421e-10
87 17400 7.63863e-05 3.24897e-07 8493 -2.76626e-10
88 17600 7.63863e-05 1.53265e-07 8493 -1.29809e-10
89 17800 7.63863e-05 7.21073e-08 8493 -6.06919e-11
90 18000 7.63863e-05 3.38329e-08 8493 -2.83956e-11
91 18200 7.63863e-05 1.58309e-08 8493 -1.34167e-11
92 18400 7.63863e-05 7.38681e-09 8493 -6.55327e-12
93 18600 7.63863e-05 3.43695e-09 8493 -1.87236e-12
94 18800 7.63863e-05 1.59449e-09 8493 0
95 19000 7.63863e-05 7.3739e-10 8493 0
96 19200 7.63863e-05 3.39615e-10 8493 0
97 19400 7.63863e-05 1.55073e-10 8493 0
98 19600 7.63863e-05 6.8658e-11 8493 9.3424e-07
99 19800 7.63863e-05 2.59994e-11 8493 0.00130444
