NTS LL(mkm)  STRESS(GPa)   VEL(m / s)  DENS(kg/m3)  ENERGY(J) 
0 201.812 5.67244 200 9052.44 -19497.5
1 389.452 5.67082 199.9 9052.34 -19530.3
2 577.095 5.66607 199.782 9052.06 -19509.7
3 764.742 5.65558 199.617 9051.44 -19470.4
4 952.403 5.63469 199.354 9050.16 -19385.6
5 1140.09 5.59486 198.887 9047.71 -19221.9
6 1327.83 5.52157 198.045 9043.27 -18920.3
7 1515.66 5.39514 196.545 9035.59 -18408.3
8 1703.65 5.18418 193.933 9022.83 -17580.8
9 1891.9 4.84403 189.524 9002.32 -16316.6
10 2080.59 4.3097 182.321 8970.29 -14502.4
11 2269.95 3.62652 170.95 8922.06 -12140.7
12 2460.33 3.28069 155.255 8869.77 -9859.91
13 2651.83 2.94374 139.677 8819.74 -7871.25
14 2844.42 2.61851 124.371 8772.29 -6166.54
15 3038.06 2.30716 109.433 8727.64 -4730.26
16 3232.68 2.0095 95.0286 8685.66 -3536.27
17 3428.24 1.72463 81.5462 8646.09 -2553.71
18 3624.7 1.19515 69.3776 8604.77 -1736.2
19 3822.1 2.18458 54.4681 8588.81 -1435.85
20 4019.87 2.12787 54.0877 8586.28 -1362.01
21 4217.7 2.03973 53.0261 8582.36 -1251.17
22 4415.62 1.93135 51.1383 8577.54 -1121.22
23 4613.65 1.80652 48.6893 8572 -980.554
24 4811.8 1.66841 45.81 8565.88 -835.896
25 5010.1 1.52052 42.5685 8559.34 -693.797
26 5208.55 1.36671 39.0407 8552.56 -560.232
27 5407.16 1.21146 35.3211 8545.73 -439.877
28 5605.93 1.05867 31.5138 8539.03 -335.717
29 5804.85 0.912026 27.7221 8532.61 -249
30 6003.92 0.774532 24.0407 8526.6 -179.457
31 6203.13 0.648326 20.5507 8521.1 -125.676
32 6402.47 0.535 17.3162 8516.16 -85.5259
33 6601.93 0.435128 14.3824 8511.83 -56.5636
34 6801.49 0.348965 11.7754 8508.09 -36.3618
35 7001.13 0.275902 9.50415 8504.92 -22.7247
36 7200.85 0.215166 7.56279 8502.29 -13.8101
37 7400.63 0.16543 5.93379 8500.14 -8.16295
38 7600.46 0.125443 4.59096 8498.41 -4.69415
39 7800.34 0.0938724 3.50311 8497.05 -2.62702
40 8000.24 0.0693055 2.63663 8495.99 -1.43111
41 8200.17 0.0504846 1.95753 8495.18 -0.759195
42 8400.12 0.0363086 1.43394 8494.56 -0.392296
43 8600.08 0.0257547 1.03653 8494.11 -0.197512
44 8800.06 0.0180359 0.739339 8493.78 -0.0969324
45 9000.04 0.0125222 0.520467 8493.54 -0.0463919
46 9200.03 0.00850502 0.361641 8493.37 -0.0216637
47 9400.02 0.00574807 0.248027 8493.25 -0.00987656
48 9600.01 0.00385757 0.167949 8493.16 -0.00439783
49 9800.01 0.00251846 0.112184 8493.11 -0.00191547
50 10000 0.00165196 0.0739672 8493.07 -0.000816762
51 10200 0.00110056 0.0480619 8493.04 -0.000341776
52 10400 0.000706697 0.03077 8493.03 -0.000140696
53 10600 0.000470379 0.0193677 8493.02 -5.70954e-05
54 10800 0.000312834 0.0118987 8493.01 -2.30772e-05
55 11000 0.000155296 0.00714062 8493.01 -9.30402e-06
56 11200 0.000155296 0.00414835 8493 -3.61702e-06
57 11400 7.63863e-05 0.00202393 8493 -1.68084e-06
58 11600 7.63863e-05 0.0009512 8493 -7.6997e-07
59 11800 7.63863e-05 0.000438051 8493 -3.50247e-07
60 12000 7.63863e-05 0.000199925 8493 -1.5864e-07
61 12200 7.63863e-05 9.08307e-05 8493 -7.15756e-08
62 12400 7.63863e-05 4.11124e-05 8493 -3.21665e-08
63 12600 7.63863e-05 1.85359e-05 8493 -1.43953e-08
64 12800 7.63863e-05 8.32281e-06 8493 -6.4142e-09
65 13000 7.63863e-05 3.72138e-06 8493 -2.84669e-09
66 13200 7.63863e-05 1.65687e-06 8493 -1.25785e-09
67 13400 7.63863e-05 7.34496e-07 8493 -5.53173e-10
68 13600 7.63863e-05 3.24174e-07 8493 -2.41833e-10
69 13800 7.63863e-05 1.42436e-07 8493 -1.06172e-10
70 14000 7.63863e-05 6.22983e-08 8493 -4.56359e-11
71 14200 7.63863e-05 2.71215e-08 8493 -1.97369e-11
72 14400 7.63863e-05 1.17515e-08 8493 -8.50268e-12
73 14600 7.63863e-05 5.06739e-09 8493 -3.66575e-12
74 14800 7.63863e-05 2.17445e-09 8493 -1.5603e-12
75 15000 7.63863e-05 9.28447e-10 8493 0
76 15200 7.63863e-05 3.94438e-10 8493 0
77 15400 7.63863e-05 1.66719e-10 8493 0
78 15600 7.63863e-05 7.01049e-11 8493 0
79 15800 7.63863e-05 2.93253e-11 8493 0
80 16000 7.63863e-05 1.22023e-11 8493 0
81 16200 7.63863e-05 5.05034e-12 8493 0
82 16400 7.63863e-05 2.07901e-12 8493 0
83 16600 7.63863e-05 8.51185e-13 8493 0
84 16800 7.63863e-05 3.46579e-13 8493 0
85 17000 7.63863e-05 1.40336e-13 8493 0
86 17200 7.63863e-05 5.65071e-14 8493 0
87 17400 7.63863e-05 2.26248e-14 8493 0
88 17600 7.63863e-05 9.00731e-15 8493 0
89 17800 7.63863e-05 3.56547e-15 8493 0
90 18000 7.63863e-05 1.40324e-15 8493 0
91 18200 7.63863e-05 5.49068e-16 8493 0
92 18400 7.63863e-05 2.13582e-16 8493 0
93 18600 7.63863e-05 8.26035e-17 8493 0
94 18800 7.63863e-05 3.17488e-17 8493 0
95 19000 7.63863e-05 1.21364e-17 8493 0
96 19200 7.63863e-05 4.60715e-18 8493 0
97 19400 7.63863e-05 1.73302e-18 8493 0
98 19600 7.63863e-05 6.39883e-19 8493 9.3424e-07
99 19800 7.63863e-05 2.01523e-19 8493 0.00130382
