NTS LL(mkm)  STRESS(GPa)   VEL(m / s)  DENS(kg/m3)  ENERGY(J) 
0 302.267 5.70179 200 9054.24 -19622
1 489.869 5.70163 199.941 9054.23 -19661.6
2 677.472 5.70139 199.881 9054.22 -19659.3
3 865.075 5.70091 199.82 9054.2 -19661.3
4 1052.68 5.70083 199.757 9054.16 -19661.9
5 1240.28 5.6994 199.692 9054.09 -19661.2
6 1427.89 5.69735 199.614 9053.96 -19652.4
7 1615.5 5.69392 199.52 9053.74 -19637.9
8 1803.11 5.6872 199.396 9053.33 -19610.4
9 1990.73 5.67574 199.213 9052.63 -19562.8
10 2178.37 5.65579 198.93 9051.42 -19479.3
11 2366.03 5.62239 198.477 9049.38 -19339.2
12 2553.73 5.56698 197.745 9046.05 -19111.5
13 2741.51 5.47909 196.566 9040.68 -18750.3
14 2929.39 5.33919 194.68 9032.21 -18189.5
15 3117.45 5.12178 191.692 9019.08 -17345.7
16 3305.78 4.78853 187.015 8999.01 -16121.3
17 3494.54 4.28394 179.801 8968.74 -14421.3
18 3683.93 3.63984 168.872 8924.05 -12233.1
19 3874.27 3.31902 154.045 8875.54 -10103.3
20 4065.65 3.00702 139.492 8829.07 -8228.23
21 4258.04 2.70316 125.319 8784.57 -6590.55
22 4451.4 2.40708 111.58 8741.91 -5172.4
23 4645.7 2.11939 98.3163 8701.08 -3957.62
24 4840.92 1.83836 85.4633 8661.82 -2927.29
25 5037.02 1.45111 72.6672 8623.65 -2072.37
26 5233.99 2.23123 57.8036 8590.89 -1498.51
27 5431.71 2.22157 55.5898 8590.46 -1485.59
28 5629.44 2.19042 54.7564 8589.07 -1444.04
29 5827.21 2.14961 54.092 8587.25 -1390.57
30 6025.01 2.09771 53.2238 8584.94 -1323.96
31 6222.87 2.03482 52.0799 8582.14 -1245.42
32 6420.79 1.96106 50.6633 8578.86 -1156.46
33 6618.79 1.8769 48.9795 8575.12 -1058.97
34 6816.88 1.78295 47.0346 8570.95 -955.321
35 7015.06 1.68052 44.8415 8566.41 -848.311
36 7213.34 1.57084 42.4228 8561.57 -740.927
37 7411.74 1.45587 39.8107 8556.49 -636.106
38 7610.26 1.33738 37.0451 8551.27 -536.523
39 7808.89 1.21741 34.1715 8545.99 -444.377
40 8007.65 1.09799 31.2386 8540.75 -361.296
41 8206.54 0.98101 28.2958 8535.62 -288.267
42 8405.54 0.868113 25.3914 8530.69 -225.654
43 8604.65 0.760879 22.5698 8526 -173.274
44 8803.88 0.660495 19.8699 8521.63 -130.501
45 9003.21 0.567756 17.3247 8517.59 -96.3922
46 9202.63 0.483302 14.9593 8513.92 -69.8238
47 9402.14 0.407381 12.7913 8510.62 -49.6012
48 9601.73 0.34008 10.8311 8507.7 -34.5544
49 9801.38 0.281172 9.0821 8505.15 -23.6082
50 10001.1 0.230194 7.54143 8502.94 -15.8195
51 10200.9 0.186679 6.20139 8501.06 -10.3975
52 10400.7 0.149845 5.05021 8499.47 -6.70343
53 10600.5 0.119223 4.07309 8498.14 -4.23984
54 10800.4 0.0939512 3.25354 8497.05 -2.6311
55 11000.3 0.0733215 2.57409 8496.16 -1.60215
56 11200.2 0.0566272 2.01717 8495.44 -0.957487
57 11400.2 0.0433967 1.56589 8494.87 -0.561633
58 11600.1 0.032922 1.20408 8494.42 -0.323429
59 11800.1 0.0247308 0.9173 8494.07 -0.182864
60 12000.1 0.0184297 0.692299 8493.79 -0.101527
61 12200 0.013625 0.517641 8493.59 -0.0553731
62 12400 0.0100016 0.383504 8493.43 -0.0296681
63 12600 0.0072447 0.281478 8493.31 -0.0156209
64 12800 0.00519668 0.204682 8493.22 -0.00808528
65 13000 0.00370003 0.147465 8493.16 -0.00411524
66 13200 0.00259723 0.105253 8493.11 -0.00206003
67 13400 0.00180951 0.0743586 8493.08 -0.00101517
68 13600 0.0012581 0.05198 8493.05 -0.000493025
69 13800 0.000864242 0.0359676 8493.04 -0.000235929
70 14000 0.000627924 0.0245477 8493.02 -0.000111577
71 14200 0.000391606 0.0165516 8493.02 -5.20338e-05
72 14400 0.000312834 0.0109144 8493.01 -2.40997e-05
73 14600 0.000155296 0.00714349 8493.01 -1.0801e-05
74 14800 0.000155296 0.00420286 8493 -5.17819e-06
75 15000 7.63863e-05 0.00263414 8493 -2.34057e-06
76 15200 7.63863e-05 0.00126757 8493 -1.12726e-06
77 15400 7.63863e-05 0.000609389 8493 -5.43922e-07
78 15600 7.63863e-05 0.000294454 8493 -2.62104e-07
79 15800 7.63863e-05 0.000142208 8493 -1.25992e-07
80 16000 7.63863e-05 6.85088e-05 8493 -6.04211e-08
81 16200 7.63863e-05 3.2923e-05 8493 -2.89047e-08
82 16400 7.63863e-05 1.57847e-05 8493 -1.37957e-08
83 16600 7.63863e-05 7.54994e-06 8493 -6.56976e-09
84 16800 7.63863e-05 3.60245e-06 8493 -3.11825e-09
85 17000 7.63863e-05 1.71464e-06 8493 -1.4783e-09
86 17200 7.63863e-05 8.14056e-07 8493 -6.97728e-10
87 17400 7.63863e-05 3.85497e-07 8493 -3.2905e-10
88 17600 7.63863e-05 1.82078e-07 8493 -1.54616e-10
89 17800 7.63863e-05 8.57716e-08 8493 -7.23941e-11
90 18000 7.63863e-05 4.02962e-08 8493 -3.40126e-11
91 18200 7.63863e-05 1.888e-08 8493 -1.60692e-11
92 18400 7.63863e-05 8.82136e-09 8493 -7.02136e-12
93 18600 7.63863e-05 4.11004e-09 8493 -3.43266e-12
94 18800 7.63863e-05 1.9094e-09 8493 0
95 19000 7.63863e-05 8.84279e-10 8493 0
96 19200 7.63863e-05 4.07849e-10 8493 0
97 19400 7.63863e-05 1.86493e-10 8493 0
98 19600 7.63863e-05 8.26769e-11 8493 9.3424e-07
99 19800 7.63863e-05 3.13391e-11 8493 0.00130445
