NTS LL(mkm)  STRESS(GPa)   VEL(m / s)  DENS(kg/m3)  ENERGY(J) 
0 201.688 5.67236 200 9052.44 -19497.3
1 389.328 5.67074 199.9 9052.33 -19530
2 576.97 5.66599 199.782 9052.06 -19509.4
3 764.618 5.65611 199.617 9051.43 -19469.9
4 952.279 5.63498 199.352 9050.15 -19384.6
5 1139.97 5.59438 198.883 9047.69 -19220.2
6 1327.71 5.52061 198.038 9043.23 -18917.3
7 1515.54 5.39378 196.531 9035.51 -18403.1
8 1703.53 5.18204 193.909 9022.7 -17572.4
9 1891.79 4.84031 189.482 9002.11 -16303.8
10 2080.48 4.30445 182.249 8969.96 -14484.4
11 2269.84 3.62369 170.827 8921.6 -12119.9
12 2460.23 3.27767 155.125 8869.32 -9841.2
13 2651.75 2.9406 139.545 8819.3 -7854.76
14 2844.35 2.61544 124.241 8771.87 -6152.23
15 3037.99 2.30432 109.304 8727.24 -4718.1
16 3232.62 2.00698 94.8925 8685.29 -3526.35
17 3428.19 1.72218 81.4021 8645.76 -2546.04
18 3624.66 1.18968 69.2627 8604.36 -1729.71
19 3822.07 2.18435 54.4038 8588.8 -1435.57
20 4019.84 2.12717 54.089 8586.25 -1361.18
21 4217.67 2.03864 53.0182 8582.31 -1249.76
22 4415.59 1.92987 51.1148 8577.47 -1119.48
23 4613.62 1.80481 48.656 8571.92 -978.648
24 4811.78 1.66646 45.77 8565.79 -833.915
25 5010.08 1.51833 42.5227 8559.25 -691.833
26 5208.53 1.36445 38.9899 8552.46 -558.372
27 5407.14 1.20911 35.2667 8545.63 -438.19
28 5605.91 1.05639 31.4574 8538.93 -334.249
29 5804.83 0.909752 27.6651 8532.51 -247.773
30 6003.9 0.772335 23.9846 8526.51 -178.47
31 6203.12 0.646363 20.497 8521.01 -124.911
32 6402.46 0.533193 17.2659 8516.09 -84.9531
33 6601.92 0.433556 14.3362 8511.76 -56.1498
34 6801.48 0.34755 11.734 8508.03 -36.0728
35 7001.12 0.274722 9.46774 8504.87 -22.5295
36 7200.85 0.214143 7.53139 8502.25 -13.6825
37 7400.63 0.164642 5.90722 8500.11 -8.08207
38 7600.46 0.124813 4.56886 8498.39 -4.64449
39 7800.33 0.0933213 3.48506 8497.03 -2.59745
40 8000.24 0.0689118 2.62217 8495.97 -1.414
41 8200.17 0.0501696 1.94609 8495.16 -0.749593
42 8400.12 0.0360724 1.42507 8494.55 -0.387057
43 8600.08 0.0255972 1.02975 8494.1 -0.194732
44 8800.06 0.0178783 0.73421 8493.77 -0.0955029
45 9000.04 0.0123647 0.516687 8493.53 -0.0456745
46 9200.02 0.00842625 0.358871 8493.36 -0.0213141
47 9400.02 0.00574807 0.246065 8493.24 -0.00970845
48 9600.01 0.0037788 0.166513 8493.16 -0.00432094
49 9800.01 0.00251846 0.11121 8493.11 -0.00188033
50 10000 0.00165196 0.0732888 8493.07 -0.000801149
51 10200 0.00110056 0.0476085 8493.04 -0.00033483
52 10400 0.000706697 0.0304527 8493.03 -0.000137759
53 10600 0.000470379 0.0191666 8493.02 -5.58135e-05
54 10800 0.000312834 0.0117622 8493.01 -2.25332e-05
55 11000 0.000155296 0.00702991 8493.01 -9.13537e-06
56 11200 7.63863e-05 0.00409486 8493 -3.55788e-06
57 11400 7.63863e-05 0.00199317 8493 -1.65102e-06
58 11600 7.63863e-05 0.000934882 8493 -7.55723e-07
59 11800 7.63863e-05 0.000430062 8493 -3.43641e-07
60 12000 7.63863e-05 0.000196186 8493 -1.55614e-07
61 12200 7.63863e-05 8.91122e-05 8493 -7.0197e-08
62 12400 7.63863e-05 4.03271e-05 8493 -3.15406e-08
63 12600 7.63863e-05 1.81782e-05 8493 -1.41121e-08
64 12800 7.63863e-05 8.1605e-06 8493 -6.28665e-09
65 13000 7.63863e-05 3.64802e-06 8493 -2.78951e-09
66 13200 7.63863e-05 1.62384e-06 8493 -1.23226e-09
67 13400 7.63863e-05 7.19694e-07 8493 -5.41785e-10
68 13600 7.63863e-05 3.17568e-07 8493 -2.3684e-10
69 13800 7.63863e-05 1.395e-07 8493 -1.0391e-10
70 14000 7.63863e-05 6.09995e-08 8493 -4.46997e-11
71 14200 7.63863e-05 2.65495e-08 8493 -1.92688e-11
72 14400 7.63863e-05 1.15007e-08 8493 -8.34665e-12
73 14600 7.63863e-05 4.95795e-09 8493 -3.58869e-12
74 14800 7.63863e-05 2.12692e-09 8493 -1.48132e-12
75 15000 7.63863e-05 9.07906e-10 8493 0
76 15200 7.63863e-05 3.85604e-10 8493 0
77 15400 7.63863e-05 1.62939e-10 8493 0
78 15600 7.63863e-05 6.84954e-11 8493 0
79 15800 7.63863e-05 2.86436e-11 8493 0
80 16000 7.63863e-05 1.1915e-11 8493 0
81 16200 7.63863e-05 4.92993e-12 8493 0
82 16400 7.63863e-05 2.02881e-12 8493 0
83 16600 7.63863e-05 8.30368e-13 8493 0
84 16800 7.63863e-05 3.37994e-13 8493 0
85 17000 7.63863e-05 1.36815e-13 8493 0
86 17200 7.63863e-05 5.50709e-14 8493 0
87 17400 7.63863e-05 2.20423e-14 8493 0
88 17600 7.63863e-05 8.77237e-15 8493 0
89 17800 7.63863e-05 3.47125e-15 8493 0
90 18000 7.63863e-05 1.36568e-15 8493 0
91 18200 7.63863e-05 5.34174e-16 8493 0
92 18400 7.63863e-05 2.07717e-16 8493 0
93 18600 7.63863e-05 8.03e-17 8493 0
94 18800 7.63863e-05 3.0853e-17 8493 0
95 19000 7.63863e-05 1.17952e-17 8493 0
96 19200 7.63863e-05 4.46851e-18 8493 0
97 19400 7.63863e-05 1.68502e-18 8493 0
98 19600 7.63863e-05 6.18553e-19 8493 9.3424e-07
99 19800 7.63863e-05 1.96191e-19 8493 0.00130382
