NTS LL(mkm)  STRESS(GPa)   VEL(m / s)  DENS(kg/m3)  ENERGY(J) 
0 400.348 5.7227 200 9055.49 -19709.7
1 587.924 5.72262 199.952 9055.49 -19749.5
2 775.501 5.72254 199.905 9055.49 -19747.7
3 963.078 5.72238 199.858 9055.48 -19750.8
4 1150.66 5.72214 199.81 9055.47 -19753.2
5 1338.23 5.72182 199.763 9055.45 -19756.4
6 1525.81 5.72143 199.716 9055.43 -19755.1
7 1713.39 5.72095 199.668 9055.41 -19754.5
8 1900.97 5.72087 199.621 9055.38 -19752.7
9 2088.55 5.72011 199.574 9055.33 -19751
10 2276.13 5.71875 199.521 9055.27 -19746.6
11 2463.71 5.71753 199.464 9055.17 -19739.7
12 2651.29 5.71499 199.398 9055.01 -19729.1
13 2838.88 5.71093 199.314 9054.77 -19713.1
14 3026.47 5.70437 199.201 9054.38 -19685.9
15 3214.07 5.69424 199.04 9053.75 -19641.6
16 3401.68 5.67757 198.8 9052.75 -19573
17 3589.32 5.65171 198.431 9051.17 -19464.4
18 3776.98 5.61063 197.862 9048.69 -19293.6
19 3964.7 5.54753 196.98 9044.85 -19032.2
20 4152.5 5.45009 195.618 9038.94 -18634.7
21 4340.42 5.30139 193.526 9029.93 -18040.9
22 4528.52 5.076 190.323 9016.29 -17172.7
23 4716.92 4.73627 185.434 8995.84 -15935.7
24 4905.74 4.22723 178.029 8965.36 -14242.6
25 5095.2 3.61986 166.933 8921.03 -12095.7
26 5285.6 3.30855 152.432 8873.94 -10036.3
27 5477.02 3.00483 138.289 8828.76 -8216.88
28 5669.41 2.7086 124.551 8785.37 -6618.9
29 5862.76 2.4184 111.23 8743.52 -5223.33
30 6057.03 2.13509 98.3102 8703.28 -4019.38
31 6252.19 1.8556 85.6767 8664.2 -2986.56
32 6448.24 1.49164 72.9495 8626.64 -2131.52
33 6645.14 2.24081 58.3627 8591.32 -1511.68
34 6842.86 2.25303 56.0263 8591.87 -1528.27
35 7040.55 2.24019 55.3861 8591.29 -1510.85
36 7238.27 2.22243 55.0866 8590.5 -1486.9
37 7436 2.19868 54.7217 8589.44 -1455.15
38 7633.75 2.16861 54.2096 8588.1 -1415.55
39 7831.54 2.13208 53.5457 8586.47 -1368.06
40 8029.36 2.0886 52.7264 8584.53 -1312.63
41 8227.23 2.03786 51.7418 8582.27 -1249.36
42 8425.15 1.97962 50.5823 8579.68 -1178.73
43 8623.12 1.91396 49.241 8576.77 -1101.56
44 8821.17 1.84109 47.716 8573.53 -1018.99
45 9019.29 1.76141 46.0106 8570 -932.451
46 9217.5 1.67568 44.1331 8566.2 -843.58
47 9415.79 1.5846 42.0973 8562.18 -754.129
48 9614.17 1.48925 39.9214 8557.96 -665.845
49 9812.65 1.39073 37.6279 8553.62 -580.403
50 10011.2 1.29012 35.2428 8549.19 -499.287
51 10209.9 1.18876 32.7944 8544.73 -423.737
52 10408.7 1.08781 30.3123 8540.3 -354.683
53 10607.6 0.988456 27.827 8535.95 -292.739
54 10806.6 0.891796 25.3678 8531.72 -238.19
55 11005.7 0.798775 22.9625 8527.66 -191.028
56 11204.9 0.710262 20.6363 8523.8 -150.986
57 11404.2 0.626969 18.4115 8520.17 -117.596
58 11603.5 0.549297 16.3065 8516.79 -90.2451
59 11803 0.477723 14.3359 8513.68 -68.2343
60 12002.5 0.412333 12.5102 8510.84 -50.8285
61 12202.1 0.35329 10.8358 8508.28 -37.3018
62 12401.7 0.300443 9.31576 8505.99 -26.9682
63 12601.4 0.253561 7.94916 8503.96 -19.2081
64 12801.1 0.212412 6.73238 8502.18 -13.4781
65 13000.9 0.176684 5.65929 8500.63 -9.31736
66 13200.7 0.145831 4.72181 8499.29 -6.34594
67 13400.6 0.11946 3.91033 8498.15 -4.25847
68 13600.5 0.0971005 3.21422 8497.19 -2.81577
69 13800.4 0.0784397 2.62255 8496.38 -1.83463
70 14000.3 0.0628483 2.1239 8495.71 -1.17798
71 14200.2 0.0500121 1.7074 8495.16 -0.74542
72 14400.2 0.0394589 1.36254 8494.7 -0.464883
73 14600.1 0.030953 1.07943 8494.33 -0.285808
74 14800.1 0.0241007 0.84888 8494.04 -0.173204
75 15000.1 0.018666 0.662766 8493.8 -0.103482
76 15200.1 0.0143339 0.513627 8493.62 -0.0609676
77 15400 0.0108681 0.395223 8493.47 -0.0354174
78 15600 0.00826871 0.301923 8493.35 -0.0202918
79 15800 0.00622069 0.228943 8493.27 -0.0114658
80 16000 0.00464528 0.172309 8493.2 -0.00639204
81 16200 0.00346371 0.128713 8493.15 -0.0035175
82 16400 0.00251846 0.0954308 8493.11 -0.00191024
83 16600 0.00188828 0.0702248 8493.08 -0.00102345
84 16800 0.00133688 0.0511786 8493.06 -0.00054193
85 17000 0.000943014 0.037007 8493.04 -0.000283332
86 17200 0.000706697 0.0264382 8493.03 -0.00014677
87 17400 0.000470379 0.0187793 8493.02 -7.47591e-05
88 17600 0.000391606 0.0130435 8493.01 -3.78045e-05
89 17800 0.000234061 0.00891848 8493.01 -1.89119e-05
90 18000 0.000155296 0.00599704 8493.01 -9.26823e-06
91 18200 0.000155296 0.00373756 8493 -4.68107e-06
92 18400 7.63863e-05 0.00238455 8493 -2.22392e-06
93 18600 7.63863e-05 0.00116606 8493 -1.10806e-06
94 18800 7.63863e-05 0.000579699 8493 -5.53559e-07
95 19000 7.63863e-05 0.000289873 8493 -2.76341e-07
96 19200 7.63863e-05 0.000144398 8493 -1.38244e-07
97 19400 7.63863e-05 7.11537e-05 8493 -7.01908e-08
98 19600 7.63863e-05 3.37627e-05 8493 8.96345e-07
99 19800 7.63863e-05 1.34639e-05 8493 0.00130504
