NTS LL(mkm)  STRESS(GPa)   VEL(m / s)  DENS(kg/m3)  ENERGY(J) 
0 420.884 5.72624 200 9055.72 -19725.6
1 608.456 5.72616 199.955 9055.72 -19765.4
2 796.028 5.726 199.911 9055.71 -19763.5
3 983.6 5.72585 199.866 9055.71 -19766.5
4 1171.17 5.72561 199.822 9055.69 -19768.9
5 1358.75 5.72592 199.778 9055.68 -19772.1
6 1546.32 5.72555 199.736 9055.66 -19770.8
7 1733.89 5.72507 199.692 9055.64 -19770.3
8 1921.47 5.72452 199.648 9055.61 -19768.8
9 2109.04 5.72372 199.603 9055.57 -19767.6
10 2296.61 5.72326 199.558 9055.53 -19764.5
11 2484.19 5.7219 199.512 9055.46 -19759.8
12 2671.77 5.72075 199.457 9055.36 -19753.5
13 2859.35 5.71836 199.398 9055.23 -19744.9
14 3046.93 5.71483 199.323 9055.01 -19729.7
15 3234.52 5.70878 199.224 9054.67 -19705.4
16 3422.11 5.70027 199.083 9054.13 -19668.7
17 3609.72 5.68658 198.876 9053.29 -19610.8
18 3797.34 5.66461 198.564 9051.96 -19518.4
19 3984.99 5.63072 198.085 9049.89 -19376.3
20 4172.68 5.578 197.347 9046.69 -19157.3
21 4360.44 5.4972 196.209 9041.78 -18824.8
22 4548.3 5.37389 194.463 9034.3 -18327.8
23 4736.32 5.18693 191.796 9022.99 -17594.9
24 4924.57 4.90472 187.761 9005.97 -16538.4
25 5113.18 4.48037 181.707 8980.49 -15060.5
26 5302.32 3.84453 172.622 8942.56 -13096.1
27 5492.27 3.44924 158.815 8895.14 -10943.6
28 5683.23 3.14353 144.582 8849.31 -9024.46
29 5875.17 2.84439 130.747 8805.19 -7330.42
30 6068.08 2.5532 117.245 8762.86 -5850.04
31 6261.92 2.26743 104.041 8722 -4562.74
32 6456.67 1.99024 91.1549 8682.96 -3465.1
33 6652.3 1.71409 78.9466 8644.65 -2520.3
34 6848.79 1.16563 67.823 8602.58 -1702.1
35 7046.24 2.23318 53.3273 8590.98 -1501.35
36 7243.96 2.25591 55.6034 8591.99 -1532.24
37 7441.65 2.24042 55.4717 8591.3 -1511.25
38 7639.37 2.22126 55.1295 8590.45 -1485.42
39 7837.1 2.19782 54.6998 8589.4 -1454.06
40 8034.85 2.169 54.179 8588.12 -1416.08
41 8232.64 2.13418 53.5382 8586.57 -1370.83
42 8430.46 2.09296 52.7565 8584.73 -1318.1
43 8628.32 2.0448 51.8204 8582.58 -1257.98
44 8826.23 1.98976 50.7204 8580.13 -1190.85
45 9024.2 1.92761 49.4503 8577.37 -1117.39
46 9222.24 1.85865 48.0074 8574.31 -1038.58
47 9420.34 1.78319 46.3939 8570.96 -955.674
48 9618.52 1.70168 44.6159 8567.35 -870.096
49 9816.78 1.61499 42.6846 8563.52 -783.42
50 10015.1 1.52388 40.6153 8559.49 -697.256
51 10213.6 1.42928 38.4274 8555.32 -613.169
52 10412.1 1.33229 36.1433 8551.05 -532.596
53 10610.8 1.23408 33.7884 8546.73 -456.774
54 10809.5 1.13567 31.3892 8542.41 -386.696
55 11008.4 1.03822 28.9737 8538.13 -323.067
56 11207.3 0.942836 26.569 8533.95 -266.301
57 11406.3 0.850311 24.2017 8529.91 -216.537
58 11605.5 0.761664 21.8963 8526.04 -173.662
59 11804.7 0.677451 19.6749 8522.37 -137.351
60 12004 0.598386 17.5567 8518.92 -107.12
61 12203.4 0.524787 15.5572 8515.72 -82.3724
62 12402.9 0.457055 13.6887 8512.78 -62.4515
63 12602.4 0.395196 11.9596 8510.09 -46.6791
64 12802 0.339293 10.3749 8507.67 -34.3971
65 13001.7 0.289195 8.93633 8505.5 -24.9875
66 13201.4 0.244749 7.64235 8503.57 -17.8949
67 13401.1 0.205723 6.48922 8501.88 -12.6342
68 13600.9 0.171647 5.47088 8500.41 -8.794
69 13800.7 0.14221 4.57947 8499.14 -6.0347
70 14000.6 0.11694 3.80619 8498.05 -4.08294
71 14200.5 0.0955258 3.14093 8497.12 -2.72371
72 14400.4 0.0774948 2.57371 8496.34 -1.79164
73 14600.3 0.0623759 2.09394 8495.69 -1.16205
74 14800.2 0.0499333 1.69177 8495.15 -0.743324
75 15000.2 0.0396164 1.35718 8494.71 -0.468904
76 15200.1 0.031268 1.08112 8494.35 -0.291756
77 15400.1 0.0244945 0.855225 8494.06 -0.17906
78 15600.1 0.0190598 0.67184 8493.82 -0.108408
79 15800.1 0.0147277 0.524146 8493.63 -0.0647635
80 16000 0.0113407 0.406075 8493.49 -0.0381678
81 16200 0.00866256 0.312389 8493.37 -0.0221966
82 16400 0.00653577 0.238639 8493.28 -0.0127413
83 16600 0.00496036 0.181079 8493.21 -0.00721744
84 16800 0.00370003 0.136343 8493.16 -0.00403644
85 17000 0.00275477 0.101897 8493.12 -0.00223019
86 17200 0.00204582 0.0756489 8493.09 -0.00121657
87 17400 0.00149442 0.0556611 8493.06 -0.00065593
88 17600 0.00110056 0.0406555 8493.05 -0.000349269
89 17800 0.000785469 0.0294014 8493.03 -0.000183906
90 18000 0.000549152 0.0210344 8493.02 -9.56747e-05
91 18200 0.000391606 0.0148525 8493.02 -4.91897e-05
92 18400 0.000312834 0.0103216 8493.01 -2.50503e-05
93 18600 0.000234061 0.00700156 8493.01 -1.26296e-05
94 18800 0.000155296 0.00457131 8493 -6.33775e-06
95 19000 7.63863e-05 0.00301273 8493 -3.03503e-06
96 19200 7.63863e-05 0.0015658 8493 -1.5392e-06
97 19400 7.63863e-05 0.000783663 8493 -7.89993e-07
98 19600 7.63863e-05 0.000374515 8493 5.0239e-07
99 19800 7.63863e-05 0.000150133 8493 0.00130492
