NTS LL(mkm)  STRESS(GPa)   VEL(m / s)  DENS(kg/m3)  ENERGY(J) 
0 302.142 5.70171 200 9054.23 -19621.9
1 489.745 5.70163 199.941 9054.23 -19661.5
2 677.348 5.70131 199.881 9054.22 -19659.1
3 864.951 5.70091 199.82 9054.19 -19661.2
4 1052.55 5.70083 199.757 9054.16 -19661.7
5 1240.16 5.69932 199.692 9054.08 -19661
6 1427.77 5.69735 199.614 9053.96 -19652.3
7 1615.37 5.69384 199.52 9053.73 -19637.7
8 1802.99 5.68704 199.395 9053.33 -19610.1
9 1990.61 5.67558 199.212 9052.62 -19562.2
10 2178.24 5.65547 198.927 9051.4 -19478.3
11 2365.91 5.62191 198.472 9049.36 -19337.7
12 2553.61 5.56687 197.738 9046.01 -19109.1
13 2741.38 5.47813 196.554 9040.62 -18746.5
14 2929.27 5.33772 194.661 9032.12 -18183.7
15 3117.33 5.1196 191.662 9018.94 -17336.9
16 3305.67 4.78549 186.967 8998.79 -16108.6
17 3494.43 4.27823 179.725 8968.41 -14404.1
18 3683.82 3.63677 168.75 8923.62 -12213.3
19 3874.17 3.31596 153.919 8875.12 -10085.6
20 4065.56 3.00435 139.367 8828.66 -8212.62
21 4257.96 2.7002 125.194 8784.18 -6576.96
22 4451.33 2.40467 111.458 8741.54 -5160.71
23 4645.64 2.11686 98.1985 8700.72 -3947.66
24 4840.87 1.83587 85.3584 8661.46 -2918.69
25 5036.98 1.4456 72.586 8623.25 -2064.49
26 5233.96 2.22991 57.7166 8590.83 -1496.72
27 5431.68 2.22111 55.5464 8590.44 -1484.92
28 5629.41 2.19003 54.7406 8589.05 -1443.51
29 5827.17 2.14914 54.0833 8587.23 -1389.88
30 6024.98 2.09701 53.2128 8584.91 -1323.08
31 6222.84 2.03396 52.0648 8582.1 -1244.37
32 6420.76 1.96005 50.6441 8578.81 -1155.25
33 6618.76 1.87566 48.9563 8575.07 -1057.63
34 6816.85 1.78162 47.0075 8570.89 -953.888
35 7015.03 1.67904 44.8105 8566.35 -846.821
36 7213.32 1.56928 42.3882 8561.5 -739.424
37 7411.72 1.45415 39.773 8556.42 -634.632
38 7610.23 1.33558 37.0048 8551.19 -535.116
39 7808.87 1.21561 34.1293 8545.91 -443.071
40 8007.64 1.09619 31.1951 8540.67 -360.114
41 8206.52 0.979207 28.2518 8535.55 -287.225
42 8405.52 0.866388 25.3477 8530.61 -224.759
43 8604.64 0.759231 22.5269 8525.93 -172.523
44 8803.87 0.658924 19.8286 8521.56 -129.887
45 9003.2 0.566342 17.2855 8517.53 -95.9016
46 9202.62 0.481966 14.9225 8513.86 -69.4412
47 9402.13 0.406201 12.7574 8510.57 -49.3097
48 9601.72 0.339057 10.8003 8507.66 -34.3373
49 9801.37 0.280228 9.0544 8505.11 -23.4501
50 10001.1 0.229407 7.5169 8502.91 -15.707
51 10200.9 0.185971 6.17991 8501.03 -10.3191
52 10400.7 0.149294 5.03165 8499.44 -6.65006
53 10600.5 0.118672 4.05724 8498.12 -4.20426
54 10800.4 0.0934787 3.24018 8497.03 -2.60787
55 11000.3 0.0729278 2.56296 8496.15 -1.58729
56 11200.2 0.0563909 2.00801 8495.43 -0.94818
57 11400.2 0.0431605 1.55841 8494.86 -0.555923
58 11600.1 0.0327645 1.19806 8494.41 -0.319993
59 11800.1 0.0246521 0.912513 8494.06 -0.180836
60 12000.1 0.0183509 0.688511 8493.79 -0.100355
61 12200 0.0135462 0.51469 8493.58 -0.054709
62 12400 0.00992286 0.381235 8493.43 -0.0292981
63 12600 0.00716593 0.279725 8493.31 -0.0154199
64 12800 0.00519668 0.203388 8493.22 -0.00797663
65 13000 0.00370003 0.146476 8493.16 -0.00405818
66 13200 0.00259723 0.104516 8493.11 -0.00203073
67 13400 0.00180951 0.0738204 8493.08 -0.00100038
68 13600 0.0012581 0.0515915 8493.05 -0.000485669
69 13800 0.000864242 0.0356883 8493.04 -0.000232328
70 14000 0.000627924 0.0243621 8493.02 -0.00010974
71 14200 0.000391606 0.0163941 8493.02 -5.12304e-05
72 14400 0.000312834 0.0108328 8493.01 -2.36674e-05
73 14600 0.000155296 0.00705993 8493.01 -1.0635e-05
74 14800 0.000155296 0.0041636 8493 -5.08904e-06
75 15000 7.63863e-05 0.00259896 8493 -2.30253e-06
76 15200 7.63863e-05 0.0012468 8493 -1.10899e-06
77 15400 7.63863e-05 0.000599434 8493 -5.35181e-07
78 15600 7.63863e-05 0.000289741 8493 -2.57877e-07
79 15800 7.63863e-05 0.000139929 8493 -1.23946e-07
80 16000 7.63863e-05 6.7403e-05 8493 -5.94331e-08
81 16200 7.63863e-05 3.23878e-05 8493 -2.84289e-08
82 16400 7.63863e-05 1.55264e-05 8493 -1.35672e-08
83 16600 7.63863e-05 7.4256e-06 8493 -6.46023e-09
84 16800 7.63863e-05 3.54271e-06 8493 -3.06582e-09
85 17000 7.63863e-05 1.68602e-06 8493 -1.45334e-09
86 17200 7.63863e-05 8.0037e-07 8493 -6.85872e-10
87 17400 7.63863e-05 3.7897e-07 8493 -3.23277e-10
88 17600 7.63863e-05 1.78973e-07 8493 -1.51966e-10
89 17800 7.63863e-05 8.42983e-08 8493 -7.11459e-11
90 18000 7.63863e-05 3.9599e-08 8493 -3.33885e-11
91 18200 7.63863e-05 1.85508e-08 8493 -1.59131e-11
92 18400 7.63863e-05 8.66643e-09 8493 -6.86533e-12
93 18600 7.63863e-05 4.03731e-09 8493 -3.27663e-12
94 18800 7.63863e-05 1.87535e-09 8493 0
95 19000 7.63863e-05 8.68387e-10 8493 0
96 19200 7.63863e-05 4.00463e-10 8493 0
97 19400 7.63863e-05 1.8309e-10 8493 0
98 19600 7.63863e-05 8.11577e-11 8493 9.3424e-07
99 19800 7.63863e-05 3.07602e-11 8493 0.00130445
