NTS LL(mkm)  STRESS(GPa)   VEL(m / s)  DENS(kg/m3)  ENERGY(J) 
0 302.64 5.70187 200 9054.24 -19622.4
1 490.243 5.70179 199.941 9054.24 -19662
2 677.845 5.70147 199.881 9054.22 -19659.6
3 865.449 5.70107 199.82 9054.2 -19661.7
4 1053.05 5.70099 199.757 9054.16 -19662.3
5 1240.66 5.69956 199.692 9054.09 -19661.7
6 1428.26 5.69751 199.615 9053.97 -19653
7 1615.87 5.69416 199.521 9053.75 -19638.7
8 1803.48 5.68752 199.398 9053.35 -19611.6
9 1991.1 5.6761 199.217 9052.65 -19564.6
10 2178.74 5.6559 198.937 9051.46 -19482.1
11 2366.4 5.62323 198.489 9049.45 -19343.7
12 2554.1 5.56921 197.765 9046.15 -19118.7
13 2741.87 5.48139 196.6 9040.85 -18761.6
14 2929.75 5.34374 194.736 9032.48 -18207
15 3117.81 5.12884 191.781 9019.5 -17371.9
16 3306.13 4.79964 187.156 8999.65 -16159.1
17 3494.87 4.29998 180.027 8969.7 -14472.5
18 3684.25 3.64852 169.234 8925.35 -12292.4
19 3874.56 3.3273 154.421 8876.8 -10156.4
20 4065.91 3.01491 139.869 8830.28 -8275.13
21 4258.27 2.7111 125.691 8785.73 -6631.42
22 4451.61 2.41505 111.948 8743.03 -5207.55
23 4645.89 2.12701 98.6683 8702.15 -3987.65
24 4841.08 1.84602 85.7763 8662.87 -2953.26
25 5037.16 1.46756 72.9094 8624.87 -2096.15
26 5234.1 2.23536 58.0651 8591.08 -1504.1
27 5431.82 2.22321 55.7247 8590.53 -1487.73
28 5629.55 2.19167 54.8075 8589.13 -1445.67
29 5827.31 2.15124 54.1195 8587.32 -1392.61
30 6025.11 2.09982 53.2564 8585.03 -1326.59
31 6222.97 2.03739 52.1247 8582.25 -1248.58
32 6420.89 1.9641 50.7206 8578.99 -1160.08
33 6618.88 1.88041 49.0488 8575.28 -1062.97
34 6816.96 1.78693 47.1158 8571.13 -959.611
35 7015.14 1.68489 44.934 8566.61 -852.772
36 7213.42 1.57561 42.526 8561.78 -745.433
37 7411.82 1.46087 39.9234 8556.71 -640.531
38 7610.33 1.34262 37.1657 8551.5 -540.748
39 7808.96 1.22273 34.298 8546.23 -448.305
40 8007.71 1.10332 31.3689 8540.99 -364.853
41 8206.59 0.986261 28.4278 8535.86 -291.404
42 8405.59 0.873289 25.5228 8530.91 -228.354
43 8604.7 0.765823 22.6984 8526.22 -175.539
44 8803.92 0.665126 19.994 8521.83 -132.355
45 9003.24 0.572076 17.4426 8517.78 -97.8745
46 9202.66 0.48731 15.0696 8514.09 -70.981
47 9402.16 0.410997 12.8932 8510.78 -50.4837
48 9601.75 0.343304 10.9239 8507.84 -35.2121
49 9801.4 0.284004 9.16545 8505.27 -24.0874
50 10001.1 0.232633 7.61536 8503.05 -16.1609
51 10200.9 0.188725 6.26611 8501.15 -10.6354
52 10400.7 0.151655 5.10614 8499.55 -6.86573
53 10600.5 0.120719 4.12085 8498.21 -4.34819
54 10800.4 0.0952109 3.29385 8497.11 -2.70191
55 11000.3 0.0743451 2.60771 8496.21 -1.64746
56 11200.2 0.0574934 2.04488 8495.48 -0.985896
57 11400.2 0.0441055 1.58846 8494.9 -0.57909
58 11600.1 0.0334733 1.2223 8494.44 -0.333932
59 11800.1 0.0252034 0.931814 8494.08 -0.189061
60 12000.1 0.0187448 0.703724 8493.81 -0.105116
61 12200 0.0138613 0.526576 8493.6 -0.0574092
62 12400 0.0101592 0.390371 8493.44 -0.0308044
63 12600 0.00740224 0.286748 8493.32 -0.0162421
64 12800 0.00535422 0.208673 8493.23 -0.00841835
65 13000 0.0037788 0.150445 8493.16 -0.00429093
66 13200 0.002676 0.107471 8493.11 -0.00215089
67 13400 0.00188828 0.0759827 8493.08 -0.00106141
68 13600 0.00133688 0.0531798 8493.06 -0.000515888
69 13800 0.000943014 0.0368092 8493.04 -0.00024724
70 14000 0.000627924 0.0251444 8493.03 -0.000117133
71 14200 0.000391606 0.0170166 8493.02 -5.45059e-05
72 14400 0.000312834 0.0111712 8493.01 -2.54046e-05
73 14600 0.000234061 0.00733154 8493.01 -1.14781e-05
74 14800 0.000155296 0.00438245 8493 -5.45077e-06
75 15000 7.63863e-05 0.00273891 8493 -2.45706e-06
76 15200 7.63863e-05 0.0013305 8493 -1.18388e-06
77 15400 7.63863e-05 0.000640223 8493 -5.71041e-07
78 15600 7.63863e-05 0.000309095 8493 -2.75203e-07
79 15800 7.63863e-05 0.000149269 8493 -1.32331e-07
80 16000 7.63863e-05 7.1934e-05 8493 -6.34825e-08
81 16200 7.63863e-05 3.4581e-05 8493 -3.03794e-08
82 16400 7.63863e-05 1.6585e-05 8493 -1.45044e-08
83 16600 7.63863e-05 7.93537e-06 8493 -6.90957e-09
84 16800 7.63863e-05 3.78764e-06 8493 -3.28098e-09
85 17000 7.63863e-05 1.80342e-06 8493 -1.55585e-09
86 17200 7.63863e-05 8.56506e-07 8493 -7.34549e-10
87 17400 7.63863e-05 4.05746e-07 8493 -3.46524e-10
88 17600 7.63863e-05 1.91713e-07 8493 -1.62886e-10
89 17800 7.63863e-05 9.03445e-08 8493 -7.64509e-11
90 18000 7.63863e-05 4.24609e-08 8493 -3.5885e-11
91 18200 7.63863e-05 1.9902e-08 8493 -1.66933e-11
92 18400 7.63863e-05 9.3026e-09 8493 -7.48945e-12
93 18600 7.63863e-05 4.33603e-09 8493 -3.90075e-12
94 18800 7.63863e-05 2.01523e-09 8493 0
95 19000 7.63863e-05 9.3368e-10 8493 0
96 19200 7.63863e-05 4.30818e-10 8493 0
97 19400 7.63863e-05 1.97079e-10 8493 0
98 19600 7.63863e-05 8.74037e-11 8493 9.3424e-07
99 19800 7.63863e-05 3.31405e-11 8493 0.00130445
