NTS LL(mkm)  STRESS(GPa)   VEL(m / s)  DENS(kg/m3)  ENERGY(J) 
0 421.506 5.72632 200 9055.73 -19726.1
1 609.078 5.72632 199.955 9055.73 -19765.9
2 796.65 5.72616 199.911 9055.72 -19764
3 984.222 5.726 199.867 9055.71 -19767
4 1171.79 5.72577 199.822 9055.7 -19769.4
5 1359.37 5.72545 199.778 9055.69 -19772.6
6 1546.94 5.72571 199.736 9055.67 -19771.3
7 1734.51 5.72523 199.693 9055.64 -19770.8
8 1922.09 5.72468 199.649 9055.62 -19769.3
9 2109.66 5.72388 199.605 9055.58 -19768
10 2297.24 5.72342 199.559 9055.53 -19765
11 2484.81 5.72206 199.513 9055.47 -19760.4
12 2672.39 5.72091 199.458 9055.37 -19754.2
13 2859.97 5.7186 199.4 9055.24 -19745.6
14 3047.55 5.71515 199.326 9055.02 -19730.8
15 3235.14 5.70926 199.229 9054.69 -19706.9
16 3422.73 5.70091 199.089 9054.16 -19670.9
17 3610.33 5.68712 198.886 9053.33 -19614
18 3797.96 5.66544 198.579 9052.03 -19523.3
19 3985.6 5.63225 198.109 9050 -19383.8
20 4173.3 5.58093 197.384 9046.86 -19168.8
21 4361.05 5.50115 196.267 9042.04 -18842.2
22 4548.91 5.3802 194.552 9034.7 -18353.8
23 4736.92 5.1965 191.936 9023.59 -17632.9
24 4925.16 4.91932 187.978 9006.86 -16592.4
25 5113.74 4.50266 182.033 8981.83 -15134.7
26 5302.86 3.87808 173.086 8944.57 -13193
27 5492.76 3.46287 159.477 8897.2 -11033.8
28 5683.68 3.15705 145.203 8851.29 -9104.34
29 5875.58 2.85769 131.344 8807.11 -7400.96
30 6068.45 2.56598 117.824 8764.72 -5911.93
31 6262.25 2.28006 104.614 8723.79 -4616.31
32 6456.96 2.00235 91.7638 8684.64 -3509.63
33 6652.54 1.7252 79.6004 8646.18 -2555.58
34 6849 1.19246 68.3114 8604.57 -1733.65
35 7046.41 2.22664 53.5502 8590.69 -1492.6
36 7244.13 2.25623 55.5406 8592.01 -1532.66
37 7441.83 2.24143 55.4666 8591.35 -1512.6
38 7639.54 2.22259 55.1505 8590.51 -1487.16
39 7837.27 2.19938 54.7291 8589.47 -1456.15
40 8035.02 2.17095 54.2139 8588.2 -1418.61
41 8232.8 2.1366 53.581 8586.67 -1373.87
42 8430.62 2.09577 52.8092 8584.85 -1321.66
43 8628.48 2.04815 51.8841 8582.73 -1262.08
44 8826.39 1.99358 50.7959 8580.3 -1195.46
45 9024.36 1.93197 49.5382 8577.57 -1122.47
46 9222.38 1.86349 48.1082 8574.53 -1044.06
47 9420.48 1.78849 46.5075 8571.2 -961.468
48 9618.66 1.70754 44.7421 8567.61 -876.106
49 9816.92 1.62124 42.8227 8563.79 -789.535
50 10015.3 1.53052 40.7644 8559.78 -703.36
51 10213.7 1.43624 38.5862 8555.62 -619.15
52 10412.2 1.33949 36.3102 8551.36 -538.348
53 10610.9 1.24136 33.9616 8547.05 -462.205
54 10809.6 1.14303 31.5669 8542.73 -391.732
55 11008.4 1.04558 29.1537 8538.45 -327.654
56 11207.4 0.950049 26.7493 8534.27 -270.403
57 11406.4 0.857369 24.3802 8530.22 -220.143
58 11605.5 0.768412 22.0712 8526.33 -176.776
59 11804.8 0.683967 19.8444 8522.65 -139.995
60 12004.1 0.604511 17.7192 8519.19 -109.325
61 12203.4 0.530522 15.7115 8515.97 -84.181
62 12402.9 0.462321 13.8337 8513.01 -63.9101
63 12602.4 0.40007 12.0945 8510.3 -47.8358
64 12802 0.343697 10.4992 8507.86 -35.2992
65 13001.7 0.293207 9.0497 8505.67 -25.6796
66 13201.4 0.24829 7.74485 8503.73 -18.4174
67 13401.1 0.208792 6.581 8502.02 -13.0222
68 13600.9 0.174323 5.55225 8500.53 -9.0776
69 13800.7 0.144571 4.6511 8499.24 -6.23869
70 14000.6 0.118987 3.86864 8498.14 -4.22738
71 14200.5 0.097258 3.19488 8497.2 -2.82438
72 14400.4 0.0789909 2.6199 8496.41 -1.86075
73 14600.3 0.0636358 2.1332 8495.74 -1.20875
74 14800.2 0.0509571 1.72483 8495.2 -0.774422
75 15000.2 0.0404828 1.38478 8494.75 -0.489302
76 15200.1 0.0319769 1.10402 8494.38 -0.304931
77 15400.1 0.0250459 0.874023 8494.08 -0.187446
78 15600.1 0.0195324 0.68717 8493.84 -0.113668
79 15800.1 0.0151215 0.536537 8493.65 -0.0680164
80 16000 0.011577 0.416013 8493.5 -0.0401516
81 16200 0.00882009 0.320317 8493.38 -0.0233882
82 16400 0.00669331 0.244928 8493.29 -0.0134459
83 16600 0.00503914 0.18594 8493.22 -0.00763111
84 16800 0.0037788 0.140175 8493.16 -0.00427488
85 17000 0.00283354 0.104874 8493.12 -0.00236525
86 17200 0.00204582 0.0779137 8493.09 -0.0012924
87 17400 0.00149442 0.0574066 8493.06 -0.000697643
88 17600 0.00110056 0.041941 8493.05 -0.000372238
89 17800 0.000785469 0.0304058 8493.03 -0.000196123
90 18000 0.000549152 0.0217908 8493.02 -0.000102006
91 18200 0.000391606 0.0153855 8493.02 -5.25133e-05
92 18400 0.000312834 0.0106534 8493.01 -2.69676e-05
93 18600 0.000234061 0.00727957 8493.01 -1.36733e-05
94 18800 0.000155296 0.00483816 8493 -6.79628e-06
95 19000 7.63863e-05 0.0031763 8493 -3.24196e-06
96 19200 7.63863e-05 0.001665 8493 -1.65166e-06
97 19400 7.63863e-05 0.00083954 8493 -8.49194e-07
98 19600 7.63863e-05 0.000402419 8493 4.69839e-07
99 19800 7.63863e-05 0.000161393 8493 0.0013049
