NTS LL(mkm)  STRESS(GPa)   VEL(m / s)  DENS(kg/m3)  ENERGY(J) 
0 300.524 5.70123 200 9054.21 -19620.3
1 488.127 5.70115 199.94 9054.21 -19659.9
2 675.731 5.70083 199.88 9054.19 -19657.5
3 863.334 5.70107 199.82 9054.17 -19659.5
4 1050.94 5.70027 199.758 9054.13 -19659.9
5 1238.54 5.69868 199.688 9054.05 -19658.9
6 1426.15 5.69655 199.611 9053.92 -19649.7
7 1613.76 5.6928 199.515 9053.68 -19634.2
8 1801.37 5.68595 199.385 9053.26 -19605
9 1989 5.67372 199.194 9052.51 -19554.4
10 2176.64 5.65212 198.897 9051.22 -19465.7
11 2364.3 5.61681 198.418 9049.07 -19317.5
12 2552.01 5.55906 197.645 9045.54 -19076.9
13 2739.79 5.46544 196.399 9039.87 -18695.9
14 2927.7 5.31822 194.409 9030.93 -18105.7
15 3115.78 5.08884 191.262 9017.08 -17220
16 3304.16 4.7379 186.338 8995.93 -15940.2
17 3492.98 4.20621 178.725 8964.1 -14176.4
18 3682.47 3.59989 167.149 8917.98 -11957.3
19 3872.93 3.2799 152.274 8869.66 -9857.13
20 4064.44 2.96855 137.735 8823.41 -8011.25
21 4256.95 2.66562 123.583 8779.13 -6401.61
22 4450.43 2.37086 109.862 8736.73 -5010.27
23 4644.85 2.08411 96.6474 8696.12 -3820.05
24 4840.18 1.80332 83.9616 8656.96 -2809.43
25 5036.39 1.37403 71.5078 8617.97 -1964.64
26 5233.49 2.21527 56.5899 8590.18 -1477.02
27 5431.23 2.21612 55.0638 8590.22 -1478.24
28 5628.97 2.18513 54.5955 8588.83 -1436.99
29 5826.74 2.14213 53.9865 8586.92 -1380.77
30 6024.55 2.08774 53.0683 8584.5 -1311.36
31 6222.42 2.0225 51.8626 8581.59 -1230.38
32 6420.35 1.94648 50.3886 8578.21 -1139.31
33 6618.37 1.86013 48.6493 8574.38 -1040.07
34 6816.47 1.76414 46.6493 8570.12 -935.133
35 7014.67 1.65967 44.4027 8565.49 -827.386
36 7212.98 1.54842 41.9344 8560.58 -719.865
37 7411.4 1.4321 39.2788 8555.44 -615.5
38 7609.94 1.31273 36.4774 8550.19 -516.912
39 7808.6 1.19228 33.5771 8544.89 -426.212
40 8007.39 1.07285 30.6275 8539.65 -344.907
41 8206.29 0.956163 27.6786 8534.54 -273.858
42 8405.32 0.844114 24.7782 8529.64 -213.305
43 8604.46 0.737887 21.9704 8525 -162.95
44 8803.71 0.638825 19.2931 8520.68 -122.079
45 9003.06 0.547647 16.7778 8516.72 -89.6846
46 9202.5 0.464914 14.4482 8513.12 -64.6074
47 9402.03 0.390793 12.3206 8509.9 -45.6378
48 9601.63 0.325295 10.4034 8507.06 -31.6118
49 9801.3 0.268114 8.6986 8504.59 -21.4723
50 10001 0.218864 7.20218 8502.45 -14.3034
51 10200.8 0.17692 5.90497 8500.64 -9.3449
52 10400.6 0.141659 4.79444 8499.11 -5.98844
53 10600.5 0.112296 3.8552 8497.85 -3.76442
54 10800.4 0.0882034 3.07003 8496.81 -2.32162
55 11000.3 0.0685968 2.42139 8495.96 -1.40486
56 11200.2 0.0529259 1.89158 8495.28 -0.834289
57 11400.2 0.040404 1.46372 8494.74 -0.486253
58 11600.1 0.0305592 1.12195 8494.32 -0.278223
59 11800.1 0.0229193 0.851949 8493.99 -0.156287
60 12000.1 0.0170119 0.640857 8493.73 -0.086209
61 12200 0.0125222 0.477626 8493.54 -0.0467104
62 12400 0.00913517 0.352627 8493.39 -0.0248648
63 12600 0.00661454 0.257958 8493.28 -0.0130063
64 12800 0.00472405 0.186927 8493.2 -0.00668817
65 13000 0.00338494 0.134225 8493.14 -0.00338096
66 13200 0.00236091 0.0953995 8493.1 -0.00168233
67 13400 0.00165196 0.0671559 8493.07 -0.000824037
68 13600 0.00117933 0.04679 8493.05 -0.000397437
69 13800 0.000785469 0.0321832 8493.03 -0.00018933
70 14000 0.000549152 0.0218811 8493.02 -8.90632e-05
71 14200 0.000391606 0.0146224 8493.01 -4.15346e-05
72 14400 0.000234061 0.0096264 8493.01 -1.91081e-05
73 14600 0.000155296 0.00615173 8493.01 -8.69992e-06
74 14800 0.000155296 0.00378529 8493 -3.90339e-06
75 15000 7.63863e-05 0.00207521 8493 -1.85386e-06
76 15200 7.63863e-05 0.000997539 8493 -8.98902e-07
77 15400 7.63863e-05 0.000486114 8493 -4.33754e-07
78 15600 7.63863e-05 0.000235214 8493 -2.08646e-07
79 15800 7.63863e-05 0.000113371 8493 -1.00128e-07
80 16000 7.63863e-05 5.4519e-05 8493 -4.79454e-08
81 16200 7.63863e-05 2.61606e-05 8493 -2.29007e-08
82 16400 7.63863e-05 1.25238e-05 8493 -1.09131e-08
83 16600 7.63863e-05 5.98093e-06 8493 -5.18865e-09
84 16800 7.63863e-05 2.84922e-06 8493 -2.45859e-09
85 17000 7.63863e-05 1.35391e-06 8493 -1.16361e-09
86 17200 7.63863e-05 6.41714e-07 8493 -5.48415e-10
87 17400 7.63863e-05 3.03365e-07 8493 -2.57904e-10
88 17600 7.63863e-05 1.43036e-07 8493 -1.21072e-10
89 17800 7.63863e-05 6.72605e-08 8493 -5.66351e-11
90 18000 7.63863e-05 3.15423e-08 8493 -2.65232e-11
91 18200 7.63863e-05 1.47513e-08 8493 -1.21704e-11
92 18400 7.63863e-05 6.87933e-09 8493 -6.55327e-12
93 18600 7.63863e-05 3.19907e-09 8493 -1.24824e-12
94 18800 7.63863e-05 1.48329e-09 8493 0
95 19000 7.63863e-05 6.85576e-10 8493 0
96 19200 7.63863e-05 3.15569e-10 8493 0
97 19400 7.63863e-05 1.44011e-10 8493 0
98 19600 7.63863e-05 6.37269e-11 8493 9.3424e-07
99 19800 7.63863e-05 2.41224e-11 8493 0.00130444
