NTS LL(mkm)  STRESS(GPa)   VEL(m / s)  DENS(kg/m3)  ENERGY(J) 
0 200.443 5.67209 200 9052.41 -19495.2
1 388.084 5.67002 199.899 9052.3 -19527.6
2 575.727 5.66556 199.778 9052.01 -19505.9
3 763.376 5.65443 199.61 9051.35 -19464.3
4 951.038 5.63233 199.334 9050 -19374.7
5 1138.73 5.58996 198.845 9047.43 -19202.5
6 1326.47 5.5134 197.962 9042.77 -18886.2
7 1514.31 5.38052 196.389 9034.71 -18350.3
8 1702.32 5.15974 193.658 9021.35 -17486.8
9 1890.61 4.80393 189.05 8999.91 -16173.3
10 2079.34 4.24654 181.509 8966.52 -14301.6
11 2268.78 3.59353 169.578 8917.01 -11911.9
12 2459.27 3.24749 153.812 8864.83 -9654.96
13 2650.88 2.91116 138.225 8814.94 -7690.87
14 2843.58 2.58618 122.943 8767.66 -6010
15 3037.31 2.27594 108.023 8723.21 -4596.94
16 3232.03 1.98017 93.5445 8681.54 -3427.4
17 3427.69 1.69832 79.9056 8642.47 -2470.79
18 3624.23 1.13641 67.9815 8600.42 -1667.96
19 3821.73 2.18435 53.9034 8588.8 -1435.64
20 4019.5 2.12016 54.1934 8585.94 -1352.17
21 4217.34 2.02656 52.9267 8581.77 -1234.98
22 4415.27 1.91466 50.8622 8576.8 -1101.85
23 4613.32 1.78709 48.3146 8571.14 -959.448
24 4811.49 1.64654 45.3639 8564.91 -814.04
25 5009.81 1.49668 42.059 8558.29 -672.197
26 5208.29 1.34168 38.4777 8551.46 -539.839
27 5406.92 1.18586 34.7194 8544.61 -421.446
28 5605.71 1.0332 30.8902 8537.91 -319.738
29 5804.66 0.887326 27.094 8531.53 -235.687
30 6003.76 0.751149 23.4245 8525.58 -168.781
31 6202.99 0.626734 19.9609 8520.16 -117.426
32 6402.35 0.515359 16.7647 8515.31 -79.3752
33 6601.83 0.417835 13.8779 8511.07 -52.1354
34 6801.41 0.333867 11.3236 8507.43 -33.2803
35 7001.07 0.26308 9.10762 8504.37 -20.6504
36 7200.8 0.204385 7.2215 8501.83 -12.4584
37 7400.59 0.156536 5.64547 8499.76 -7.30965
38 7600.43 0.118279 4.35178 8498.1 -4.17202
39 7800.31 0.0882034 3.30822 8496.8 -2.31712
40 8000.22 0.064817 2.48047 8495.8 -1.25259
41 8200.16 0.0470195 1.83452 8495.03 -0.659331
42 8400.11 0.0337096 1.33864 8494.45 -0.338004
43 8600.08 0.0237857 0.963749 8494.03 -0.168833
44 8800.05 0.0166181 0.68466 8493.72 -0.0822027
45 9000.03 0.0114195 0.480048 8493.49 -0.0390268
46 9200.02 0.00779609 0.33218 8493.33 -0.018078
47 9400.01 0.00527545 0.226893 8493.22 -0.00817393
48 9600.01 0.00346371 0.152926 8493.15 -0.00361223
49 9800.01 0.00228214 0.101696 8493.1 -0.001562
50 10000 0.00149442 0.0667696 8493.06 -0.000661208
51 10200 0.000943014 0.0431769 8493.04 -0.000274736
52 10400 0.000627924 0.0274752 8493.02 -0.000112586
53 10600 0.000391606 0.0171562 8493.02 -4.57635e-05
54 10800 0.000234061 0.0104938 8493.01 -1.84976e-05
55 11000 0.000155296 0.00618523 8493.01 -7.56861e-06
56 11200 7.63863e-05 0.00358344 8493 -2.99989e-06
57 11400 7.63863e-05 0.00169741 8493 -1.37483e-06
58 11600 7.63863e-05 0.000781811 8493 -6.25738e-07
59 11800 7.63863e-05 0.000356747 8493 -2.83824e-07
60 12000 7.63863e-05 0.000162268 8493 -1.28292e-07
61 12200 7.63863e-05 7.35801e-05 8493 -5.77594e-08
62 12400 7.63863e-05 3.32369e-05 8493 -2.58984e-08
63 12600 7.63863e-05 1.49515e-05 8493 -1.15626e-08
64 12800 7.63863e-05 6.69766e-06 8493 -5.13951e-09
65 13000 7.63863e-05 2.98756e-06 8493 -2.27534e-09
66 13200 7.63863e-05 1.3269e-06 8493 -1.00291e-09
67 13400 7.63863e-05 5.86751e-07 8493 -4.3998e-10
68 13600 7.63863e-05 2.58303e-07 8493 -1.91906e-10
69 13800 7.63863e-05 1.13196e-07 8493 -8.37824e-11
70 14000 7.63863e-05 4.93765e-08 8493 -3.59621e-11
71 14200 7.63863e-05 2.14367e-08 8493 -1.56011e-11
72 14400 7.63863e-05 9.26214e-09 8493 -6.78635e-12
73 14600 7.63863e-05 3.98239e-09 8493 -2.96457e-12
74 14800 7.63863e-05 1.70381e-09 8493 -7.01173e-13
75 15000 7.63863e-05 7.25295e-10 8493 0
76 15200 7.63863e-05 3.07181e-10 8493 0
77 15400 7.63863e-05 1.29429e-10 8493 0
78 15600 7.63863e-05 5.42496e-11 8493 0
79 15800 7.63863e-05 2.26187e-11 8493 0
80 16000 7.63863e-05 9.38028e-12 8493 0
81 16200 7.63863e-05 3.86918e-12 8493 0
82 16400 7.63863e-05 1.58727e-12 8493 0
83 16600 7.63863e-05 6.47575e-13 8493 0
84 16800 7.63863e-05 2.62732e-13 8493 0
85 17000 7.63863e-05 1.05998e-13 8493 0
86 17200 7.63863e-05 4.25233e-14 8493 0
87 17400 7.63863e-05 1.6962e-14 8493 0
88 17600 7.63863e-05 6.72713e-15 8493 0
89 17800 7.63863e-05 2.65258e-15 8493 0
90 18000 7.63863e-05 1.03987e-15 8493 0
91 18200 7.63863e-05 4.05265e-16 8493 0
92 18400 7.63863e-05 1.57017e-16 8493 0
93 18600 7.63863e-05 6.0469e-17 8493 0
94 18800 7.63863e-05 2.31478e-17 8493 0
95 19000 7.63863e-05 8.8144e-18 8493 0
96 19200 7.63863e-05 3.33273e-18 8493 0
97 19400 7.63863e-05 1.25311e-18 8493 0
98 19600 7.63863e-05 4.53251e-19 8493 9.3424e-07
99 19800 7.63863e-05 1.42867e-19 8493 0.00130381
