NTS LL(mkm)  STRESS(GPa)   VEL(m / s)  DENS(kg/m3)  ENERGY(J) 
0 401.717 5.72302 200 9055.51 -19710.8
1 589.293 5.72294 199.953 9055.51 -19750.6
2 776.87 5.72286 199.905 9055.5 -19748.8
3 964.446 5.7227 199.858 9055.49 -19751.8
4 1152.02 5.72246 199.811 9055.48 -19754.3
5 1339.6 5.72214 199.764 9055.47 -19757.5
6 1527.18 5.72174 199.717 9055.45 -19756.2
7 1714.75 5.72127 199.67 9055.43 -19755.6
8 1902.33 5.72119 199.622 9055.39 -19753.8
9 2089.91 5.72043 199.576 9055.35 -19752.2
10 2277.49 5.71915 199.525 9055.29 -19747.9
11 2465.07 5.71764 199.467 9055.19 -19741.2
12 2652.66 5.7149 199.403 9055.04 -19731
13 2840.24 5.71123 199.32 9054.81 -19715.6
14 3027.83 5.70487 199.211 9054.43 -19689.5
15 3215.43 5.69521 199.056 9053.83 -19647
16 3403.04 5.67939 198.824 9052.87 -19581.2
17 3590.67 5.65451 198.47 9051.35 -19477.2
18 3778.34 5.61575 197.923 9048.98 -19313.2
19 3966.05 5.55468 197.078 9045.29 -19062
20 4153.84 5.46131 195.771 9039.62 -18679.8
21 4341.74 5.31814 193.76 9030.96 -18108.1
22 4529.83 5.10184 190.679 9017.86 -17270.9
23 4718.19 4.77525 185.979 8998.21 -16074.7
24 4906.96 4.28621 178.874 8968.87 -14428.6
25 5096.35 3.65067 168.262 8925.67 -12307.8
26 5286.65 3.3385 153.798 8878.44 -10225.8
27 5477.97 3.03403 139.643 8833.09 -8384.15
28 5670.27 2.73717 125.88 8789.52 -6765.19
29 5863.52 2.44634 112.525 8747.52 -5350.25
30 6057.7 2.16258 99.5351 8707.16 -4129.33
31 6252.78 1.88361 86.7587 8668.08 -3083.26
32 6448.74 1.5509 73.8036 8631 -2220.5
33 6645.55 2.25786 59.3165 8592.08 -1534.8
34 6843.24 2.25841 56.5621 8592.11 -1535.63
35 7040.93 2.2426 55.5848 8591.4 -1514.12
36 7238.64 2.22485 55.1533 8590.61 -1490.22
37 7436.37 2.20195 54.7727 8589.59 -1459.6
38 7634.12 2.17298 54.28 8588.29 -1421.25
39 7831.9 2.13745 53.6407 8586.71 -1375.01
40 8029.72 2.09507 52.8462 8584.82 -1320.82
41 8227.58 2.0455 51.8877 8582.61 -1258.79
42 8425.49 1.98851 50.756 8580.08 -1189.34
43 8623.46 1.92402 49.4439 8577.21 -1113.23
44 8821.5 1.85241 47.949 8574.03 -1031.57
45 9019.61 1.7739 46.2735 8570.55 -945.718
46 9217.8 1.68919 44.4252 8566.8 -857.286
47 9416.08 1.59913 42.4167 8562.81 -768.004
48 9614.45 1.50449 40.2656 8558.64 -679.609
49 9812.91 1.4066 37.9937 8554.32 -593.791
50 10011.5 1.30647 35.6261 8549.91 -512.057
51 10210.1 1.20535 33.1909 8545.46 -435.683
52 10408.9 1.10442 30.7173 8541.03 -365.647
53 10607.8 1.00491 28.2355 8536.67 -302.613
54 10806.8 0.907948 25.7748 8532.43 -246.917
55 11005.8 0.814386 23.3633 8528.34 -198.601
56 11205 0.725252 21.0265 8524.45 -157.437
57 11404.3 0.641102 18.7871 8520.78 -122.992
58 11603.6 0.56265 16.6642 8517.37 -94.6789
59 11803.1 0.49006 14.6728 8514.21 -71.8127
60 12002.6 0.423731 12.8243 8511.33 -53.6664
61 12202.1 0.36359 11.1257 8508.72 -39.513
62 12401.8 0.309724 9.5804 8506.39 -28.6617
63 12601.4 0.2619 8.18847 8504.31 -20.483
64 12801.2 0.219729 6.94666 8502.49 -14.4217
65 13001 0.183059 5.84933 8500.9 -10.0041
66 13200.8 0.151341 4.88877 8499.53 -6.83749
67 13400.6 0.124183 4.05563 8498.36 -4.60453
68 13600.5 0.101195 3.33959 8497.37 -3.05541
69 13800.4 0.0818256 2.72962 8496.53 -1.99794
70 14000.3 0.0656832 2.21459 8495.83 -1.2875
71 14200.2 0.0523746 1.78356 8495.26 -0.817696
72 14400.2 0.0414278 1.42593 8494.79 -0.511835
73 14600.1 0.0325282 1.13173 8494.4 -0.315839
74 14800.1 0.0253609 0.891669 8494.09 -0.192119
75 15000.1 0.0196899 0.697465 8493.85 -0.115215
76 15200.1 0.0151215 0.541609 8493.65 -0.0681319
77 15400 0.011577 0.417498 8493.5 -0.0397296
78 15600 0.00874133 0.319568 8493.38 -0.0228501
79 15800 0.00661454 0.242816 8493.28 -0.0129604
80 16000 0.00496036 0.183112 8493.21 -0.00725323
81 16200 0.00370003 0.137096 8493.16 -0.00400566
82 16400 0.002676 0.101829 8493.12 -0.00218378
83 16600 0.00196705 0.0750906 8493.08 -0.00117484
84 16800 0.00141565 0.0549065 8493.06 -0.000623982
85 17000 0.00102179 0.0397645 8493.04 -0.000327484
86 17200 0.000785469 0.0285533 8493.03 -0.000169796
87 17400 0.000549152 0.0201976 8493.02 -8.73606e-05
88 17600 0.000391606 0.0141613 8493.02 -4.43684e-05
89 17800 0.000312834 0.00988864 8493.01 -2.18711e-05
90 18000 0.000155296 0.00655871 8493.01 -1.07551e-05
91 18200 0.000155296 0.00406984 8493 -5.51995e-06
92 18400 7.63863e-05 0.00272191 8493 -2.62005e-06
93 18600 7.63863e-05 0.00137552 8493 -1.305e-06
94 18800 7.63863e-05 0.000683956 8493 -6.50799e-07
95 19000 7.63863e-05 0.0003407 8493 -3.24939e-07
96 19200 7.63863e-05 0.00016964 8493 -1.62698e-07
97 19400 7.63863e-05 8.36626e-05 8493 -8.26822e-08
98 19600 7.63863e-05 3.97292e-05 8493 8.89559e-07
99 19800 7.63863e-05 1.5851e-05 8493 0.00130505
