NTS LL(mkm)  STRESS(GPa)   VEL(m / s)  DENS(kg/m3)  ENERGY(J) 
0 420.137 5.72608 200 9055.72 -19725.1
1 607.709 5.726 199.955 9055.71 -19764.8
2 795.282 5.72585 199.91 9055.71 -19763
3 982.854 5.72569 199.866 9055.7 -19766
4 1170.43 5.72545 199.821 9055.69 -19768.4
5 1358 5.72579 199.778 9055.67 -19771.6
6 1545.57 5.72539 199.735 9055.65 -19770.3
7 1733.15 5.72492 199.691 9055.63 -19769.8
8 1920.72 5.72436 199.647 9055.6 -19768.2
9 2108.29 5.72356 199.602 9055.56 -19767
10 2295.87 5.7231 199.557 9055.52 -19764
11 2483.45 5.72174 199.51 9055.45 -19759.1
12 2671.02 5.72051 199.455 9055.35 -19752.8
13 2858.6 5.71804 199.395 9055.21 -19743.9
14 3046.19 5.71451 199.32 9054.99 -19728.5
15 3233.77 5.70891 199.218 9054.64 -19703.6
16 3421.37 5.69948 199.076 9054.09 -19666.1
17 3608.97 5.68547 198.864 9053.23 -19606.8
18 3796.6 5.66331 198.545 9051.87 -19512.4
19 3984.25 5.62848 198.056 9049.76 -19367.1
20 4171.94 5.57436 197.301 9046.49 -19143.2
21 4359.71 5.4919 196.139 9041.46 -18803.4
22 4547.58 5.36563 194.353 9033.82 -18295.9
23 4735.6 5.17457 191.625 9022.26 -17548.4
24 4923.87 4.88648 187.495 9004.88 -16472.6
25 5112.5 4.45332 181.302 8978.87 -14970.5
26 5301.68 3.80333 172.047 8940.12 -12979.2
27 5491.68 3.43255 158.026 8892.67 -10836.1
28 5682.69 3.12739 143.843 8846.93 -8929.23
29 5874.69 2.82882 130.032 8802.89 -7246.34
30 6067.65 2.53771 116.554 8760.63 -5776.22
31 6261.54 2.25222 103.363 8719.84 -4498.65
32 6456.33 1.97578 90.4317 8680.93 -3411.71
33 6652 1.70098 78.1227 8642.83 -2478.89
34 6848.54 1.13429 67.1543 8600.27 -1666.18
35 7046.04 2.24182 53.2145 8591.37 -1513.08
36 7243.75 2.25529 55.6722 8591.97 -1531.41
37 7441.45 2.23917 55.4697 8591.25 -1509.5
38 7639.16 2.21971 55.1004 8590.38 -1483.31
39 7836.89 2.19587 54.6638 8589.32 -1451.53
40 8034.65 2.16667 54.1367 8588.01 -1413
41 8232.44 2.13138 53.4862 8586.44 -1367.14
42 8430.26 2.08953 52.6925 8584.57 -1313.76
43 8628.13 2.04082 51.743 8582.41 -1253.01
44 8826.04 1.98508 50.6287 8579.93 -1185.27
45 9024.02 1.9223 49.3435 8577.14 -1111.26
46 9222.06 1.85272 47.8852 8574.05 -1031.97
47 9420.17 1.77663 46.2562 8570.67 -948.69
48 9618.35 1.69465 44.4631 8567.04 -862.863
49 9816.62 1.60741 42.5176 8563.18 -776.07
50 10015 1.51583 40.4353 8559.14 -689.93
51 10213.4 1.42091 38.2358 8554.95 -606.002
52 10412 1.32369 35.9422 8550.67 -525.714
53 10610.6 1.22532 33.5798 8546.34 -450.286
54 10809.4 1.12682 31.1755 8542.02 -380.689
55 11008.2 1.02944 28.7573 8537.75 -317.606
56 11207.2 0.934135 26.3525 8533.57 -261.423
57 11406.2 0.841918 23.9875 8529.54 -212.257
58 11605.4 0.753503 21.6866 8525.68 -169.972
59 11804.6 0.669758 19.4719 8522.03 -134.224
60 12003.9 0.591082 17.3622 8518.6 -104.515
61 12203.3 0.517952 15.3728 8515.43 -80.2397
62 12402.8 0.450689 13.5156 8512.5 -60.7344
63 12602.4 0.389378 11.7987 8509.84 -45.3198
64 12802 0.334025 10.2269 8507.44 -33.3387
65 13001.6 0.284476 8.80138 8505.29 -24.1768
66 13201.3 0.24058 7.52044 8503.39 -17.2842
67 13401.1 0.201946 6.38017 8501.72 -12.1814
68 13600.9 0.168342 5.37418 8500.27 -8.46363
69 13800.7 0.139376 4.49456 8499.01 -5.79746
70 14000.6 0.1145 3.7322 8497.94 -3.91524
71 14200.5 0.0934787 3.07703 8497.03 -2.60704
72 14400.4 0.0757625 2.51905 8496.27 -1.71169
73 14600.3 0.0609584 2.04752 8495.63 -1.10814
74 14800.2 0.0486733 1.65277 8495.1 -0.707484
75 15000.2 0.0386714 1.32463 8494.67 -0.445439
76 15200.1 0.0304804 1.05415 8494.31 -0.276627
77 15400.1 0.0238644 0.833094 8494.03 -0.169448
78 15600.1 0.0185085 0.653796 8493.8 -0.102392
79 15800.1 0.0143339 0.509575 8493.62 -0.061053
80 16000 0.0109469 0.394409 8493.47 -0.0359095
81 16200 0.00834748 0.303098 8493.36 -0.0208427
82 16400 0.00629946 0.231322 8493.27 -0.01194
83 16600 0.00472405 0.175316 8493.2 -0.00675061
84 16800 0.00354249 0.131859 8493.15 -0.0037685
85 17000 0.002676 0.0984881 8493.11 -0.0020773
86 17200 0.00196705 0.0729957 8493.08 -0.00113098
87 17400 0.00141565 0.0536423 8493.06 -0.0006087
88 17600 0.00102179 0.0391381 8493.04 -0.000323433
89 17800 0.000785469 0.0282983 8493.03 -0.000169674
90 18000 0.000549152 0.0201256 8493.02 -8.83739e-05
91 18200 0.000391606 0.0142142 8493.02 -4.54043e-05
92 18400 0.000312834 0.00995735 8493.01 -2.27826e-05
93 18600 0.000234061 0.00667701 8493.01 -1.13759e-05
94 18800 0.000155296 0.0042268 8493 -5.83158e-06
95 19000 7.63863e-05 0.00282794 8493 -2.79807e-06
96 19200 7.63863e-05 0.00145026 8493 -1.41219e-06
97 19400 7.63863e-05 0.000719601 8493 -7.24058e-07
98 19600 7.63863e-05 0.00034328 8493 5.38473e-07
99 19800 7.63863e-05 0.000137653 8493 0.00130494
