NTS LL(mkm)  STRESS(GPa)   VEL(m / s)  DENS(kg/m3)  ENERGY(J) 
0 200.319 5.67201 200 9052.41 -19495
1 387.959 5.66994 199.899 9052.29 -19527.3
2 575.602 5.66548 199.778 9052 -19505.6
3 763.252 5.65427 199.609 9051.34 -19463.7
4 950.914 5.63201 199.333 9049.99 -19373.7
5 1138.61 5.58948 198.841 9047.4 -19200.7
6 1326.35 5.51236 197.954 9042.72 -18883
7 1514.19 5.3793 196.375 9034.63 -18344.9
8 1702.2 5.15742 193.633 9021.21 -17478.1
9 1890.49 4.80012 189.006 8999.69 -16160
10 2079.23 4.24073 181.434 8966.16 -14283.1
11 2268.68 3.59043 169.451 8916.55 -11891.1
12 2459.18 3.24472 153.68 8864.38 -9636.42
13 2650.8 2.90804 138.092 8814.51 -7674.58
14 2843.5 2.58353 122.814 8767.24 -5995.88
15 3037.25 2.27313 107.897 8722.8 -4584.88
16 3231.98 1.97743 93.4119 8681.17 -3417.5
17 3427.64 1.69592 79.751 8642.14 -2463.38
18 3624.19 1.13128 67.8347 8600.04 -1662.15
19 3821.7 2.18458 53.8779 8588.81 -1435.89
20 4019.47 2.11938 54.2077 8585.91 -1351.18
21 4217.31 2.02531 52.9155 8581.72 -1233.45
22 4415.24 1.9131 50.8351 8576.73 -1100.06
23 4613.29 1.78529 48.2796 8571.06 -957.516
24 4811.46 1.64459 45.3228 8564.82 -812.046
25 5009.79 1.49449 42.0121 8558.2 -670.234
26 5208.26 1.33941 38.4261 8551.36 -537.994
27 5406.9 1.18351 34.6643 8544.51 -419.785
28 5605.69 1.03093 30.8333 8537.81 -318.303
29 5804.64 0.885131 27.0368 8531.43 -234.497
30 6003.74 0.74903 23.3685 8525.49 -167.831
31 6202.98 0.624771 19.9075 8520.07 -116.695
32 6402.34 0.513631 16.7148 8515.24 -78.8323
33 6601.82 0.416263 13.8324 8511.01 -51.7462
34 6801.4 0.33253 11.2829 8507.38 -33.0106
35 7001.06 0.2619 9.07202 8504.32 -20.4696
36 7200.79 0.203362 7.19091 8501.78 -12.3412
37 7400.59 0.155748 5.61971 8499.72 -7.23594
38 7600.43 0.117649 4.33046 8498.08 -4.12712
39 7800.31 0.0876522 3.29088 8496.78 -2.29059
40 8000.22 0.0644233 2.46661 8495.78 -1.23738
41 8200.16 0.0467044 1.82362 8495.01 -0.650866
42 8400.11 0.0334733 1.33024 8494.44 -0.333418
43 8600.07 0.0236282 0.957328 8494.02 -0.166423
44 8800.05 0.0164606 0.679848 8493.71 -0.0809724
45 9000.03 0.0113407 0.476508 8493.49 -0.0384144
46 9200.02 0.00771732 0.329604 8493.33 -0.0177813
47 9400.01 0.00519668 0.225051 8493.22 -0.00803359
48 9600.01 0.00346371 0.151625 8493.15 -0.00354746
49 9800.01 0.00228214 0.100786 8493.1 -0.00153292
50 10000 0.00149442 0.0661499 8493.06 -0.00064834
51 10200 0.000943014 0.0427429 8493.04 -0.000269338
52 10400 0.000627924 0.0272035 8493.02 -0.000110221
53 10600 0.000391606 0.0169621 8493.02 -4.48123e-05
54 10800 0.000234061 0.0103673 8493.01 -1.81301e-05
55 11000 0.000155296 0.0061066 8493.01 -7.42138e-06
56 11200 7.63863e-05 0.00353364 8493 -2.9474e-06
57 11400 7.63863e-05 0.00166902 8493 -1.3494e-06
58 11600 7.63863e-05 0.000767541 8493 -6.13946e-07
59 11800 7.63863e-05 0.000350066 8493 -2.78431e-07
60 12000 7.63863e-05 0.000159207 8493 -1.25833e-07
61 12200 7.63863e-05 7.21813e-05 8493 -5.66408e-08
62 12400 7.63863e-05 3.25987e-05 8493 -2.53915e-08
63 12600 7.63863e-05 1.46613e-05 8493 -1.13338e-08
64 12800 7.63863e-05 6.56625e-06 8493 -5.03661e-09
65 13000 7.63863e-05 2.9283e-06 8493 -2.22931e-09
66 13200 7.63863e-05 1.30029e-06 8493 -9.82389e-10
67 13400 7.63863e-05 5.74851e-07 8493 -4.3093e-10
68 13600 7.63863e-05 2.53006e-07 8493 -1.87849e-10
69 13800 7.63863e-05 1.10848e-07 8493 -8.2068e-11
70 14000 7.63863e-05 4.83402e-08 8493 -3.51819e-11
71 14200 7.63863e-05 2.09815e-08 8493 -1.5212e-11
72 14400 7.63863e-05 9.0631e-09 8493 -6.63032e-12
73 14600 7.63863e-05 3.89577e-09 8493 -2.96457e-12
74 14800 7.63863e-05 1.6663e-09 8493 -6.24121e-13
75 15000 7.63863e-05 7.0913e-10 8493 0
76 15200 7.63863e-05 3.00249e-10 8493 0
77 15400 7.63863e-05 1.26471e-10 8493 0
78 15600 7.63863e-05 5.29945e-11 8493 0
79 15800 7.63863e-05 2.20887e-11 8493 0
80 16000 7.63863e-05 9.1577e-12 8493 0
81 16200 7.63863e-05 3.77619e-12 8493 0
82 16400 7.63863e-05 1.54863e-12 8493 0
83 16600 7.63863e-05 6.31607e-13 8493 0
84 16800 7.63863e-05 2.5617e-13 8493 0
85 17000 7.63863e-05 1.03316e-13 8493 0
86 17200 7.63863e-05 4.14333e-14 8493 0
87 17400 7.63863e-05 1.65215e-14 8493 0
88 17600 7.63863e-05 6.55014e-15 8493 0
89 17800 7.63863e-05 2.58187e-15 8493 0
90 18000 7.63863e-05 1.01178e-15 8493 0
91 18200 7.63863e-05 3.94174e-16 8493 0
92 18400 7.63863e-05 1.52666e-16 8493 0
93 18600 7.63863e-05 5.87734e-17 8493 0
94 18800 7.63863e-05 2.24866e-17 8493 0
95 19000 7.63863e-05 8.55845e-18 8493 0
96 19200 7.63863e-05 3.23675e-18 8493 0
97 19400 7.63863e-05 1.21578e-18 8493 0
98 19600 7.63863e-05 4.42587e-19 8493 9.3424e-07
99 19800 7.63863e-05 1.37535e-19 8493 0.00130381
