NTS LL(mkm)  STRESS(GPa)   VEL(m / s)  DENS(kg/m3)  ENERGY(J) 
0 420.262 5.72608 200 9055.72 -19725.2
1 607.834 5.726 199.955 9055.71 -19764.9
2 795.406 5.72593 199.911 9055.71 -19763.1
3 982.978 5.72569 199.866 9055.7 -19766.1
4 1170.55 5.72545 199.821 9055.69 -19768.5
5 1358.12 5.72584 199.778 9055.67 -19771.7
6 1545.7 5.72547 199.735 9055.65 -19770.4
7 1733.27 5.725 199.691 9055.63 -19769.9
8 1920.84 5.72436 199.647 9055.6 -19768.3
9 2108.42 5.72364 199.602 9055.56 -19767.1
10 2295.99 5.72318 199.557 9055.52 -19764.1
11 2483.57 5.72174 199.51 9055.45 -19759.3
12 2671.15 5.72059 199.455 9055.36 -19752.9
13 2858.73 5.71812 199.396 9055.21 -19744.1
14 3046.31 5.71451 199.32 9054.99 -19728.7
15 3233.9 5.70899 199.219 9054.65 -19703.9
16 3421.49 5.69964 199.077 9054.1 -19666.5
17 3609.1 5.68563 198.866 9053.24 -19607.5
18 3796.72 5.66309 198.548 9051.89 -19513.4
19 3984.37 5.62896 198.061 9049.78 -19368.6
20 4172.07 5.57508 197.309 9046.52 -19145.6
21 4359.83 5.49282 196.15 9041.52 -18807
22 4547.7 5.36708 194.371 9033.9 -18301.3
23 4735.72 5.17673 191.654 9022.38 -17556.2
24 4923.99 4.88973 187.54 9005.07 -16483.6
25 5112.61 4.45792 181.37 8979.14 -14985.6
26 5301.79 3.81028 172.144 8940.53 -12998.8
27 5491.77 3.43582 158.157 8893.08 -10854
28 5682.78 3.13034 143.966 8847.32 -8945.06
29 5874.77 2.83152 130.151 8803.28 -7260.31
30 6067.72 2.54015 116.669 8761.01 -5788.49
31 6261.6 2.25467 103.475 8720.2 -4509.31
32 6456.39 1.97823 90.5513 8681.27 -3420.62
33 6652.05 1.70315 78.2629 8643.13 -2485.73
34 6848.58 1.13943 67.2743 8600.65 -1671.99
35 7046.07 2.24034 53.2197 8591.3 -1511.07
36 7243.79 2.25537 55.6613 8591.97 -1531.57
37 7441.48 2.23933 55.4707 8591.26 -1509.8
38 7639.19 2.21994 55.1056 8590.39 -1483.66
39 7836.93 2.19619 54.6699 8589.33 -1451.96
40 8034.68 2.16706 54.1437 8588.03 -1413.51
41 8232.47 2.13184 53.4949 8586.46 -1367.76
42 8430.29 2.09008 52.7033 8584.6 -1314.49
43 8628.16 2.04144 51.756 8582.44 -1253.84
44 8826.08 1.98586 50.644 8579.96 -1186.2
45 9024.05 1.92324 49.3614 8577.18 -1112.28
46 9222.09 1.85373 47.9057 8574.09 -1033.08
47 9420.19 1.77772 46.2793 8570.72 -949.857
48 9618.38 1.69582 44.4887 8567.09 -864.07
49 9816.65 1.60866 42.5456 8563.24 -777.296
50 10015 1.51715 40.4654 8559.2 -691.151
51 10213.5 1.42232 38.2678 8555.01 -607.196
52 10412 1.32517 35.9758 8550.73 -526.859
53 10610.7 1.2268 33.6146 8546.4 -451.365
54 10809.4 1.1283 31.2112 8542.08 -381.688
55 11008.3 1.03093 28.7934 8537.81 -318.513
56 11207.2 0.935624 26.3886 8533.64 -262.232
57 11406.3 0.84333 24.0231 8529.6 -212.967
58 11605.4 0.754837 21.7215 8525.74 -170.583
59 11804.6 0.671014 19.5057 8522.09 -134.742
60 12004 0.59226 17.3945 8518.66 -104.946
61 12203.4 0.519131 15.4035 8515.48 -80.5923
62 12402.8 0.45179 13.5444 8512.55 -61.0181
63 12602.4 0.390322 11.8255 8509.88 -45.5442
64 12802 0.33489 10.2515 8507.48 -33.5133
65 13001.6 0.285263 8.82379 8505.33 -24.3104
66 13201.3 0.241288 7.54067 8503.42 -17.3848
67 13401.1 0.202575 6.39828 8501.75 -12.2559
68 13600.9 0.168893 5.39021 8500.29 -8.51794
69 13800.7 0.139848 4.50863 8499.04 -5.83643
70 14000.6 0.114972 3.74447 8497.96 -3.94276
71 14200.5 0.0937937 3.0876 8497.05 -2.62618
72 14400.4 0.0759987 2.52809 8496.28 -1.7248
73 14600.3 0.0611946 2.05521 8495.64 -1.11697
74 14800.2 0.0489095 1.65924 8495.11 -0.713345
75 15000.2 0.0388289 1.33 8494.67 -0.449277
76 15200.1 0.0305592 1.05861 8494.32 -0.2791
77 15400.1 0.0239432 0.836748 8494.03 -0.171018
78 15600.1 0.0185872 0.656792 8493.8 -0.103372
79 15800.1 0.0144126 0.511961 8493.62 -0.0616589
80 16000 0.0110256 0.396353 8493.47 -0.0362766
81 16200 0.00842625 0.304626 8493.36 -0.0210627
82 16400 0.00637823 0.232537 8493.27 -0.0120696
83 16600 0.00480282 0.176263 8493.2 -0.00682601
84 16800 0.00354249 0.13259 8493.15 -0.00381193
85 17000 0.002676 0.0990378 8493.11 -0.00210235
86 17200 0.00196705 0.0734364 8493.08 -0.00114497
87 17400 0.00141565 0.0539873 8493.06 -0.000616247
88 17600 0.00102179 0.0393904 8493.04 -0.000327508
89 17800 0.000785469 0.0284635 8493.03 -0.000172027
90 18000 0.000549152 0.0202788 8493.02 -8.95679e-05
91 18200 0.000391606 0.0143207 8493.02 -4.60185e-05
92 18400 0.000312834 0.010015 8493.01 -2.31588e-05
93 18600 0.000234061 0.00673034 8493.01 -1.15857e-05
94 18800 0.000155296 0.00428665 8493 -5.91203e-06
95 19000 7.63863e-05 0.00285748 8493 -2.83677e-06
96 19200 7.63863e-05 0.00146933 8493 -1.43275e-06
97 19400 7.63863e-05 0.000730046 8493 -7.34666e-07
98 19600 7.63863e-05 0.000348311 8493 5.32676e-07
99 19800 7.63863e-05 0.000139656 8493 0.00130493
