NTS LL(mkm)  STRESS(GPa)   VEL(m / s)  DENS(kg/m3)  ENERGY(J) 
0 401.841 5.72302 200 9055.51 -19710.9
1 589.418 5.72294 199.953 9055.51 -19750.7
2 776.994 5.72286 199.905 9055.5 -19748.9
3 964.571 5.7227 199.858 9055.5 -19751.9
4 1152.15 5.72246 199.811 9055.49 -19754.4
5 1339.72 5.72214 199.764 9055.47 -19757.6
6 1527.3 5.72174 199.717 9055.45 -19756.3
7 1714.88 5.72127 199.67 9055.43 -19755.7
8 1902.46 5.72127 199.622 9055.4 -19753.9
9 2090.04 5.72051 199.576 9055.35 -19752.3
10 2277.62 5.71915 199.525 9055.29 -19748
11 2465.2 5.71764 199.468 9055.19 -19741.3
12 2652.78 5.71498 199.404 9055.04 -19731.2
13 2840.37 5.71131 199.321 9054.81 -19715.9
14 3027.96 5.70495 199.212 9054.43 -19689.8
15 3215.56 5.69537 199.057 9053.83 -19647.5
16 3403.17 5.67955 198.826 9052.88 -19581.9
17 3590.8 5.65483 198.474 9051.37 -19478.3
18 3778.46 5.61619 197.929 9049 -19314.9
19 3966.17 5.55548 197.087 9045.33 -19064.7
20 4153.96 5.46251 195.784 9039.68 -18683.8
21 4341.86 5.32006 193.781 9031.05 -18114.1
22 4529.95 5.10422 190.71 9018 -17279.7
23 4718.3 4.77913 186.028 8998.42 -16087.1
24 4907.07 4.2915 178.95 8969.19 -14445.3
25 5096.45 3.6533 168.382 8926.1 -12327.1
26 5286.75 3.34127 153.921 8878.85 -10243.1
27 5478.06 3.03685 139.766 8833.48 -8399.45
28 5670.35 2.73979 126.001 8789.9 -6778.59
29 5863.59 2.44892 112.643 8747.88 -5361.9
30 6057.77 2.16502 99.6453 8707.51 -4139.46
31 6252.84 1.8861 86.8557 8668.44 -3092.21
32 6448.79 1.55629 73.8804 8631.4 -2228.73
33 6645.58 2.2595 59.4034 8592.16 -1537.09
34 6843.28 2.25903 56.6142 8592.13 -1536.45
35 7040.97 2.24283 55.6067 8591.41 -1514.48
36 7238.68 2.22508 55.1613 8590.62 -1490.53
37 7436.4 2.20226 54.7778 8589.6 -1460
38 7634.16 2.17336 54.2863 8588.31 -1421.76
39 7831.94 2.13792 53.6491 8586.73 -1375.63
40 8029.75 2.09569 52.8569 8584.85 -1321.55
41 8227.61 2.0462 51.9008 8582.65 -1259.64
42 8425.52 1.98929 50.7716 8580.11 -1190.29
43 8623.49 1.92496 49.4622 8577.25 -1114.29
44 8821.53 1.85342 47.9699 8574.08 -1032.7
45 9019.64 1.77499 46.2972 8570.6 -946.919
46 9217.83 1.69044 44.4516 8566.85 -858.528
47 9416.1 1.60038 42.4455 8562.87 -769.263
48 9614.47 1.5059 40.2968 8558.7 -680.861
49 9812.93 1.40801 38.0267 8554.38 -595.011
50 10011.5 1.30796 35.6608 8549.97 -513.222
51 10210.2 1.20684 33.2268 8545.53 -436.775
52 10408.9 1.1059 30.754 8541.1 -366.651
53 10607.8 1.0064 28.2725 8536.74 -303.519
54 10806.8 0.909438 25.8118 8532.49 -247.72
55 11005.9 0.815877 23.3997 8528.4 -199.298
56 11205 0.726586 21.062 8524.51 -158.032
57 11404.3 0.642437 18.8213 8520.84 -123.491
58 11603.6 0.563828 16.6968 8517.42 -95.0896
59 11803.1 0.49116 14.7036 8514.26 -72.1448
60 12002.6 0.424752 12.853 8511.38 -53.9303
61 12202.1 0.364534 11.1522 8508.76 -39.719
62 12401.8 0.310589 9.60466 8506.42 -28.8198
63 12601.4 0.262608 8.21042 8504.35 -20.6023
64 12801.2 0.220438 6.96637 8502.52 -14.5101
65 13001 0.18361 5.8668 8500.93 -10.0686
66 13200.8 0.151892 4.90414 8499.55 -6.88374
67 13400.6 0.124655 4.06903 8498.38 -4.63715
68 13600.5 0.101588 3.35114 8497.38 -3.07806
69 13800.4 0.0821405 2.73951 8496.54 -2.0134
70 14000.3 0.0659195 2.22298 8495.84 -1.29788
71 14200.2 0.0526109 1.7906 8495.27 -0.824569
72 14400.2 0.0415854 1.43181 8494.79 -0.516308
73 14600.1 0.0326857 1.13658 8494.41 -0.318705
74 14800.1 0.0255185 0.895646 8494.1 -0.193927
75 15000.1 0.0197687 0.700673 8493.85 -0.116341
76 15200.1 0.0152003 0.544219 8493.65 -0.0688209
77 15400 0.011577 0.419569 8493.5 -0.0401458
78 15600 0.00882009 0.321231 8493.38 -0.0230965
79 15800 0.00661454 0.244098 8493.28 -0.0131054
80 16000 0.00496036 0.184121 8493.21 -0.00733707
81 16200 0.00370003 0.137874 8493.16 -0.00405357
82 16400 0.00275477 0.102456 8493.12 -0.00221008
83 16600 0.00196705 0.0755435 8493.08 -0.00118943
84 16800 0.00149442 0.0552571 8493.06 -0.000631859
85 17000 0.00102179 0.0400246 8493.04 -0.000331698
86 17200 0.000785469 0.028724 8493.03 -0.000172203
87 17400 0.000549152 0.0203525 8493.02 -8.85797e-05
88 17600 0.000391606 0.014271 8493.02 -4.49852e-05
89 17800 0.000312834 0.00994529 8493.01 -2.22512e-05
90 18000 0.000234061 0.00664122 8493.01 -1.08981e-05
91 18200 0.000155296 0.00410347 8493 -5.59678e-06
92 18400 7.63863e-05 0.00275086 8493 -2.65786e-06
93 18600 7.63863e-05 0.00139483 8493 -1.32448e-06
94 18800 7.63863e-05 0.000694223 8493 -6.60478e-07
95 19000 7.63863e-05 0.000345776 8493 -3.29762e-07
96 19200 7.63863e-05 0.000172148 8493 -1.65122e-07
97 19400 7.63863e-05 8.4902e-05 8493 -8.39209e-08
98 19600 7.63863e-05 4.03204e-05 8493 8.88886e-07
99 19800 7.63863e-05 1.60876e-05 8493 0.00130505
