NTS LL(mkm)  STRESS(GPa)   VEL(m / s)  DENS(kg/m3)  ENERGY(J) 
0 402.09 5.7231 200 9055.51 -19711.1
1 589.666 5.72302 199.953 9055.51 -19750.9
2 777.243 5.72294 199.906 9055.51 -19749.1
3 964.819 5.72278 199.858 9055.5 -19752.1
4 1152.4 5.72254 199.811 9055.49 -19754.6
5 1339.97 5.72222 199.764 9055.47 -19757.8
6 1527.55 5.72182 199.717 9055.45 -19756.5
7 1715.13 5.72135 199.67 9055.43 -19755.9
8 1902.71 5.72135 199.622 9055.4 -19754.1
9 2090.28 5.72059 199.576 9055.36 -19752.5
10 2277.86 5.71923 199.526 9055.29 -19748.2
11 2465.44 5.71772 199.469 9055.2 -19741.6
12 2653.03 5.71506 199.404 9055.05 -19731.5
13 2840.61 5.71147 199.322 9054.82 -19716.3
14 3028.2 5.70511 199.214 9054.44 -19690.5
15 3215.8 5.69561 199.06 9053.85 -19648.5
16 3403.41 5.68003 198.831 9052.9 -19583.4
17 3591.04 5.65555 198.48 9051.4 -19480.5
18 3778.71 5.61657 197.94 9049.05 -19318.3
19 3966.42 5.55666 197.104 9045.41 -19070
20 4154.2 5.46445 195.811 9039.8 -18691.8
21 4342.1 5.32315 193.822 9031.23 -18126
22 4530.18 5.10863 190.773 9018.28 -17297.2
23 4718.54 4.78618 186.124 8998.84 -16111.8
24 4907.29 4.30172 179.101 8969.81 -14478.4
25 5096.66 3.65887 168.619 8926.94 -12365.9
26 5286.94 3.34629 154.168 8879.66 -10277.8
27 5478.23 3.04217 140.012 8834.27 -8430.1
28 5670.51 2.74481 126.243 8790.66 -6805.43
29 5863.73 2.45405 112.877 8748.61 -5385.25
30 6057.89 2.17002 99.8655 8708.22 -4159.79
31 6252.95 1.89135 87.0489 8669.16 -3110.18
32 6448.88 1.56702 74.0334 8632.19 -2245.25
33 6645.66 2.26292 59.5772 8592.31 -1541.77
34 6843.35 2.26027 56.7201 8592.19 -1538.16
35 7041.04 2.24338 55.6523 8591.44 -1515.23
36 7238.75 2.22555 55.1783 8590.64 -1491.16
37 7436.47 2.20288 54.7883 8589.63 -1460.79
38 7634.22 2.17414 54.2989 8588.35 -1422.77
39 7832 2.13893 53.6659 8586.78 -1376.86
40 8029.82 2.09686 52.8782 8584.9 -1323.02
41 8227.68 2.04752 51.9268 8582.71 -1261.32
42 8425.59 1.99085 50.8026 8580.18 -1192.2
43 8623.55 1.92675 49.4985 8577.33 -1116.39
44 8821.59 1.85545 48.0117 8574.17 -1034.97
45 9019.69 1.77725 46.3444 8570.7 -949.317
46 9217.88 1.69286 44.504 8566.96 -861.011
47 9416.16 1.60303 42.503 8562.99 -771.781
48 9614.52 1.50863 40.3588 8558.82 -683.365
49 9812.98 1.4109 38.0928 8554.51 -597.451
50 10011.5 1.31093 35.7301 8550.1 -515.555
51 10210.2 1.20982 33.2986 8545.66 -438.963
52 10409 1.10896 30.8274 8541.23 -368.663
53 10607.8 1.00946 28.3466 8536.87 -305.335
54 10806.8 0.912339 25.8857 8532.62 -249.329
55 11005.9 0.818701 23.4727 8528.53 -200.697
56 11205.1 0.729333 21.1332 8524.63 -159.227
57 11404.3 0.645028 18.8899 8520.95 -124.493
58 11603.7 0.566263 16.7621 8517.53 -95.9147
59 11803.1 0.493438 14.7653 8514.36 -72.8124
60 12002.6 0.426796 12.9105 8511.47 -54.4609
61 12202.1 0.3665 11.2054 8508.85 -40.1335
62 12401.8 0.312319 9.65326 8506.5 -29.138
63 12601.5 0.264181 8.25446 8504.41 -20.8425
64 12801.2 0.221775 7.00585 8502.58 -14.6884
65 13001 0.18479 5.90186 8500.98 -10.1986
66 13200.8 0.152915 4.93497 8499.6 -6.97705
67 13400.6 0.125521 4.09593 8498.42 -4.70299
68 13600.5 0.102297 3.37434 8497.41 -3.12378
69 13800.4 0.0827705 2.75937 8496.57 -2.04464
70 14000.3 0.0664707 2.23983 8495.87 -1.31889
71 14200.2 0.0530047 1.80475 8495.29 -0.838466
72 14400.2 0.0419791 1.44361 8494.81 -0.525362
73 14600.1 0.0330008 1.14634 8494.42 -0.32451
74 14800.1 0.0257547 0.903641 8494.11 -0.197592
75 15000.1 0.0199262 0.70716 8493.86 -0.118621
76 15200.1 0.0153578 0.549445 8493.66 -0.0702186
77 15400 0.0117345 0.423776 8493.5 -0.0409868
78 15600 0.00889886 0.324534 8493.38 -0.0235972
79 15800 0.00669331 0.246697 8493.29 -0.0133993
80 16000 0.00503914 0.186174 8493.21 -0.00750602
81 16200 0.00370003 0.139438 8493.16 -0.00415009
82 16400 0.00275477 0.103652 8493.12 -0.00226465
83 16600 0.00204582 0.0764811 8493.09 -0.00121947
84 16800 0.00149442 0.0559341 8493.06 -0.000648593
85 17000 0.00110056 0.0405715 8493.04 -0.000340564
86 17200 0.000785469 0.0291016 8493.03 -0.000177036
87 17400 0.000549152 0.0206599 8493.02 -9.10447e-05
88 17600 0.000391606 0.0144898 8493.02 -4.62409e-05
89 17800 0.000312834 0.0100645 8493.01 -2.30104e-05
90 18000 0.000234061 0.0067447 8493.01 -1.13313e-05
91 18200 0.000155296 0.00422966 8493 -5.75461e-06
92 18400 7.63863e-05 0.00280923 8493 -2.7343e-06
93 18600 7.63863e-05 0.00143348 8493 -1.36419e-06
94 18800 7.63863e-05 0.000715095 8493 -6.80274e-07
95 19000 7.63863e-05 0.00035616 8493 -3.39627e-07
96 19200 7.63863e-05 0.00017728 8493 -1.70077e-07
97 19400 7.63863e-05 8.74359e-05 8493 -8.64531e-08
98 19600 7.63863e-05 4.15289e-05 8493 8.8751e-07
99 19800 7.63863e-05 1.65713e-05 8493 0.00130505
