NTS LL(mkm)  STRESS(GPa)   VEL(m / s)  DENS(kg/m3)  ENERGY(J) 
0 300.648 5.70131 200 9054.21 -19620.4
1 488.252 5.70115 199.94 9054.21 -19660
2 675.855 5.70091 199.88 9054.19 -19657.6
3 863.459 5.70115 199.82 9054.17 -19659.6
4 1051.06 5.70027 199.758 9054.13 -19660
5 1238.67 5.69876 199.689 9054.06 -19659.1
6 1426.27 5.69663 199.611 9053.92 -19649.9
7 1613.88 5.69288 199.516 9053.69 -19634.5
8 1801.5 5.68611 199.386 9053.26 -19605.4
9 1989.12 5.67388 199.196 9052.51 -19555
10 2176.76 5.65244 198.899 9051.23 -19466.7
11 2364.42 5.61729 198.422 9049.09 -19319.1
12 2552.13 5.55943 197.652 9045.57 -19079.5
13 2739.92 5.46663 196.411 9039.93 -18699.9
14 2927.82 5.3195 194.428 9031.03 -18111.8
15 3115.9 5.09124 191.294 9017.22 -17229.2
16 3304.27 4.74139 186.387 8996.16 -15953.4
17 3493.09 4.21149 178.803 8964.44 -14194.2
18 3682.57 3.60259 167.274 8918.42 -11977
19 3873.03 3.28262 152.402 8870.08 -9874.6
20 4064.53 2.97143 137.86 8823.81 -8026.64
21 4257.03 2.66826 123.707 8779.52 -6415.01
22 4450.5 2.37347 109.985 8737.1 -5021.75
23 4644.91 2.0866 96.7681 8696.47 -3829.74
24 4840.24 1.80578 84.0713 8657.3 -2817.67
25 5036.44 1.37954 71.5924 8618.38 -1972.15
26 5233.53 2.2162 56.6765 8590.22 -1478.28
27 5431.27 2.21644 55.0947 8590.23 -1478.63
28 5629 2.18544 54.6027 8588.85 -1437.48
29 5826.77 2.14267 53.9931 8586.94 -1381.49
30 6024.58 2.08852 53.0798 8584.53 -1312.28
31 6222.45 2.02344 51.8786 8581.63 -1231.48
32 6420.38 1.94757 50.4086 8578.26 -1140.55
33 6618.4 1.8613 48.6732 8574.43 -1041.43
34 6816.5 1.76547 46.6772 8570.18 -936.584
35 7014.7 1.66123 44.4345 8565.56 -828.886
36 7213 1.55006 41.9697 8560.65 -721.371
37 7411.42 1.43382 39.3171 8555.52 -616.969
38 7609.96 1.31453 36.5182 8550.26 -518.307
39 7808.62 1.19408 33.6198 8544.97 -427.5
40 8007.4 1.07465 30.6713 8539.73 -346.067
41 8206.31 0.957966 27.7228 8534.62 -274.875
42 8405.33 0.845762 24.822 8529.71 -214.174
43 8604.47 0.739535 22.0131 8525.07 -163.674
44 8803.72 0.640396 19.3341 8520.75 -122.668
45 9003.07 0.549061 16.8167 8516.78 -90.1523
46 9202.51 0.46625 14.4845 8513.18 -64.9701
47 9402.04 0.391973 12.3539 8509.95 -45.9126
48 9601.64 0.326396 10.4336 8507.11 -31.8152
49 9801.31 0.269058 8.72569 8504.63 -21.6195
50 10001 0.219651 7.2261 8502.49 -14.4076
51 10200.8 0.177629 5.92584 8500.67 -9.41698
52 10400.6 0.14221 4.81241 8499.14 -6.03726
53 10600.5 0.112847 3.8705 8497.87 -3.79677
54 10800.4 0.0885971 3.08288 8496.82 -2.34261
55 11000.3 0.0689906 2.43207 8495.97 -1.4182
56 11200.2 0.0531622 1.90033 8495.29 -0.842602
57 11400.2 0.0405615 1.47085 8494.75 -0.491323
58 11600.1 0.0307167 1.12767 8494.32 -0.281253
59 11800.1 0.022998 0.856485 8493.99 -0.158064
60 12000.1 0.0170907 0.644432 8493.74 -0.087229
61 12200 0.012601 0.480398 8493.54 -0.0472853
62 12400 0.00921394 0.354762 8493.39 -0.0251825
63 12600 0.00661454 0.259579 8493.29 -0.0131789
64 12800 0.00480282 0.18816 8493.2 -0.00677968
65 13000 0.00338494 0.135125 8493.14 -0.00342924
66 13200 0.00236091 0.0960867 8493.1 -0.00170684
67 13400 0.00165196 0.0676479 8493.07 -0.000836409
68 13600 0.00117933 0.047133 8493.05 -0.000403765
69 13800 0.000785469 0.0324544 8493.03 -0.000192309
70 14000 0.000549152 0.0220574 8493.02 -9.05289e-05
71 14200 0.000391606 0.0147469 8493.01 -4.2253e-05
72 14400 0.000234061 0.00972898 8493.01 -1.94079e-05
73 14600 0.000155296 0.00621326 8493.01 -8.83577e-06
74 14800 0.000155296 0.00380464 8493 -3.99989e-06
75 15000 7.63863e-05 0.00212276 8493 -1.88445e-06
76 15200 7.63863e-05 0.00101423 8493 -9.13342e-07
77 15400 7.63863e-05 0.000493794 8493 -4.4083e-07
78 15600 7.63863e-05 0.000239019 8493 -2.12083e-07
79 15800 7.63863e-05 0.000115228 8493 -1.01788e-07
80 16000 7.63863e-05 5.5418e-05 8493 -4.87455e-08
81 16200 7.63863e-05 2.65946e-05 8493 -2.32856e-08
82 16400 7.63863e-05 1.27329e-05 8493 -1.10977e-08
83 16600 7.63863e-05 6.0815e-06 8493 -5.27712e-09
84 16800 7.63863e-05 2.89746e-06 8493 -2.50071e-09
85 17000 7.63863e-05 1.37699e-06 8493 -1.18374e-09
86 17200 7.63863e-05 6.52735e-07 8493 -5.57933e-10
87 17400 7.63863e-05 3.08614e-07 8493 -2.62427e-10
88 17600 7.63863e-05 1.45529e-07 8493 -1.23256e-10
89 17800 7.63863e-05 6.84414e-08 8493 -5.75713e-11
90 18000 7.63863e-05 3.21003e-08 8493 -2.69913e-11
91 18200 7.63863e-05 1.50142e-08 8493 -1.24824e-11
92 18400 7.63863e-05 7.0029e-09 8493 -6.55327e-12
93 18600 7.63863e-05 3.25698e-09 8493 -1.40427e-12
94 18800 7.63863e-05 1.51036e-09 8493 0
95 19000 7.63863e-05 6.98186e-10 8493 0
96 19200 7.63863e-05 3.2142e-10 8493 0
97 19400 7.63863e-05 1.46702e-10 8493 0
98 19600 7.63863e-05 6.49261e-11 8493 9.3424e-07
99 19800 7.63863e-05 2.45788e-11 8493 0.00130444
