NTS LL(mkm)  STRESS(GPa)   VEL(m / s)  DENS(kg/m3)  ENERGY(J) 
0 401.219 5.72286 200 9055.5 -19710.4
1 588.795 5.72278 199.953 9055.5 -19750.2
2 776.372 5.7227 199.905 9055.5 -19748.4
3 963.949 5.72254 199.858 9055.49 -19751.4
4 1151.53 5.7223 199.811 9055.48 -19753.9
5 1339.1 5.72198 199.764 9055.46 -19757.1
6 1526.68 5.72166 199.717 9055.44 -19755.8
7 1714.26 5.72111 199.669 9055.42 -19755.2
8 1901.84 5.72111 199.621 9055.39 -19753.4
9 2089.41 5.72035 199.575 9055.35 -19751.8
10 2276.99 5.71899 199.524 9055.28 -19747.4
11 2464.58 5.71748 199.466 9055.18 -19740.6
12 2652.16 5.71474 199.401 9055.03 -19730.3
13 2839.75 5.71099 199.318 9054.79 -19714.7
14 3027.34 5.70508 199.208 9054.41 -19688.2
15 3214.94 5.69497 199.05 9053.8 -19645.1
16 3402.55 5.67898 198.815 9052.83 -19578.2
17 3590.18 5.65356 198.457 9051.29 -19472.6
18 3777.84 5.61398 197.901 9048.88 -19306.1
19 3965.56 5.55204 197.043 9045.13 -19051.3
20 4153.35 5.45727 195.716 9039.37 -18663.6
21 4341.26 5.31229 193.676 9030.59 -18083.9
22 4529.35 5.09271 190.551 9017.3 -17235.6
23 4717.73 4.76162 185.783 8997.36 -16024.7
24 4906.51 4.26499 178.569 8967.61 -14361.6
25 5095.93 3.63951 167.782 8923.98 -12230.5
26 5286.27 3.32734 153.303 8876.8 -10156.7
27 5477.62 3.02325 139.151 8831.51 -8323.1
28 5669.96 2.72672 125.397 8788.01 -6711.78
29 5863.24 2.43609 112.055 8746.06 -5303.85
30 6057.46 2.15253 99.0922 8705.74 -4089.04
31 6252.57 1.87341 86.3687 8666.66 -3047.73
32 6448.56 1.5294 73.4953 8629.42 -2187.81
33 6645.4 2.25132 58.9694 8591.79 -1525.94
34 6843.1 2.25615 56.3588 8592.01 -1532.59
35 7040.8 2.24159 55.5035 8591.36 -1512.79
36 7238.51 2.22399 55.1247 8590.57 -1489
37 7436.23 2.20078 54.7533 8589.53 -1458
38 7633.99 2.17142 54.2547 8588.22 -1419.2
39 7831.77 2.1355 53.6066 8586.62 -1372.5
40 8029.59 2.09273 52.8031 8584.72 -1317.86
41 8227.45 2.04277 51.8352 8582.49 -1255.38
42 8425.37 1.98531 50.6934 8579.94 -1185.5
43 8623.34 1.92043 49.3707 8577.05 -1109.01
44 8821.38 1.84827 47.8648 8573.85 -1027.01
45 9019.49 1.76937 46.1785 8570.35 -940.907
46 9217.69 1.68427 44.3196 8566.58 -852.311
47 9415.97 1.59381 42.3011 8562.58 -762.962
48 9614.35 1.49902 40.141 8558.39 -674.603
49 9812.82 1.40082 37.8611 8554.06 -588.916
50 10011.4 1.30053 35.4871 8549.65 -507.403
51 10210.1 1.19933 33.047 8545.2 -431.325
52 10408.8 1.09838 30.5702 8540.77 -361.642
53 10607.7 0.998958 28.0871 8536.41 -299.003
54 10806.7 0.902068 25.6268 8532.17 -243.723
55 11005.8 0.808738 23.2174 8528.09 -195.826
56 11205 0.719758 20.8845 8524.21 -155.07
57 11404.2 0.635999 18.6502 8520.56 -121.011
58 11603.6 0.55778 16.5338 8517.16 -93.0489
59 11803 0.485581 14.5499 8514.02 -70.4957
60 12002.5 0.419565 12.7096 8511.15 -52.6208
61 12202.1 0.359816 11.0198 8508.56 -38.6974
62 12401.7 0.306342 9.48373 8506.24 -28.0363
63 12601.4 0.258832 8.10098 8504.18 -20.0116
64 12801.2 0.217054 6.86824 8502.38 -14.0724
65 13000.9 0.180698 5.77975 8500.8 -9.74963
66 13200.8 0.149294 4.82762 8499.45 -6.65511
67 13400.6 0.122451 4.00236 8498.28 -4.47599
68 13600.5 0.0996987 3.29361 8497.3 -2.96629
69 13800.4 0.0805657 2.69032 8496.48 -1.93713
70 14000.3 0.0646595 2.18128 8495.79 -1.24667
71 14200.2 0.0515084 1.75555 8495.22 -0.790724
72 14400.2 0.040719 1.40264 8494.75 -0.494289
73 14600.1 0.0319769 1.11248 8494.38 -0.304604
74 14800.1 0.0248884 0.875921 8494.07 -0.185032
75 15000.1 0.0192961 0.684658 8493.83 -0.110817
76 15200.1 0.0148065 0.531325 8493.64 -0.0654395
77 15400 0.0113407 0.409268 8493.49 -0.0381081
78 15600 0.00858379 0.313059 8493.37 -0.0218865
79 15800 0.006457 0.237674 8493.28 -0.0123975
80 16000 0.00480282 0.179122 8493.21 -0.00692855
81 16200 0.00354249 0.133993 8493.15 -0.00382143
82 16400 0.002676 0.0994792 8493.11 -0.00208004
83 16600 0.00196705 0.0732911 8493.08 -0.00111724
84 16800 0.00141565 0.0535067 8493.06 -0.000592945
85 17000 0.00102179 0.0387289 8493.04 -0.00031092
86 17200 0.000706697 0.0277908 8493.03 -0.000160998
87 17400 0.000549152 0.0196707 8493.02 -8.25495e-05
88 17600 0.000391606 0.0137238 8493.01 -4.19429e-05
89 17800 0.000234061 0.00954364 8493.01 -2.07516e-05
90 18000 0.000155296 0.00634792 8493.01 -1.01979e-05
91 18200 0.000155296 0.0039403 8493 -5.21473e-06
92 18400 7.63863e-05 0.00260408 8493 -2.47158e-06
93 18600 7.63863e-05 0.00129857 8493 -1.22965e-06
94 18800 7.63863e-05 0.0006441 8493 -6.13518e-07
95 19000 7.63863e-05 0.000321167 8493 -3.06348e-07
96 19200 7.63863e-05 0.000159979 8493 -1.53349e-07
97 19400 7.63863e-05 7.88819e-05 8493 -7.79053e-08
98 19600 7.63863e-05 3.74485e-05 8493 8.92155e-07
99 19800 7.63863e-05 1.49382e-05 8493 0.00130505
