NTS LL(mkm)  STRESS(GPa)   VEL(m / s)  DENS(kg/m3)  ENERGY(J) 
0 201.439 5.6722 200 9052.43 -19496.8
1 389.079 5.67058 199.9 9052.33 -19529.6
2 576.722 5.66576 199.781 9052.05 -19508.7
3 764.37 5.65579 199.615 9051.42 -19468.8
4 952.031 5.63442 199.348 9050.12 -19382.6
5 1139.72 5.59327 198.876 9047.64 -19216.7
6 1327.46 5.51939 198.023 9043.14 -18911.2
7 1515.29 5.39105 196.503 9035.36 -18392.7
8 1703.29 5.17765 193.86 9022.43 -17555.5
9 1891.55 4.83316 189.397 9001.67 -16278
10 2080.25 4.29301 182.102 8969.28 -14448.3
11 2269.63 3.61782 170.58 8920.68 -12078.2
12 2460.04 3.27173 154.864 8868.42 -9803.82
13 2651.57 2.93486 139.282 8818.43 -7821.83
14 2844.19 2.60974 123.981 8771.03 -6123.64
15 3037.85 2.29868 109.045 8726.43 -4693.79
16 3232.5 2.00156 94.6206 8684.54 -3506.53
17 3428.09 1.71736 81.1107 8645.1 -2530.79
18 3624.57 1.17883 69.027 8603.56 -1716.89
19 3822 2.18404 54.28 8588.79 -1435.18
20 4019.77 2.12584 54.0981 8586.19 -1359.49
21 4217.6 2.0363 53.0022 8582.2 -1246.89
22 4415.52 1.92683 51.0669 8577.34 -1115.99
23 4613.56 1.80129 48.5891 8571.77 -974.827
24 4811.72 1.66256 45.6896 8565.62 -829.949
25 5010.02 1.51403 42.4307 8559.06 -687.904
26 5208.48 1.35991 38.8881 8552.26 -554.654
27 5407.09 1.20449 35.1578 8545.43 -434.822
28 5605.87 1.05177 31.3443 8538.72 -331.322
29 5804.8 0.905283 27.551 8532.31 -245.329
30 6003.87 0.768098 23.8725 8526.32 -176.505
31 6203.09 0.642437 20.3896 8520.84 -123.389
32 6402.44 0.529579 17.1652 8515.93 -83.8158
33 6601.9 0.430412 14.2441 8511.62 -55.329
34 6801.46 0.344798 11.6513 8507.91 -35.5003
35 7001.11 0.272362 9.39511 8504.77 -22.1432
36 7200.84 0.212176 7.46883 8502.16 -13.4301
37 7400.62 0.16299 5.85426 8500.04 -7.92236
38 7600.45 0.123475 4.5249 8498.33 -4.5465
39 7800.33 0.0922977 3.44917 8496.98 -2.53915
40 8000.24 0.0680456 2.59337 8495.94 -1.38034
41 8200.17 0.0495396 1.9234 8495.14 -0.730709
42 8400.12 0.0355998 1.40746 8494.53 -0.376763
43 8600.08 0.0252034 1.01625 8494.09 -0.189287
44 8800.05 0.017642 0.724105 8493.76 -0.0926947
45 9000.04 0.0122071 0.509177 8493.52 -0.0442674
46 9200.02 0.00834748 0.353413 8493.36 -0.0206253
47 9400.02 0.00559053 0.242097 8493.24 -0.00938264
48 9600.01 0.0037788 0.163742 8493.16 -0.00416894
49 9800.01 0.00243968 0.109242 8493.1 -0.00181198
50 10000 0.00157319 0.0719411 8493.07 -0.000771033
51 10200 0.00102179 0.046675 8493.04 -0.00032212
52 10400 0.000627924 0.0298562 8493.03 -0.000132271
53 10600 0.000391606 0.0187324 8493.02 -5.37212e-05
54 10800 0.000234061 0.0115268 8493.01 -2.15856e-05
55 11000 0.000155296 0.00683374 8493.01 -8.80738e-06
56 11200 7.63863e-05 0.00399045 8493 -3.44144e-06
57 11400 7.63863e-05 0.0019323 8493 -1.59258e-06
58 11600 7.63863e-05 0.000902789 8493 -7.27925e-07
59 11800 7.63863e-05 0.000414446 8493 -3.30782e-07
60 12000 7.63863e-05 0.000188904 8493 -1.49731e-07
61 12200 7.63863e-05 8.57692e-05 8493 -6.7517e-08
62 12400 7.63863e-05 3.88001e-05 8493 -3.03241e-08
63 12600 7.63863e-05 1.74829e-05 8493 -1.35619e-08
64 12800 7.63863e-05 7.84506e-06 8493 -6.03889e-09
65 13000 7.63863e-05 3.50549e-06 8493 -2.67842e-09
66 13200 7.63863e-05 1.55971e-06 8493 -1.18264e-09
67 13400 7.63863e-05 6.90956e-07 8493 -5.19708e-10
68 13600 7.63863e-05 3.04746e-07 8493 -2.27166e-10
69 13800 7.63863e-05 1.33804e-07 8493 -9.95415e-11
70 14000 7.63863e-05 5.84804e-08 8493 -4.27484e-11
71 14200 7.63863e-05 2.54403e-08 8493 -1.84886e-11
72 14400 7.63863e-05 1.10147e-08 8493 -8.03459e-12
73 14600 7.63863e-05 4.74592e-09 8493 -3.43266e-12
74 14800 7.63863e-05 2.03487e-09 8493 -1.32529e-12
75 15000 7.63863e-05 8.68137e-10 8493 0
76 15200 7.63863e-05 3.68507e-10 8493 0
77 15400 7.63863e-05 1.55626e-10 8493 0
78 15600 7.63863e-05 6.53831e-11 8493 0
79 15800 7.63863e-05 2.73259e-11 8493 0
80 16000 7.63863e-05 1.136e-11 8493 0
81 16200 7.63863e-05 4.69741e-12 8493 0
82 16400 7.63863e-05 1.93191e-12 8493 0
83 16600 7.63863e-05 7.90204e-13 8493 0
84 16800 7.63863e-05 3.21437e-13 8493 0
85 17000 7.63863e-05 1.30027e-13 8493 0
86 17200 7.63863e-05 5.23037e-14 8493 0
87 17400 7.63863e-05 2.09205e-14 8493 0
88 17600 7.63863e-05 8.32018e-15 8493 0
89 17800 7.63863e-05 3.29001e-15 8493 0
90 18000 7.63863e-05 1.29345e-15 8493 0
91 18200 7.63863e-05 5.05561e-16 8493 0
92 18400 7.63863e-05 1.96449e-16 8493 0
93 18600 7.63863e-05 7.58848e-17 8493 0
94 18800 7.63863e-05 2.9136e-17 8493 0
95 19000 7.63863e-05 1.11286e-17 8493 0
96 19200 7.63863e-05 4.2179e-18 8493 0
97 19400 7.63863e-05 1.58904e-18 8493 0
98 19600 7.63863e-05 5.75895e-19 8493 9.3424e-07
99 19800 7.63863e-05 1.85526e-19 8493 0.00130382
