NTS LL(mkm)  STRESS(GPa)   VEL(m / s)  DENS(kg/m3)  ENERGY(J) 
0 200.07 5.67193 200 9052.4 -19494.5
1 387.711 5.66978 199.898 9052.29 -19526.8
2 575.354 5.66524 199.777 9051.99 -19504.9
3 763.003 5.65436 199.607 9051.33 -19462.6
4 950.666 5.63145 199.329 9049.96 -19371.6
5 1138.36 5.58897 198.833 9047.35 -19197
6 1326.1 5.511 197.938 9042.63 -18876.6
7 1513.95 5.37637 196.345 9034.47 -18334.1
8 1701.96 5.15285 193.581 9020.94 -17460.6
9 1890.26 4.79252 188.917 8999.24 -16133.3
10 2079 4.22888 181.284 8965.46 -14245.7
11 2268.47 3.5845 169.198 8915.63 -11849.7
12 2458.98 3.23851 153.415 8863.48 -9599.41
13 2650.62 2.90197 137.827 8813.64 -7642.08
14 2843.35 2.57767 122.554 8766.4 -5967.69
15 3037.11 2.26738 107.644 8722 -4560.79
16 3231.86 1.97205 93.1484 8680.41 -3397.71
17 3427.54 1.69118 79.4399 8641.49 -2448.6
18 3624.11 1.12116 67.5265 8599.3 -1650.77
19 3821.63 2.18505 53.8446 8588.83 -1436.47
20 4019.4 2.11782 54.2373 8585.83 -1349.13
21 4217.24 2.02281 52.8916 8581.6 -1230.34
22 4415.17 1.90998 50.7798 8576.59 -1096.47
23 4613.23 1.7817 48.2092 8570.9 -953.645
24 4811.41 1.64053 45.2402 8564.65 -808.057
25 5009.73 1.49019 41.9181 8558 -666.31
26 5208.22 1.3348 38.3225 8551.16 -534.307
27 5406.86 1.17889 34.5539 8544.3 -416.471
28 5605.65 1.02631 30.7193 8537.61 -315.445
29 5804.61 0.880661 26.9224 8531.23 -232.127
30 6003.71 0.744793 23.2565 8525.3 -165.941
31 6202.96 0.620844 19.8007 8519.9 -115.242
32 6402.32 0.510096 16.6152 8515.08 -77.7545
33 6601.8 0.413119 13.7416 8510.87 -50.9743
34 6801.38 0.329857 11.2018 8507.26 -32.4762
35 7001.05 0.259618 9.001 8504.22 -20.1119
36 7200.79 0.201474 7.12999 8501.7 -12.1093
37 7400.58 0.154174 5.56839 8499.66 -7.0904
38 7600.42 0.116389 4.28803 8498.02 -4.03854
39 7800.31 0.0866287 3.25639 8496.74 -2.23831
40 8000.22 0.0636358 2.43905 8495.74 -1.20744
41 8200.15 0.0461532 1.802 8494.99 -0.634203
42 8400.11 0.0330008 1.3135 8494.42 -0.324415
43 8600.07 0.0233131 0.944609 8494 -0.161694
44 8800.05 0.0162243 0.670311 8493.7 -0.0785578
45 9000.03 0.0111832 0.469483 8493.48 -0.037214
46 9200.02 0.00763855 0.324501 8493.33 -0.0172001
47 9400.01 0.00511791 0.221385 8493.22 -0.0077602
48 9600.01 0.00338494 0.149034 8493.14 -0.00342237
49 9800.01 0.00220337 0.0990055 8493.09 -0.00147642
50 10000 0.00141565 0.0649171 8493.06 -0.000623581
51 10200 0.000943014 0.0419072 8493.04 -0.000258707
52 10400 0.000627924 0.0266673 8493.02 -0.000105542
53 10600 0.000391606 0.0165744 8493.01 -4.29391e-05
54 10800 0.000234061 0.010116 8493.01 -1.74075e-05
55 11000 0.000155296 0.00595109 8493.01 -7.13177e-06
56 11200 7.63863e-05 0.00343466 8493 -2.84421e-06
57 11400 7.63863e-05 0.00161287 8493 -1.29972e-06
58 11600 7.63863e-05 0.000739587 8493 -5.90995e-07
59 11800 7.63863e-05 0.000337052 8493 -2.67945e-07
60 12000 7.63863e-05 0.000153254 8493 -1.21052e-07
61 12200 7.63863e-05 6.94616e-05 8493 -5.44665e-08
62 12400 7.63863e-05 3.1358e-05 8493 -2.44063e-08
63 12600 7.63863e-05 1.40973e-05 8493 -1.08894e-08
64 12800 7.63863e-05 6.31091e-06 8493 -4.8369e-09
65 13000 7.63863e-05 2.81319e-06 8493 -2.13999e-09
66 13200 7.63863e-05 1.24861e-06 8493 -9.42526e-10
67 13400 7.63863e-05 5.51752e-07 8493 -4.13301e-10
68 13600 7.63863e-05 2.42725e-07 8493 -1.80049e-10
69 13800 7.63863e-05 1.06292e-07 8493 -7.86353e-11
70 14000 7.63863e-05 4.63305e-08 8493 -3.36216e-11
71 14200 7.63863e-05 2.0099e-08 8493 -1.45879e-11
72 14400 7.63863e-05 8.67738e-09 8493 -6.31826e-12
73 14600 7.63863e-05 3.72798e-09 8493 -2.96457e-12
74 14800 7.63863e-05 1.59366e-09 8493 -4.6809e-13
75 15000 7.63863e-05 6.77841e-10 8493 0
76 15200 7.63863e-05 2.86838e-10 8493 0
77 15400 7.63863e-05 1.20752e-10 8493 0
78 15600 7.63863e-05 5.05681e-11 8493 0
79 15800 7.63863e-05 2.10647e-11 8493 0
80 16000 7.63863e-05 8.72779e-12 8493 0
81 16200 7.63863e-05 3.59666e-12 8493 0
82 16400 7.63863e-05 1.47407e-12 8493 0
83 16600 7.63863e-05 6.00809e-13 8493 0
84 16800 7.63863e-05 2.43518e-13 8493 0
85 17000 7.63863e-05 9.8148e-14 8493 0
86 17200 7.63863e-05 3.93339e-14 8493 0
87 17400 7.63863e-05 1.56736e-14 8493 0
88 17600 7.63863e-05 6.2096e-15 8493 0
89 17800 7.63863e-05 2.44591e-15 8493 0
90 18000 7.63863e-05 9.57806e-16 8493 0
91 18200 7.63863e-05 3.72877e-16 8493 0
92 18400 7.63863e-05 1.4431e-16 8493 0
93 18600 7.63863e-05 5.55153e-17 8493 0
94 18800 7.63863e-05 2.12228e-17 8493 0
95 19000 7.63863e-05 8.07321e-18 8493 0
96 19200 7.63863e-05 3.04478e-18 8493 0
97 19400 7.63863e-05 1.14646e-18 8493 0
98 19600 7.63863e-05 4.21257e-19 8493 9.3424e-07
99 19800 7.63863e-05 1.2687e-19 8493 0.00130381
