NTS LL(mkm)  STRESS(GPa)   VEL(m / s)  DENS(kg/m3)  ENERGY(J) 
0 420.386 5.72608 200 9055.72 -19725.3
1 607.958 5.726 199.955 9055.71 -19765
2 795.53 5.72593 199.911 9055.71 -19763.2
3 983.103 5.72577 199.866 9055.7 -19766.2
4 1170.68 5.72553 199.821 9055.69 -19768.6
5 1358.25 5.72584 199.778 9055.67 -19771.8
6 1545.82 5.72547 199.735 9055.66 -19770.5
7 1733.39 5.725 199.692 9055.63 -19770
8 1920.97 5.72444 199.647 9055.6 -19768.4
9 2108.54 5.72364 199.602 9055.57 -19767.2
10 2296.12 5.72318 199.557 9055.52 -19764.2
11 2483.69 5.72182 199.511 9055.45 -19759.4
12 2671.27 5.72059 199.455 9055.36 -19753
13 2858.85 5.71812 199.396 9055.22 -19744.2
14 3046.43 5.71459 199.321 9055 -19728.9
15 3234.02 5.70846 199.22 9054.65 -19704.2
16 3421.62 5.6998 199.079 9054.11 -19667
17 3609.22 5.68587 198.868 9053.25 -19608.2
18 3796.84 5.66341 198.551 9051.9 -19514.4
19 3984.5 5.62889 198.065 9049.8 -19370.2
20 4172.19 5.5758 197.317 9046.55 -19148
21 4359.95 5.49362 196.162 9041.57 -18810.6
22 4547.82 5.36836 194.39 9033.98 -18306.6
23 4735.84 5.1788 191.682 9022.51 -17564
24 4924.1 4.89261 187.584 9005.25 -16494.7
25 5112.73 4.46231 181.438 8979.41 -15000.7
26 5301.89 3.81697 172.241 8940.94 -13018.3
27 5491.87 3.43847 158.288 8893.49 -10871.8
28 5682.87 3.1326 144.089 8847.72 -8960.9
29 5874.85 2.83415 130.27 8803.66 -7274.3
30 6067.79 2.54284 116.784 8761.38 -5800.77
31 6261.66 2.25721 103.588 8720.56 -4519.99
32 6456.45 1.98068 90.6713 8681.61 -3429.52
33 6652.1 1.70533 78.402 8643.43 -2492.59
34 6848.62 1.14461 67.3905 8601.03 -1677.88
35 7046.11 2.23886 53.2307 8591.23 -1509.07
36 7243.82 2.25553 55.6502 8591.98 -1531.72
37 7441.52 2.23956 55.4714 8591.27 -1510.1
38 7639.23 2.22025 55.1106 8590.4 -1484.02
39 7836.96 2.1965 54.6759 8589.34 -1452.38
40 8034.72 2.16744 54.1508 8588.05 -1414.03
41 8232.5 2.13231 53.5036 8586.48 -1368.37
42 8430.33 2.09062 52.714 8584.62 -1315.21
43 8628.19 2.04215 51.769 8582.47 -1254.67
44 8826.11 1.98664 50.6594 8580 -1187.13
45 9024.08 1.9241 49.3792 8577.22 -1113.31
46 9222.12 1.85467 47.9261 8574.13 -1034.18
47 9420.22 1.77881 46.3023 8570.77 -951.022
48 9618.41 1.697 44.5142 8567.15 -865.276
49 9816.68 1.60999 42.5735 8563.29 -778.521
50 10015 1.51856 40.4955 8559.26 -692.372
51 10213.5 1.42373 38.2998 8555.07 -608.39
52 10412 1.32658 36.0093 8550.79 -528.005
53 10610.7 1.22821 33.6494 8546.47 -452.445
54 10809.4 1.12979 31.2469 8542.15 -382.687
55 11008.3 1.03242 28.8295 8537.88 -319.421
56 11207.2 0.937035 26.4247 8533.7 -263.043
57 11406.3 0.844742 24.0588 8529.66 -213.678
58 11605.4 0.75625 21.7565 8525.8 -171.196
59 11804.6 0.67227 19.5395 8522.14 -135.261
60 12004 0.593517 17.4269 8518.71 -105.378
61 12203.4 0.52023 15.4341 8515.52 -80.946
62 12402.8 0.452811 13.5732 8512.59 -61.3028
63 12602.4 0.391344 11.8523 8509.93 -45.7695
64 12802 0.335755 10.2761 8507.52 -33.6886
65 13001.6 0.286049 8.84624 8505.36 -24.4446
66 13201.3 0.241996 7.56092 8503.45 -17.4858
67 13401.1 0.203205 6.41642 8501.78 -12.3308
68 13600.9 0.169444 5.40628 8500.32 -8.57255
69 13800.7 0.140321 4.52274 8499.06 -5.87563
70 14000.6 0.115366 3.75675 8497.98 -3.97046
71 14200.5 0.0941874 3.09823 8497.06 -2.64543
72 14400.4 0.0763137 2.53716 8496.29 -1.73799
73 14600.3 0.0614309 2.0629 8495.65 -1.12586
74 14800.2 0.049067 1.6657 8495.12 -0.719254
75 15000.2 0.0389864 1.33539 8494.68 -0.453145
76 15200.1 0.0307167 1.0631 8494.32 -0.281589
77 15400.1 0.024022 0.840408 8494.04 -0.1726
78 15600.1 0.018666 0.65979 8493.81 -0.10436
79 15800.1 0.0144126 0.514352 8493.62 -0.0622706
80 16000 0.0111044 0.398298 8493.48 -0.0366479
81 16200 0.00842625 0.306158 8493.36 -0.0212858
82 16400 0.00637823 0.233753 8493.27 -0.0122014
83 16600 0.00480282 0.177211 8493.21 -0.00690302
84 16800 0.00362126 0.13335 8493.15 -0.00385561
85 17000 0.002676 0.0995896 8493.11 -0.0021275
86 17200 0.00196705 0.0738775 8493.08 -0.00115902
87 17400 0.00141565 0.0543324 8493.06 -0.000623842
88 17600 0.00102179 0.0396429 8493.04 -0.000331614
89 17800 0.000785469 0.0286309 8493.03 -0.000174385
90 18000 0.000549152 0.020431 8493.02 -9.07713e-05
91 18200 0.000391606 0.0144271 8493.02 -4.66397e-05
92 18400 0.000312834 0.010074 8493.01 -2.35356e-05
93 18600 0.000234061 0.00678399 8493.01 -1.17951e-05
94 18800 0.000155296 0.00434541 8493 -5.99416e-06
95 19000 7.63863e-05 0.00288759 8493 -2.87577e-06
96 19200 7.63863e-05 0.00148846 8493 -1.45356e-06
97 19400 7.63863e-05 0.000740586 8493 -7.45425e-07
98 19600 7.63863e-05 0.000353413 8493 5.26794e-07
99 19800 7.63863e-05 0.00014169 8493 0.00130493
