NTS LL(mkm)  STRESS(GPa)   VEL(m / s)  DENS(kg/m3)  ENERGY(J) 
0 180.027 5.66283 200 9051.85 -19456.6
1 367.679 5.65877 199.873 9051.59 -19478.7
2 555.337 5.64766 199.7 9050.92 -19431.2
3 743.009 5.62331 199.413 9049.45 -19333.6
4 930.71 5.575 198.882 9046.51 -19135.8
5 1118.47 5.48512 197.882 9041.05 -18770.7
6 1306.35 5.32665 196.051 9031.45 -18135.2
7 1494.43 5.05993 192.83 9015.33 -17108.2
8 1682.84 4.62702 187.374 8989.28 -15552.5
9 1871.8 3.94579 178.367 8948.6 -13387.2
10 2061.61 3.4458 163.798 8894.62 -10918.9
11 2252.58 3.09447 147.705 8842.04 -8733.16
12 2444.69 2.75403 131.848 8792 -6851.74
13 2637.89 2.42692 116.352 8744.73 -5260.63
14 2832.13 2.1148 101.429 8700.42 -3938.84
15 3027.36 1.81853 87.2224 8659.06 -2859.11
16 3223.53 1.3923 73.5062 8619.32 -1989.49
17 3420.59 2.21106 57.6303 8589.99 -1470.92
18 3618.34 2.12701 55.0626 8586.25 -1360.84
19 3816.16 2.02609 53.1362 8581.75 -1234.27
20 4014.1 1.90319 50.9401 8576.29 -1088.58
21 4212.15 1.76141 48.189 8570 -931.877
22 4410.36 1.60569 44.9157 8563.1 -773.89
23 4608.72 1.44132 41.2388 8555.85 -623.157
24 4807.25 1.27369 37.2881 8548.47 -486.277
25 5005.95 1.10778 33.1941 8541.18 -367.596
26 5204.82 0.948167 29.0852 8534.19 -269.132
27 5403.86 0.798696 25.0802 8527.65 -190.825
28 5603.05 0.662065 21.282 8521.69 -131.037
29 5802.37 0.540106 17.7709 8516.39 -87.1549
30 6001.82 0.433634 14.6028 8511.76 -56.1575
31 6201.38 0.342753 11.8094 8507.82 -35.0622
32 6401.03 0.266698 9.40003 8504.52 -21.2181
33 6600.76 0.204307 7.36533 8501.82 -12.4491
34 6800.56 0.154174 5.68174 8499.65 -7.08393
35 7000.4 0.114579 4.31569 8497.94 -3.9108
36 7200.28 0.0838728 3.22842 8496.62 -2.09537
37 7400.2 0.0604859 2.37879 8495.61 -1.09001
38 7600.14 0.043003 1.72669 8494.85 -0.550729
39 7800.09 0.0301654 1.23493 8494.3 -0.270378
40 8000.06 0.0207927 0.870452 8493.9 -0.129025
41 8200.04 0.0141763 0.604587 8493.61 -0.059891
42 8400.03 0.00952902 0.414016 8493.41 -0.0270495
43 8600.02 0.00629946 0.279452 8493.27 -0.0118962
44 8800.01 0.00417266 0.185939 8493.18 -0.00509979
45 9000.01 0.002676 0.121976 8493.11 -0.00213201
46 9200 0.00173074 0.0788323 8493.07 -0.000871277
47 9400 0.00110056 0.0501751 8493.05 -0.000348757
48 9600 0.000706697 0.0314079 8493.03 -0.000137321
49 9800 0.000391606 0.019308 8493.02 -5.33188e-05
50 10000 0.000234061 0.0115825 8493.01 -2.06596e-05
51 10200 0.000155296 0.0066986 8493.01 -8.1736e-06
52 10400 7.63863e-05 0.00381196 8493 -3.12417e-06
53 10600 7.63863e-05 0.00178945 8493 -1.41068e-06
54 10800 7.63863e-05 0.000813348 8493 -6.3112e-07
55 11000 7.63863e-05 0.000365036 8493 -2.81117e-07
56 11200 7.63863e-05 0.000163086 8493 -1.24728e-07
57 11400 7.63863e-05 7.26063e-05 8493 -5.50982e-08
58 11600 7.63863e-05 3.21894e-05 8493 -2.42247e-08
59 11800 7.63863e-05 1.42046e-05 8493 -1.05982e-08
60 12000 7.63863e-05 6.238e-06 8493 -4.61434e-09
61 12200 7.63863e-05 2.72592e-06 8493 -1.99825e-09
62 12400 7.63863e-05 1.1852e-06 8493 -8.61862e-10
63 12600 7.63863e-05 5.12674e-07 8493 -3.69381e-10
64 12800 7.63863e-05 2.20606e-07 8493 -1.56957e-10
65 13000 7.63863e-05 9.44247e-08 8493 -6.6777e-11
66 13200 7.63863e-05 4.01985e-08 8493 -2.80835e-11
67 13400 7.63863e-05 1.70199e-08 8493 -1.19353e-11
68 13600 7.63863e-05 7.16629e-09 8493 -4.75796e-12
69 13800 7.63863e-05 3.00048e-09 8493 -2.49648e-12
70 14000 7.63863e-05 1.24914e-09 8493 0
71 14200 7.63863e-05 5.17044e-10 8493 0
72 14400 7.63863e-05 2.12768e-10 8493 0
73 14600 7.63863e-05 8.70396e-11 8493 0
74 14800 7.63863e-05 3.5394e-11 8493 0
75 15000 7.63863e-05 1.43059e-11 8493 0
76 15200 7.63863e-05 5.74708e-12 8493 0
77 15400 7.63863e-05 2.29456e-12 8493 0
78 15600 7.63863e-05 9.10426e-13 8493 0
79 15800 7.63863e-05 3.58973e-13 8493 0
80 16000 7.63863e-05 1.40647e-13 8493 0
81 16200 7.63863e-05 5.47551e-14 8493 0
82 16400 7.63863e-05 2.11801e-14 8493 0
83 16600 7.63863e-05 8.13998e-15 8493 0
84 16800 7.63863e-05 3.10806e-15 8493 0
85 17000 7.63863e-05 1.179e-15 8493 0
86 17200 7.63863e-05 4.44296e-16 8493 0
87 17400 7.63863e-05 1.66322e-16 8493 0
88 17600 7.63863e-05 6.18574e-17 8493 0
89 17800 7.63863e-05 2.28499e-17 8493 0
90 18000 7.63863e-05 8.38275e-18 8493 0
91 18200 7.63863e-05 3.06621e-18 8493 0
92 18400 7.63863e-05 1.0985e-18 8493 0
93 18600 7.63863e-05 4.10605e-19 8493 0
94 18800 7.63863e-05 1.54643e-19 8493 0
95 19000 7.63863e-05 6.93227e-20 8493 0
96 19200 7.63863e-05 0 8493 0
97 19400 7.63863e-05 0 8493 0
98 19600 7.63863e-05 0 8493 9.3424e-07
99 19800 7.63863e-05 8.95439e-20 8493 0.00130368
