NTS LL(mkm)  STRESS(GPa)   VEL(m / s)  DENS(kg/m3)  ENERGY(J) 
0 302.391 5.70179 200 9054.24 -19622.1
1 489.994 5.70171 199.941 9054.23 -19661.7
2 677.597 5.70139 199.881 9054.22 -19659.4
3 865.2 5.70099 199.82 9054.2 -19661.4
4 1052.8 5.70091 199.757 9054.16 -19662
5 1240.41 5.6994 199.692 9054.09 -19661.4
6 1428.01 5.69743 199.615 9053.96 -19652.6
7 1615.62 5.694 199.521 9053.74 -19638.2
8 1803.24 5.68728 199.397 9053.34 -19610.8
9 1990.86 5.6759 199.214 9052.64 -19563.4
10 2178.49 5.65603 198.932 9051.43 -19480.2
11 2366.15 5.62228 198.481 9049.4 -19340.7
12 2553.86 5.56778 197.752 9046.08 -19113.9
13 2741.63 5.4797 196.577 9040.74 -18754
14 2929.51 5.34071 194.699 9032.3 -18195.4
15 3117.57 5.12445 191.722 9019.22 -17354.4
16 3305.9 4.7922 187.062 8999.22 -16133.9
17 3494.65 4.28936 179.876 8969.06 -14438.4
18 3684.03 3.64276 168.993 8924.48 -12252.8
19 3874.37 3.32205 154.17 8875.96 -10121
20 4065.74 3.00983 139.618 8829.47 -8243.84
21 4258.11 2.70576 125.443 8784.95 -6604.16
22 4451.47 2.40979 111.703 8742.28 -5184.1
23 4645.76 2.12201 98.4338 8701.43 -3967.61
24 4840.97 1.84094 85.568 8662.17 -2935.92
25 5037.07 1.45658 72.7481 8624.06 -2080.27
26 5234.03 2.23255 57.8907 8590.95 -1500.34
27 5431.75 2.22212 55.6341 8590.49 -1486.28
28 5629.48 2.19081 54.7728 8589.09 -1444.58
29 5827.24 2.15015 54.1009 8587.28 -1391.25
30 6025.05 2.09842 53.2346 8584.97 -1324.84
31 6222.9 2.03568 52.0949 8582.18 -1246.48
32 6420.82 1.96208 50.6825 8578.9 -1157.67
33 6618.82 1.87807 49.0027 8575.17 -1060.3
34 6816.91 1.78428 47.0617 8571.01 -956.752
35 7015.09 1.68192 44.8724 8566.48 -849.799
36 7213.37 1.57248 42.4573 8561.64 -742.429
37 7411.77 1.45751 39.8483 8556.56 -637.581
38 7610.28 1.3391 37.0853 8551.35 -537.93
39 7808.92 1.21921 34.2137 8546.07 -445.685
40 8007.67 1.09979 31.282 8540.83 -362.48
41 8206.55 0.982734 28.3398 8535.7 -289.311
42 8405.55 0.869839 25.4353 8530.76 -226.552
43 8604.67 0.762527 22.6126 8526.08 -174.027
44 8803.89 0.662065 19.9113 8521.69 -131.117
45 9003.22 0.569169 17.364 8517.65 -96.8845
46 9202.64 0.484638 14.996 8513.98 -70.208
47 9402.15 0.408638 12.8253 8510.68 -49.894
48 9601.73 0.341181 10.862 8507.75 -34.7726
49 9801.39 0.282116 9.10983 8505.19 -23.7671
50 10001.1 0.230981 7.56603 8502.98 -15.9326
51 10200.9 0.187309 6.2229 8501.09 -10.4763
52 10400.7 0.150475 5.06884 8499.5 -6.75715
53 10600.5 0.119696 4.08896 8498.17 -4.2757
54 10800.4 0.0943448 3.26693 8497.07 -2.65453
55 11000.3 0.0736365 2.58526 8496.18 -1.61714
56 11200.2 0.0569422 2.0264 8495.46 -0.966868
57 11400.2 0.043633 1.57337 8494.88 -0.567397
58 11600.1 0.0330795 1.21013 8494.43 -0.326895
59 11800.1 0.0248884 0.922122 8494.07 -0.184907
60 12000.1 0.0185872 0.696092 8493.8 -0.102709
61 12200 0.0137037 0.520596 8493.59 -0.0560444
62 12400 0.0100804 0.385779 8493.43 -0.0300429
63 12600 0.00732347 0.283232 8493.31 -0.0158254
64 12800 0.00527545 0.20601 8493.22 -0.00819455
65 13000 0.0037788 0.148456 8493.16 -0.00417263
66 13200 0.002676 0.10599 8493.11 -0.00208953
67 13400 0.00188828 0.0748983 8493.08 -0.00103006
68 13600 0.0012581 0.0523697 8493.05 -0.000500432
69 13800 0.000864242 0.0362473 8493.04 -0.00023956
70 14000 0.000627924 0.0247353 8493.03 -0.00011342
71 14200 0.000391606 0.0167077 8493.02 -5.28478e-05
72 14400 0.000312834 0.0109983 8493.01 -2.45321e-05
73 14600 0.000234061 0.00722569 8493.01 -1.09695e-05
74 14800 0.000155296 0.0042433 8493 -5.26761e-06
75 15000 7.63863e-05 0.00266901 8493 -2.37901e-06
76 15200 7.63863e-05 0.00128846 8493 -1.14583e-06
77 15400 7.63863e-05 0.000619508 8493 -5.52811e-07
78 15600 7.63863e-05 0.00029925 8493 -2.66399e-07
79 15800 7.63863e-05 0.000144523 8493 -1.28071e-07
80 16000 7.63863e-05 6.96324e-05 8493 -6.14251e-08
81 16200 7.63863e-05 3.34668e-05 8493 -2.93884e-08
82 16400 7.63863e-05 1.60471e-05 8493 -1.40281e-08
83 16600 7.63863e-05 7.67633e-06 8493 -6.68116e-09
84 16800 7.63863e-05 3.66317e-06 8493 -3.17161e-09
85 17000 7.63863e-05 1.74375e-06 8493 -1.50374e-09
86 17200 7.63863e-05 8.27972e-07 8493 -7.09743e-10
87 17400 7.63863e-05 3.92134e-07 8493 -3.34821e-10
88 17600 7.63863e-05 1.85235e-07 8493 -1.57269e-10
89 17800 7.63863e-05 8.72701e-08 8493 -7.37984e-11
90 18000 7.63863e-05 4.10055e-08 8493 -3.46368e-11
91 18200 7.63863e-05 1.92148e-08 8493 -1.62252e-11
92 18400 7.63863e-05 8.979e-09 8493 -7.17739e-12
93 18600 7.63863e-05 4.18406e-09 8493 -3.58869e-12
94 18800 7.63863e-05 1.94406e-09 8493 0
95 19000 7.63863e-05 9.00454e-10 8493 0
96 19200 7.63863e-05 4.15369e-10 8493 0
97 19400 7.63863e-05 1.89958e-10 8493 0
98 19600 7.63863e-05 8.4224e-11 8493 9.3424e-07
99 19800 7.63863e-05 3.19287e-11 8493 0.00130445
