NTS LL(mkm)  STRESS(GPa)   VEL(m / s)  DENS(kg/m3)  ENERGY(J) 
0 399.974 5.72254 200 9055.49 -19709.4
1 587.551 5.72254 199.952 9055.49 -19749.2
2 775.128 5.72238 199.905 9055.48 -19747.4
3 962.705 5.72222 199.857 9055.48 -19750.5
4 1150.28 5.72206 199.81 9055.46 -19752.9
5 1337.86 5.72174 199.763 9055.45 -19756.1
6 1525.44 5.72135 199.715 9055.43 -19754.8
7 1713.02 5.72087 199.667 9055.41 -19754.2
8 1900.59 5.72091 199.622 9055.37 -19752.4
9 2088.17 5.72003 199.574 9055.33 -19750.7
10 2275.75 5.71908 199.52 9055.26 -19746.2
11 2463.33 5.71745 199.464 9055.16 -19739.3
12 2650.92 5.71483 199.397 9055.01 -19728.5
13 2838.5 5.71069 199.313 9054.76 -19712.4
14 3026.1 5.70405 199.198 9054.36 -19684.9
15 3213.7 5.69376 199.036 9053.73 -19640.1
16 3401.31 5.67685 198.793 9052.72 -19570.6
17 3588.94 5.65067 198.421 9051.12 -19460.9
18 3776.61 5.60972 197.844 9048.61 -19288.2
19 3964.33 5.54574 196.953 9044.73 -19023.8
20 4152.13 5.44684 195.576 9038.75 -18622.1
21 4340.06 5.29629 193.46 9029.64 -18022.1
22 4528.17 5.06818 190.223 9015.85 -17145.3
23 4716.57 4.7253 185.283 8995.18 -15897
24 4905.41 4.21075 177.795 8964.37 -14190.8
25 5094.89 3.61158 166.565 8919.76 -12038.1
26 5285.32 3.3004 152.058 8872.72 -9984.99
27 5476.76 2.99698 137.92 8827.59 -8171.59
28 5669.18 2.7009 124.188 8784.24 -6579.34
29 5862.55 2.41087 110.876 8742.44 -5189.08
30 6056.84 2.12762 97.9722 8702.23 -3989.84
31 6252.03 1.84806 85.3762 8663.15 -2960.74
32 6448.11 1.47541 72.7127 8625.44 -2107.76
33 6645.04 2.23668 58.1028 8591.14 -1506.09
34 6842.75 2.25194 55.894 8591.82 -1526.8
35 7040.45 2.23964 55.346 8591.27 -1510.14
36 7238.16 2.22173 55.0744 8590.47 -1486.01
37 7435.89 2.19774 54.7088 8589.4 -1453.91
38 7633.65 2.16744 54.1899 8588.05 -1413.96
39 7831.44 2.1306 53.5191 8586.4 -1366.14
40 8029.26 2.0868 52.693 8584.45 -1310.36
41 8227.13 2.03575 51.7013 8582.18 -1246.76
42 8425.05 1.9772 50.5341 8579.58 -1175.81
43 8623.03 1.91115 49.1848 8576.64 -1098.34
44 8821.08 1.83797 47.6516 8573.39 -1015.53
45 9019.21 1.75805 45.938 8569.85 -928.814
46 9217.41 1.67193 44.0526 8566.04 -839.829
47 9415.71 1.58069 42.0094 8562 -750.34
48 9614.1 1.48503 39.8268 8557.78 -662.093
49 9812.58 1.38635 37.5275 8553.43 -576.761
50 10011.2 1.28566 35.1377 8548.99 -495.821
51 10209.9 1.18422 32.6858 8544.53 -420.501
52 10408.7 1.08327 30.2016 8540.1 -351.719
53 10607.6 0.98391 27.7155 8535.75 -290.076
54 10806.5 0.887405 25.2568 8531.53 -235.841
55 11005.6 0.794538 22.8533 8527.47 -188.995
56 11204.8 0.70618 20.5301 8523.62 -149.257
57 11404.1 0.623122 18.3094 8520 -116.153
58 11603.5 0.545683 16.2094 8516.63 -89.0623
59 11802.9 0.474344 14.2445 8513.53 -67.2818
60 12002.4 0.409267 12.4252 8510.71 -50.075
61 12202 0.350538 10.7575 8508.16 -36.7159
62 12401.7 0.297926 9.24427 8505.88 -26.5206
63 12601.4 0.251358 7.88461 8503.86 -18.8719
64 12801.1 0.210444 6.67466 8502.09 -13.2298
65 13000.9 0.174953 5.60816 8500.55 -9.13713
66 13200.7 0.144335 4.67695 8499.23 -6.21725
67 13400.6 0.1182 3.87134 8498.1 -4.16808
68 13600.5 0.096077 3.18064 8497.14 -2.75333
69 13800.4 0.0774948 2.5939 8496.34 -1.79217
70 14000.3 0.0620609 2.09964 8495.68 -1.14958
71 14200.2 0.0493821 1.68707 8495.13 -0.726727
72 14400.2 0.0389864 1.34566 8494.68 -0.452765
73 14600.1 0.0305592 1.06548 8494.32 -0.278082
74 14800.1 0.0237857 0.837538 8494.02 -0.168344
75 15000.1 0.0183509 0.653503 8493.79 -0.10048
76 15200.1 0.0140976 0.506262 8493.61 -0.0591338
77 15400 0.0107105 0.389291 8493.46 -0.0343183
78 15600 0.00811117 0.297254 8493.35 -0.0196415
79 15800 0.00606315 0.225256 8493.26 -0.0110878
80 16000 0.00456651 0.169464 8493.19 -0.00617489
81 16200 0.00338494 0.126509 8493.14 -0.0033947
82 16400 0.00251846 0.0937771 8493.11 -0.00184093
83 16600 0.00180951 0.0688976 8493.08 -0.000985952
84 16800 0.00133688 0.0502397 8493.06 -0.000521245
85 17000 0.000943014 0.036252 8493.04 -0.000272505
86 17200 0.000706697 0.0259314 8493.03 -0.00014085
87 17400 0.000470379 0.0183416 8493.02 -7.18479e-05
88 17600 0.000312834 0.0128003 8493.01 -3.61377e-05
89 17800 0.000234061 0.00865729 8493.01 -1.8178e-05
90 18000 0.000155296 0.00585589 8493.01 -8.88817e-06
91 18200 0.000155296 0.00366285 8493 -4.44792e-06
92 18400 7.63863e-05 0.00228158 8493 -2.12359e-06
93 18600 7.63863e-05 0.00111118 8493 -1.06007e-06
94 18800 7.63863e-05 0.000554459 8493 -5.29772e-07
95 19000 7.63863e-05 0.000277507 8493 -2.64388e-07
96 19200 7.63863e-05 0.000138191 8493 -1.32227e-07
97 19400 7.63863e-05 6.80726e-05 8493 -6.71197e-08
98 19600 7.63863e-05 3.22945e-05 8493 8.98012e-07
99 19800 7.63863e-05 1.28769e-05 8493 0.00130504
