NTS LL(mkm)  STRESS(GPa)   VEL(m / s)  DENS(kg/m3)  ENERGY(J) 
0 421.382 5.72632 200 9055.73 -19726
1 608.954 5.72624 199.955 9055.73 -19765.8
2 796.526 5.72616 199.911 9055.72 -19763.9
3 984.098 5.72593 199.866 9055.71 -19766.9
4 1171.67 5.72569 199.822 9055.7 -19769.3
5 1359.24 5.726 199.778 9055.68 -19772.5
6 1546.82 5.72571 199.736 9055.67 -19771.2
7 1734.39 5.72523 199.693 9055.64 -19770.7
8 1921.96 5.7246 199.649 9055.61 -19769.2
9 2109.54 5.72388 199.604 9055.58 -19767.9
10 2297.11 5.72342 199.558 9055.53 -19764.9
11 2484.69 5.72206 199.513 9055.47 -19760.3
12 2672.26 5.72091 199.458 9055.37 -19754
13 2859.84 5.71852 199.399 9055.23 -19745.5
14 3047.43 5.71507 199.325 9055.02 -19730.6
15 3235.01 5.70918 199.228 9054.68 -19706.6
16 3422.61 5.70083 199.088 9054.15 -19670.4
17 3610.21 5.68696 198.884 9053.32 -19613.4
18 3797.83 5.6652 198.576 9052.02 -19522.4
19 3985.48 5.63177 198.104 9049.98 -19382.3
20 4173.17 5.58021 197.377 9046.83 -19166.6
21 4360.93 5.50045 196.256 9041.99 -18838.7
22 4548.79 5.37906 194.534 9034.62 -18348.6
23 4736.8 5.19465 191.908 9023.47 -17625.4
24 4925.04 4.91663 187.935 9006.69 -16581.7
25 5113.63 4.49816 181.969 8981.56 -15119.9
26 5302.75 3.87146 172.994 8944.17 -13173.7
27 5492.66 3.46031 159.345 8896.79 -11015.7
28 5683.59 3.15416 145.078 8850.9 -9088.32
29 5875.5 2.85503 131.225 8806.73 -7386.82
30 6068.37 2.56346 117.708 8764.35 -5899.53
31 6262.18 2.27751 104.499 8723.44 -4605.58
32 6456.9 1.99999 91.6418 8684.31 -3500.71
33 6652.49 1.72304 79.472 8645.87 -2548.46
34 6848.96 1.18708 68.2172 8604.17 -1727.24
35 7046.37 2.22788 53.4976 8590.74 -1494.25
36 7244.1 2.25615 55.5535 8592.01 -1532.59
37 7441.79 2.24128 55.4681 8591.34 -1512.34
38 7639.5 2.22235 55.1465 8590.5 -1486.81
39 7837.23 2.19907 54.7233 8589.46 -1455.73
40 8034.99 2.17056 54.207 8588.19 -1418.1
41 8232.77 2.13613 53.5724 8586.65 -1373.26
42 8430.59 2.09522 52.7987 8584.83 -1320.95
43 8628.45 2.04745 51.8714 8582.7 -1261.26
44 8826.36 1.9928 50.7809 8580.27 -1194.54
45 9024.33 1.93112 49.5207 8577.53 -1121.46
46 9222.36 1.86255 48.0882 8574.48 -1042.97
47 9420.45 1.78748 46.4848 8571.15 -960.312
48 9618.63 1.70637 44.717 8567.56 -874.905
49 9816.89 1.61999 42.7952 8563.74 -788.312
50 10015.2 1.52919 40.7347 8559.73 -702.14
51 10213.7 1.43483 38.5545 8555.56 -617.953
52 10412.2 1.33801 36.2769 8551.3 -537.196
53 10610.9 1.23995 33.927 8546.98 -461.117
54 10809.6 1.14154 31.5314 8542.66 -390.723
55 11008.4 1.04409 29.1177 8538.39 -326.734
56 11207.4 0.948559 26.7133 8534.21 -269.58
57 11406.4 0.855957 24.3445 8530.16 -219.419
58 11605.5 0.767078 22.0362 8526.27 -176.151
59 11804.7 0.682632 19.8105 8522.59 -139.463
60 12004.1 0.603255 17.6867 8519.14 -108.882
61 12203.4 0.529422 15.6806 8515.92 -83.817
62 12402.9 0.461299 13.8046 8512.96 -63.6163
63 12602.4 0.399048 12.0675 8510.26 -47.6027
64 12802 0.342832 10.4743 8507.82 -35.1173
65 13001.7 0.29242 9.02697 8505.64 -25.54
66 13201.4 0.247582 7.72427 8503.7 -18.3119
67 13401.1 0.208162 6.56257 8501.99 -12.9438
68 13600.9 0.173772 5.53589 8500.5 -9.02029
69 13800.7 0.144099 4.63673 8499.22 -6.19743
70 14000.6 0.118594 3.8561 8498.12 -4.19815
71 14200.5 0.0969431 3.18404 8497.18 -2.80399
72 14400.4 0.078676 2.61061 8496.39 -1.84674
73 14600.3 0.0633996 2.12529 8495.73 -1.19928
74 14800.2 0.0507208 1.71817 8495.19 -0.768113
75 15000.2 0.0403253 1.37922 8494.74 -0.485161
76 15200.1 0.0318194 1.09941 8494.37 -0.302254
77 15400.1 0.0249671 0.870245 8494.07 -0.18574
78 15600.1 0.0194537 0.684086 8493.84 -0.112596
79 15800.1 0.0150428 0.534036 8493.65 -0.0673535
80 16000 0.011577 0.414014 8493.5 -0.0397465
81 16200 0.00882009 0.318709 8493.38 -0.0231452
82 16400 0.00669331 0.243668 8493.29 -0.0133016
83 16600 0.00503914 0.184946 8493.22 -0.00754683
84 16800 0.0037788 0.139407 8493.16 -0.00422613
85 17000 0.00283354 0.104284 8493.12 -0.00233732
86 17200 0.00204582 0.0774344 8493.09 -0.00127708
87 17400 0.00149442 0.0570572 8493.06 -0.0006892
88 17600 0.00110056 0.0416818 8493.05 -0.000367598
89 17800 0.000785469 0.0302045 8493.03 -0.000193651
90 18000 0.000549152 0.0216392 8493.02 -0.000100722
91 18200 0.000391606 0.0152786 8493.02 -5.18372e-05
92 18400 0.000312834 0.0105853 8493.01 -2.65816e-05
93 18600 0.000234061 0.00722347 8493.01 -1.34641e-05
94 18800 0.000155296 0.00478587 8493 -6.70227e-06
95 19000 7.63863e-05 0.00314313 8493 -3.19985e-06
96 19200 7.63863e-05 0.00164491 8493 -1.62868e-06
97 19400 7.63863e-05 0.000828184 8493 -8.3704e-07
98 19600 7.63863e-05 0.000396705 8493 4.76536e-07
99 19800 7.63863e-05 0.000159078 8493 0.0013049
