NTS LL(mkm)  STRESS(GPa)   VEL(m / s)  DENS(kg/m3)  ENERGY(J) 
0 401.592 5.72294 200 9055.51 -19710.7
1 589.169 5.72294 199.953 9055.51 -19750.5
2 776.745 5.72278 199.905 9055.5 -19748.7
3 964.322 5.72262 199.858 9055.49 -19751.7
4 1151.9 5.72238 199.811 9055.48 -19754.2
5 1339.48 5.72214 199.764 9055.47 -19757.4
6 1527.05 5.72174 199.717 9055.45 -19756.1
7 1714.63 5.72119 199.67 9055.42 -19755.5
8 1902.21 5.72119 199.622 9055.39 -19753.7
9 2089.79 5.72043 199.575 9055.35 -19752.1
10 2277.37 5.71907 199.525 9055.28 -19747.8
11 2464.95 5.71756 199.467 9055.19 -19741
12 2652.53 5.71482 199.403 9055.04 -19730.8
13 2840.12 5.71115 199.32 9054.8 -19715.4
14 3027.71 5.70479 199.21 9054.43 -19689.2
15 3215.31 5.69505 199.054 9053.82 -19646.5
16 3402.92 5.67915 198.822 9052.86 -19580.5
17 3590.55 5.6546 198.467 9051.34 -19476
18 3778.21 5.61527 197.918 9048.95 -19311.4
19 3965.93 5.55381 197.069 9045.25 -19059.4
20 4153.71 5.46046 195.757 9039.56 -18675.7
21 4341.62 5.31686 193.739 9030.87 -18102.1
22 4529.71 5.09949 190.647 9017.72 -17262.1
23 4718.07 4.77204 185.93 8998 -16062.2
24 4906.85 4.28094 178.798 8968.56 -14412
25 5096.24 3.64756 168.143 8925.25 -12288.5
26 5286.56 3.33563 153.674 8878.03 -10208.5
27 5477.88 3.03149 139.52 8832.69 -8368.86
28 5670.19 2.73464 125.759 8789.14 -6751.81
29 5863.45 2.4438 112.408 8747.15 -5338.63
30 6057.64 2.15997 99.4246 8706.8 -4119.23
31 6252.73 1.88099 86.6616 8667.73 -3074.34
32 6448.7 1.54551 73.7268 8630.61 -2212.29
33 6645.51 2.25615 59.2297 8592.01 -1532.54
34 6843.21 2.25778 56.5104 8592.08 -1534.83
35 7040.9 2.24229 55.5635 8591.39 -1513.77
36 7238.61 2.22461 55.1457 8590.6 -1489.91
37 7436.34 2.20172 54.7678 8589.57 -1459.2
38 7634.09 2.17259 54.2737 8588.28 -1420.74
39 7831.87 2.13698 53.6322 8586.69 -1374.38
40 8029.69 2.09452 52.8355 8584.8 -1320.08
41 8227.55 2.0448 51.8746 8582.58 -1257.94
42 8425.46 1.98765 50.7404 8580.04 -1188.38
43 8623.43 1.92316 49.4257 8577.17 -1112.18
44 8821.47 1.85139 47.928 8573.99 -1030.43
45 9019.58 1.7728 46.2498 8570.5 -944.517
46 9217.77 1.68794 44.3989 8566.75 -856.043
47 9416.05 1.5978 42.3879 8562.76 -766.744
48 9614.42 1.50316 40.2345 8558.58 -678.358
49 9812.89 1.40512 37.9606 8554.26 -592.572
50 10011.5 1.30499 35.5914 8549.84 -510.892
51 10210.1 1.20379 33.155 8545.4 -434.592
52 10408.9 1.10293 30.6805 8540.97 -364.644
53 10607.8 1.00342 28.1984 8536.61 -301.708
54 10806.8 0.906459 25.7378 8532.36 -246.117
55 11005.8 0.812974 23.3268 8528.28 -197.905
56 11205 0.723918 20.991 8524.39 -156.843
57 11404.3 0.639846 18.7528 8520.73 -122.495
58 11603.6 0.561393 16.6315 8517.31 -94.2695
59 11803 0.48896 14.6421 8514.16 -71.4818
60 12002.5 0.422709 12.7956 8511.29 -53.4035
61 12202.1 0.362647 11.0991 8508.68 -39.3079
62 12401.8 0.308859 9.55618 8506.35 -28.5043
63 12601.4 0.261113 8.16656 8504.28 -20.3644
64 12801.2 0.2191 6.92701 8502.46 -14.3337
65 13000.9 0.182429 5.83187 8500.88 -9.93999
66 13200.8 0.150868 4.87345 8499.51 -6.79149
67 13400.6 0.123789 4.04226 8498.34 -4.57209
68 13600.5 0.100801 3.32804 8497.35 -3.03292
69 13800.4 0.0815106 2.71976 8496.52 -1.98258
70 14000.3 0.065447 2.20624 8495.82 -1.27718
71 14200.2 0.0521384 1.77652 8495.25 -0.810876
72 14400.2 0.0412703 1.42009 8494.78 -0.507394
73 14600.1 0.0323707 1.12687 8494.4 -0.312997
74 14800.1 0.0252822 0.887726 8494.09 -0.190323
75 15000.1 0.0195324 0.694229 8493.84 -0.114102
76 15200.1 0.0150428 0.539033 8493.65 -0.0674493
77 15400 0.0114982 0.41543 8493.49 -0.039318
78 15600 0.00874133 0.317937 8493.37 -0.0226048
79 15800 0.00653577 0.241506 8493.28 -0.0128178
80 16000 0.00488159 0.182104 8493.21 -0.00717114
81 16200 0.00362126 0.136319 8493.16 -0.00395899
82 16400 0.002676 0.101232 8493.11 -0.00215763
83 16600 0.00196705 0.0746389 8493.08 -0.00116033
84 16800 0.00141565 0.0545562 8493.06 -0.000616152
85 17000 0.00102179 0.0395042 8493.04 -0.000323305
86 17200 0.000785469 0.0283849 8493.03 -0.000167393
87 17400 0.000549152 0.0200416 8493.02 -8.61509e-05
88 17600 0.000391606 0.0140523 8493.01 -4.37571e-05
89 17800 0.000234061 0.00980285 8493.01 -2.15869e-05
90 18000 0.000155296 0.00650542 8493.01 -1.06141e-05
91 18200 0.000155296 0.00403668 8493 -5.44337e-06
92 18400 7.63863e-05 0.00269278 8493 -2.5825e-06
93 18600 7.63863e-05 0.00135624 8493 -1.28577e-06
94 18800 7.63863e-05 0.000673805 8493 -6.41265e-07
95 19000 7.63863e-05 0.000335701 8493 -3.20187e-07
96 19200 7.63863e-05 0.00016717 8493 -1.60309e-07
97 19400 7.63863e-05 8.24412e-05 8493 -8.14617e-08
98 19600 7.63863e-05 3.91466e-05 8493 8.90223e-07
99 19800 7.63863e-05 1.56178e-05 8493 0.00130505
