NTS LL(mkm)  STRESS(GPa)   VEL(m / s)  DENS(kg/m3)  ENERGY(J) 
0 301.769 5.70163 200 9054.23 -19621.5
1 489.372 5.70147 199.941 9054.22 -19661.1
2 676.975 5.70123 199.881 9054.21 -19658.8
3 864.578 5.70075 199.82 9054.19 -19660.8
4 1052.18 5.70067 199.758 9054.15 -19661.3
5 1239.79 5.69916 199.691 9054.08 -19660.5
6 1427.39 5.69711 199.613 9053.95 -19651.7
7 1615 5.6936 199.519 9053.72 -19636.9
8 1802.61 5.68672 199.393 9053.31 -19608.9
9 1990.24 5.67502 199.208 9052.59 -19560.5
10 2177.87 5.65467 198.92 9051.36 -19475.5
11 2365.54 5.62056 198.46 9049.29 -19333.1
12 2553.24 5.56489 197.717 9045.9 -19101.8
13 2741.02 5.47513 196.519 9040.45 -18735
14 2928.91 5.33307 194.604 9031.85 -18166
15 3116.97 5.11253 191.572 9018.52 -17310.4
16 3305.32 4.77476 186.825 8998.15 -16070.4
17 3494.09 4.26196 179.497 8967.44 -14352.3
18 3683.51 3.62847 168.385 8922.32 -12154.1
19 3873.89 3.30798 153.541 8873.86 -10032.6
20 4065.3 2.99596 138.99 8827.45 -8165.91
21 4257.73 2.69244 124.822 8783.01 -6536.27
22 4451.12 2.3967 111.09 8740.43 -5125.76
23 4645.46 2.10935 97.8439 8699.65 -3917.89
24 4840.71 1.82828 85.0414 8660.41 -2893.06
25 5036.84 1.42911 72.3411 8622.03 -2041.03
26 5233.85 2.22609 57.456 8590.66 -1491.57
27 5431.58 2.21971 55.4209 8590.38 -1483.05
28 5629.31 2.18886 54.6972 8589 -1441.96
29 5827.07 2.1475 54.0584 8587.16 -1387.82
30 6024.88 2.09491 53.18 8584.82 -1320.42
31 6222.74 2.03131 52.0192 8581.98 -1241.18
32 6420.67 1.95693 50.5861 8578.68 -1151.6
33 6618.67 1.87215 48.8863 8574.91 -1053.61
34 6816.76 1.77764 46.9257 8570.72 -949.581
35 7014.95 1.67458 44.7173 8566.15 -842.349
36 7213.24 1.56451 42.2844 8561.29 -734.914
37 7411.64 1.44906 39.6597 8556.19 -630.212
38 7610.17 1.33034 36.8837 8550.96 -530.901
39 7808.81 1.21021 34.0023 8545.68 -439.159
40 8007.58 1.09079 31.0645 8540.44 -356.579
41 8206.47 0.973878 28.1197 8535.31 -284.11
42 8405.47 0.861212 25.2163 8530.39 -222.084
43 8604.6 0.754288 22.3983 8525.72 -170.283
44 8803.83 0.654292 19.7047 8521.36 -128.056
45 9003.17 0.561943 17.1679 8517.34 -94.4406
46 9202.59 0.478037 14.8125 8513.69 -68.3027
47 9402.11 0.402664 12.656 8510.42 -48.4429
48 9601.7 0.335833 10.708 8507.52 -33.6926
49 9801.36 0.277397 8.9716 8504.99 -22.9812
50 10001.1 0.22689 7.44355 8502.8 -15.3734
51 10200.8 0.183846 6.11579 8500.94 -10.0871
52 10400.7 0.147484 4.97622 8499.37 -6.49211
53 10600.5 0.117255 4.00999 8498.06 -4.09901
54 10800.4 0.0922977 3.20034 8496.98 -2.53921
55 11000.3 0.0719041 2.52974 8496.1 -1.54344
56 11200.2 0.0556034 1.98067 8495.4 -0.920742
57 11400.2 0.0425304 1.53616 8494.83 -0.539096
58 11600.1 0.0322132 1.18015 8494.39 -0.30988
59 11800.1 0.0242583 0.898243 8494.04 -0.174878
60 12000.1 0.0180359 0.677269 8493.78 -0.0969138
61 12200 0.0133099 0.505923 8493.57 -0.0527598
62 12400 0.00976532 0.374479 8493.42 -0.0282143
63 12600 0.00708716 0.274579 8493.3 -0.0148278
64 12800 0.00503914 0.199458 8493.22 -0.00766101
65 13000 0.00362126 0.143585 8493.15 -0.00389139
66 13200 0.00251846 0.102345 8493.11 -0.00194479
67 13400 0.00180951 0.0722431 8493.08 -0.000956605
68 13600 0.0012581 0.0504324 8493.05 -0.000463901
69 13800 0.000864242 0.0348526 8493.04 -0.000221706
70 14000 0.000627924 0.0238187 8493.02 -0.000104263
71 14200 0.000391606 0.0159105 8493.02 -4.889e-05
72 14400 0.000312834 0.0106045 8493.01 -2.23655e-05
73 14600 0.000155296 0.00679885 8493.01 -1.01531e-05
74 14800 0.000155296 0.00405438 8493 -4.82229e-06
75 15000 7.63863e-05 0.00249092 8493 -2.19091e-06
76 15200 7.63863e-05 0.00118524 8493 -1.05601e-06
77 15400 7.63863e-05 0.000570597 8493 -5.09821e-07
78 15600 7.63863e-05 0.000276084 8493 -2.45596e-07
79 15800 7.63863e-05 0.00013331 8493 -1.18e-07
80 16000 7.63863e-05 6.4189e-05 8493 -5.65634e-08
81 16200 7.63863e-05 3.08329e-05 8493 -2.7047e-08
82 16400 7.63863e-05 1.47762e-05 8493 -1.29035e-08
83 16600 7.63863e-05 7.0645e-06 8493 -6.1421e-09
84 16800 7.63863e-05 3.36929e-06 8493 -2.91386e-09
85 17000 7.63863e-05 1.60292e-06 8493 -1.38079e-09
86 17200 7.63863e-05 7.60651e-07 8493 -6.51235e-10
87 17400 7.63863e-05 3.60032e-07 8493 -3.0705e-10
88 17600 7.63863e-05 1.69966e-07 8493 -1.44164e-10
89 17800 7.63863e-05 8.00257e-08 8493 -6.75572e-11
90 18000 7.63863e-05 3.75774e-08 8493 -3.15162e-11
91 18200 7.63863e-05 1.75969e-08 8493 -1.5289e-11
92 18400 7.63863e-05 8.21746e-09 8493 -6.55327e-12
93 18600 7.63863e-05 3.82659e-09 8493 -2.80854e-12
94 18800 7.63863e-05 1.77673e-09 8493 0
95 19000 7.63863e-05 8.22373e-10 8493 0
96 19200 7.63863e-05 3.79081e-10 8493 0
97 19400 7.63863e-05 1.73241e-10 8493 0
98 19600 7.63863e-05 7.67619e-11 8493 9.3424e-07
99 19800 7.63863e-05 2.90855e-11 8493 0.00130445
