NTS LL(mkm)  STRESS(GPa)   VEL(m / s)  DENS(kg/m3)  ENERGY(J) 
0 400.099 5.72262 200 9055.49 -19709.5
1 587.675 5.72254 199.952 9055.49 -19749.3
2 775.252 5.72246 199.905 9055.48 -19747.5
3 962.829 5.7223 199.857 9055.48 -19750.6
4 1150.41 5.72206 199.81 9055.47 -19753
5 1337.98 5.72174 199.763 9055.45 -19756.2
6 1525.56 5.72135 199.715 9055.43 -19754.9
7 1713.14 5.72087 199.667 9055.41 -19754.3
8 1900.72 5.72087 199.622 9055.38 -19752.5
9 2088.3 5.72003 199.574 9055.33 -19750.8
10 2275.88 5.71867 199.52 9055.26 -19746.3
11 2463.46 5.71745 199.464 9055.17 -19739.4
12 2651.04 5.71491 199.397 9055.01 -19728.7
13 2838.63 5.71077 199.313 9054.76 -19712.6
14 3026.22 5.70421 199.199 9054.37 -19685.2
15 3213.82 5.69392 199.037 9053.74 -19640.6
16 3401.43 5.67709 198.795 9052.73 -19571.4
17 3589.07 5.65099 198.424 9051.14 -19462.1
18 3776.74 5.61018 197.85 9048.64 -19290
19 3964.45 5.54585 196.962 9044.77 -19026.6
20 4152.25 5.44819 195.59 9038.81 -18626.3
21 4340.18 5.29829 193.482 9029.73 -18028.4
22 4528.29 5.07108 190.256 9016 -17154.4
23 4716.69 4.72903 185.333 8995.4 -15909.9
24 4905.52 4.21636 177.873 8964.7 -14208.1
25 5094.99 3.61441 166.688 8920.18 -12057.2
26 5285.41 3.30311 152.183 8873.13 -10002.1
27 5476.85 2.99962 138.043 8827.98 -8186.67
28 5669.26 2.70326 124.309 8784.62 -6592.51
29 5862.62 2.41343 110.994 8742.8 -5200.48
30 6056.9 2.12994 98.085 8702.58 -3999.67
31 6252.09 1.8505 85.4767 8663.5 -2969.32
32 6448.15 1.48084 72.7918 8625.84 -2115.65
33 6645.07 2.23808 58.1895 8591.2 -1507.91
34 6842.79 2.25226 55.9373 8591.83 -1527.26
35 7040.48 2.2398 55.3587 8591.28 -1510.37
36 7238.2 2.22196 55.0782 8590.48 -1486.31
37 7435.93 2.19806 54.7131 8589.41 -1454.32
38 7633.68 2.16783 54.1965 8588.06 -1414.49
39 7831.47 2.13106 53.528 8586.43 -1366.78
40 8029.29 2.08743 52.7042 8584.48 -1311.12
41 8227.16 2.03646 51.7149 8582.21 -1247.63
42 8425.08 1.97798 50.5502 8579.61 -1176.78
43 8623.06 1.91209 49.2036 8576.68 -1099.42
44 8821.11 1.83899 47.6731 8573.44 -1016.69
45 9019.24 1.75914 45.9622 8569.9 -930.027
46 9217.44 1.67318 44.0795 8566.09 -841.08
47 9415.73 1.58194 42.0387 8562.06 -751.604
48 9614.12 1.48643 39.8584 8557.84 -663.343
49 9812.61 1.38775 37.561 8553.49 -577.974
50 10011.2 1.28715 35.1728 8549.06 -496.976
51 10209.9 1.1857 32.722 8544.6 -421.579
52 10408.7 1.08475 30.2385 8540.17 -352.706
53 10607.6 0.985399 27.7527 8535.82 -290.962
54 10806.6 0.888816 25.2938 8531.59 -236.623
55 11005.7 0.795951 22.8897 8527.53 -189.671
56 11204.8 0.707515 20.5655 8523.68 -149.832
57 11404.1 0.624378 18.3434 8520.05 -116.633
58 11603.5 0.546862 16.2417 8516.68 -89.4553
59 11802.9 0.475444 14.2749 8513.58 -67.5982
60 12002.5 0.410289 12.4535 8510.75 -50.3252
61 12202 0.351482 10.7836 8508.2 -36.9104
62 12401.7 0.298791 9.26807 8505.91 -26.6691
63 12601.4 0.252066 7.90609 8503.89 -18.9834
64 12801.1 0.211153 6.69388 8502.12 -13.3121
65 13000.9 0.175504 5.62516 8500.58 -9.19688
66 13200.7 0.144807 4.69187 8499.25 -6.25991
67 13400.6 0.118594 3.88431 8498.12 -4.19803
68 13600.5 0.0963919 3.19181 8497.16 -2.77401
69 13800.4 0.0778098 2.60343 8496.36 -1.80622
70 14000.3 0.0622971 2.1077 8495.69 -1.15898
71 14200.2 0.0495396 1.69382 8495.14 -0.732914
72 14400.2 0.0391439 1.35127 8494.69 -0.456774
73 14600.1 0.030638 1.07011 8494.32 -0.280639
74 14800.1 0.0238644 0.841314 8494.03 -0.169951
75 15000.1 0.0184297 0.656579 8493.79 -0.101472
76 15200.1 0.0141763 0.508713 8493.61 -0.0597392
77 15400 0.0107893 0.391267 8493.46 -0.0346803
78 15600 0.00818994 0.298797 8493.35 -0.0198559
79 15800 0.00614192 0.226484 8493.26 -0.0112121
80 16000 0.00456651 0.17039 8493.2 -0.00624691
81 16200 0.00338494 0.127243 8493.14 -0.0034354
82 16400 0.00251846 0.094326 8493.11 -0.00186393
83 16600 0.00180951 0.0693407 8493.08 -0.000998366
84 16800 0.00133688 0.0505505 8493.06 -0.00052811
85 17000 0.000943014 0.0365044 8493.04 -0.000276085
86 17200 0.000706697 0.0260984 8493.03 -0.000142817
87 17400 0.000470379 0.0184885 8493.02 -7.2807e-05
88 17600 0.000391606 0.0128993 8493.01 -3.66143e-05
89 17800 0.000234061 0.0087257 8493.01 -1.84191e-05
90 18000 0.000155296 0.00590268 8493.01 -9.01359e-06
91 18200 0.000155296 0.00368678 8493 -4.52619e-06
92 18400 7.63863e-05 0.00231671 8493 -2.15658e-06
93 18600 7.63863e-05 0.00112927 8493 -1.07579e-06
94 18800 7.63863e-05 0.000562706 8493 -5.37581e-07
95 19000 7.63863e-05 0.000281564 8493 -2.68315e-07
96 19200 7.63863e-05 0.000140231 8493 -1.34204e-07
97 19400 7.63863e-05 6.90849e-05 8493 -6.81284e-08
98 19600 7.63863e-05 3.27768e-05 8493 8.97464e-07
99 19800 7.63863e-05 1.30697e-05 8493 0.00130504
