NTS LL(mkm)  STRESS(GPa)   VEL(m / s)  DENS(kg/m3)  ENERGY(J) 
0 202.061 5.67252 200 9052.45 -19497.9
1 389.701 5.67097 199.9 9052.35 -19530.8
2 577.343 5.66631 199.783 9052.07 -19510.4
3 764.991 5.6559 199.619 9051.46 -19471.5
4 952.651 5.63525 199.357 9050.19 -19387.5
5 1140.34 5.5955 198.894 9047.76 -19225.3
6 1328.08 5.52325 198.06 9043.36 -18926.4
7 1515.9 5.39757 196.572 9035.75 -18418.6
8 1703.89 5.1881 193.982 9023.09 -17597.5
9 1892.14 4.85112 189.609 9002.75 -16342
10 2080.82 4.32113 182.467 8970.96 -14538.2
11 2270.16 3.63289 171.196 8922.97 -12182.4
12 2460.52 3.28652 155.516 8870.67 -9897.38
13 2652.01 2.94928 139.94 8820.61 -7904.3
14 2844.58 2.62409 124.631 8773.13 -6195.23
15 3038.19 2.3128 109.693 8728.44 -4754.62
16 3232.8 2.01496 95.3011 8686.41 -3556.13
17 3428.35 1.72948 81.8315 8646.76 -2569.14
18 3624.79 1.2061 69.6024 8605.58 -1749.33
19 3822.17 2.18505 54.6011 8588.83 -1436.56
20 4019.94 2.12912 54.0911 8586.34 -1363.65
21 4217.77 2.04199 53.042 8582.46 -1253.97
22 4415.68 1.93431 51.1844 8577.67 -1124.67
23 4613.71 1.81003 48.7552 8572.15 -984.359
24 4811.86 1.6724 45.8898 8566.06 -839.855
25 5010.16 1.52474 42.66 8559.53 -697.725
26 5208.6 1.37125 39.142 8552.76 -563.957
27 5407.2 1.21608 35.4297 8545.94 -443.259
28 5605.96 1.06329 31.6266 8539.23 -338.661
29 5804.88 0.916495 27.8361 8532.8 -251.465
30 6003.95 0.778769 24.1527 8526.78 -181.442
31 6203.16 0.652251 20.6583 8521.27 -127.217
32 6402.49 0.538535 17.4171 8516.32 -86.6797
33 6601.95 0.43835 14.4748 8511.97 -57.3981
34 6801.5 0.351796 11.8584 8508.21 -36.9451
35 7001.14 0.278341 9.5772 8505.03 -23.1191
36 7200.86 0.217133 7.62584 8502.38 -14.0683
37 7400.64 0.167082 5.98715 8500.21 -8.32672
38 7600.47 0.126781 4.63537 8498.47 -4.79482
39 7800.34 0.0949747 3.53937 8497.1 -2.68705
40 8000.24 0.0701717 2.66575 8496.02 -1.46586
41 8200.17 0.0511146 1.98053 8495.2 -0.778723
42 8400.12 0.0367812 1.45182 8494.58 -0.402962
43 8600.08 0.0261486 1.05022 8494.13 -0.20317
44 8800.06 0.0183509 0.749624 8493.79 -0.0998559
45 9000.04 0.0126797 0.528088 8493.55 -0.0478632
46 9200.03 0.00866256 0.367256 8493.37 -0.0223802
47 9400.02 0.00582684 0.252031 8493.25 -0.0102187
48 9600.01 0.00393634 0.170803 8493.17 -0.00455667
49 9800.01 0.00259723 0.114174 8493.11 -0.0019877
50 10000 0.00165196 0.0753601 8493.07 -0.000848406
51 10200 0.00110056 0.0489764 8493.05 -0.000355834
52 10400 0.000706697 0.0314066 8493.03 -0.000146662
53 10600 0.000470379 0.0197743 8493.02 -5.96925e-05
54 10800 0.000312834 0.0121751 8493.01 -2.41746e-05
55 11000 0.000155296 0.00735854 8493.01 -9.65401e-06
56 11200 0.000155296 0.00420302 8493 -3.85506e-06
57 11400 7.63863e-05 0.00214149 8493 -1.74328e-06
58 11600 7.63863e-05 0.00098523 8493 -7.99179e-07
59 11800 7.63863e-05 0.000454388 8493 -3.63819e-07
60 12000 7.63863e-05 0.0002076 8493 -1.64862e-07
61 12200 7.63863e-05 9.43644e-05 8493 -7.44122e-08
62 12400 7.63863e-05 4.27281e-05 8493 -3.34549e-08
63 12600 7.63863e-05 1.92719e-05 8493 -1.49782e-08
64 12800 7.63863e-05 8.65691e-06 8493 -6.67687e-09
65 13000 7.63863e-05 3.87244e-06 8493 -2.96457e-09
66 13200 7.63863e-05 1.72488e-06 8493 -1.31058e-09
67 13400 7.63863e-05 7.64991e-07 8493 -5.76578e-10
68 13600 7.63863e-05 3.37789e-07 8493 -2.52208e-10
69 13800 7.63863e-05 1.48488e-07 8493 -1.10776e-10
70 14000 7.63863e-05 6.49768e-08 8493 -4.76643e-11
71 14200 7.63863e-05 2.83016e-08 8493 -2.0673e-11
72 14400 7.63863e-05 1.22691e-08 8493 -8.81474e-12
73 14600 7.63863e-05 5.29333e-09 8493 -3.82178e-12
74 14800 7.63863e-05 2.27261e-09 8493 -1.71633e-12
75 15000 7.63863e-05 9.70891e-10 8493 0
76 15200 7.63863e-05 4.12699e-10 8493 0
77 15400 7.63863e-05 1.74537e-10 8493 0
78 15600 7.63863e-05 7.34348e-11 8493 0
79 15800 7.63863e-05 3.07363e-11 8493 0
80 16000 7.63863e-05 1.27971e-11 8493 0
81 16200 7.63863e-05 5.29977e-12 8493 0
82 16400 7.63863e-05 2.18305e-12 8493 0
83 16600 7.63863e-05 8.94348e-13 8493 0
84 16800 7.63863e-05 3.64389e-13 8493 0
85 17000 7.63863e-05 1.47644e-13 8493 0
86 17200 7.63863e-05 5.94895e-14 8493 0
87 17400 7.63863e-05 2.38351e-14 8493 0
88 17600 7.63863e-05 9.49566e-15 8493 0
89 17800 7.63863e-05 3.7614e-15 8493 0
90 18000 7.63863e-05 1.48139e-15 8493 0
91 18200 7.63863e-05 5.8007e-16 8493 0
92 18400 7.63863e-05 2.25809e-16 8493 0
93 18600 7.63863e-05 8.7392e-17 8493 0
94 18800 7.63863e-05 3.36152e-17 8493 0
95 19000 7.63863e-05 1.28563e-17 8493 0
96 19200 7.63863e-05 4.88977e-18 8493 0
97 19400 7.63863e-05 1.83966e-18 8493 0
98 19600 7.63863e-05 6.77209e-19 8493 9.3424e-07
99 19800 7.63863e-05 2.1752e-19 8493 0.00130382
