NTS LL(mkm)  STRESS(GPa)   VEL(m / s)  DENS(kg/m3)  ENERGY(J) 
0 400.223 5.72262 200 9055.49 -19709.6
1 587.8 5.72254 199.952 9055.49 -19749.4
2 775.377 5.72246 199.905 9055.49 -19747.6
3 962.954 5.7223 199.857 9055.48 -19750.7
4 1150.53 5.72206 199.81 9055.47 -19753.1
5 1338.11 5.72182 199.763 9055.45 -19756.3
6 1525.69 5.72143 199.715 9055.43 -19755
7 1713.26 5.72087 199.667 9055.41 -19754.4
8 1900.84 5.72087 199.621 9055.38 -19752.6
9 2088.42 5.72011 199.574 9055.33 -19750.9
10 2276 5.71867 199.521 9055.27 -19746.4
11 2463.58 5.71753 199.464 9055.17 -19739.5
12 2651.17 5.71491 199.398 9055.01 -19728.9
13 2838.75 5.71085 199.314 9054.77 -19712.8
14 3026.34 5.70429 199.2 9054.37 -19685.5
15 3213.94 5.69408 199.039 9053.74 -19641.1
16 3401.56 5.67733 198.797 9052.74 -19572.2
17 3589.19 5.65139 198.428 9051.15 -19463.3
18 3776.86 5.61008 197.856 9048.67 -19291.8
19 3964.58 5.54673 196.971 9044.81 -19029.4
20 4152.37 5.44913 195.604 9038.88 -18630.5
21 4340.3 5.29999 193.504 9029.83 -18034.6
22 4528.41 5.07343 190.289 9016.15 -17163.6
23 4716.8 4.73231 185.384 8995.62 -15922.8
24 4905.63 4.22181 177.951 8965.03 -14225.4
25 5095.1 3.61706 166.81 8920.6 -12076.5
26 5285.51 3.30578 152.308 8873.54 -10019.2
27 5476.93 3.00231 138.166 8828.37 -8201.77
28 5669.34 2.70589 124.43 8785 -6605.7
29 5862.69 2.41589 111.112 8743.16 -5211.9
30 6056.97 2.13262 98.1978 8702.93 -4009.51
31 6252.14 1.85301 85.5768 8663.85 -2977.93
32 6448.2 1.48621 72.8708 8626.24 -2123.57
33 6645.11 2.23941 58.2761 8591.26 -1509.78
34 6842.82 2.25264 55.9815 8591.85 -1527.75
35 7040.52 2.23995 55.372 8591.28 -1510.6
36 7238.23 2.2222 55.0823 8590.49 -1486.61
37 7435.96 2.19837 54.7174 8589.43 -1454.74
38 7633.72 2.16822 54.2031 8588.08 -1415.02
39 7831.5 2.13161 53.5369 8586.45 -1367.42
40 8029.33 2.08805 52.7153 8584.51 -1311.88
41 8227.19 2.03716 51.7284 8582.24 -1248.5
42 8425.11 1.97884 50.5663 8579.65 -1177.76
43 8623.09 1.91302 49.2223 8576.73 -1100.49
44 8821.14 1.84008 47.6946 8573.49 -1017.84
45 9019.26 1.76032 45.9864 8569.95 -931.24
46 9217.47 1.67443 44.1063 8566.15 -842.33
47 9415.76 1.58327 42.068 8562.12 -752.867
48 9614.15 1.48784 39.8899 8557.9 -664.594
49 9812.63 1.38924 37.5945 8553.55 -579.188
50 10011.2 1.28863 35.2078 8549.12 -498.131
51 10209.9 1.18719 32.7582 8544.67 -422.657
52 10408.7 1.08624 30.2754 8540.24 -353.694
53 10607.6 0.986967 27.7899 8535.88 -291.85
54 10806.6 0.890306 25.3308 8531.66 -237.406
55 11005.7 0.797363 22.9261 8527.6 -190.349
56 11204.9 0.708927 20.6009 8523.74 -150.408
57 11404.1 0.625634 18.3774 8520.11 -117.114
58 11603.5 0.548119 16.2741 8516.74 -89.8495
59 11802.9 0.476623 14.3054 8513.63 -67.9157
60 12002.5 0.411311 12.4818 8510.79 -50.5764
61 12202 0.352346 10.8097 8508.24 -37.1057
62 12401.7 0.299578 9.2919 8505.95 -26.8183
63 12601.4 0.252853 7.92762 8503.92 -19.0955
64 12801.1 0.211782 6.7131 8502.15 -13.3949
65 13000.9 0.176055 5.64221 8500.6 -9.25696
66 13200.7 0.14528 4.70683 8499.27 -6.3028
67 13400.6 0.118987 3.8973 8498.14 -4.22816
68 13600.5 0.0967856 3.20301 8497.18 -2.79482
69 13800.4 0.0781248 2.61297 8496.37 -1.82038
70 14000.3 0.0626121 2.1158 8495.7 -1.16844
71 14200.2 0.0497758 1.70059 8495.15 -0.739142
72 14400.2 0.0393014 1.35689 8494.69 -0.460814
73 14600.1 0.0307955 1.07477 8494.33 -0.283212
74 14800.1 0.024022 0.845094 8494.03 -0.171569
75 15000.1 0.0185085 0.659657 8493.8 -0.102473
76 15200.1 0.0142551 0.511168 8493.61 -0.0603504
77 15400 0.0108681 0.393244 8493.47 -0.0350467
78 15600 0.00818994 0.300344 8493.35 -0.0200734
79 15800 0.00614192 0.227713 8493.26 -0.0113386
80 16000 0.00456651 0.171349 8493.2 -0.00631929
81 16200 0.00338494 0.127978 8493.15 -0.00347634
82 16400 0.00251846 0.0948773 8493.11 -0.00188703
83 16600 0.00180951 0.0697831 8493.08 -0.00101087
84 16800 0.00133688 0.0508636 8493.06 -0.000535005
85 17000 0.000943014 0.036756 8493.04 -0.000279694
86 17200 0.000706697 0.0262674 8493.03 -0.000144791
87 17400 0.000470379 0.0186347 8493.02 -7.37768e-05
88 17600 0.000391606 0.0129699 8493.01 -3.72111e-05
89 17800 0.000234061 0.00882323 8493.01 -1.86634e-05
90 18000 0.000155296 0.00594943 8493.01 -9.14029e-06
91 18200 0.000155296 0.00371171 8493 -4.60387e-06
92 18400 7.63863e-05 0.002351 8493 -2.19003e-06
93 18600 7.63863e-05 0.00114758 8493 -1.09179e-06
94 18800 7.63863e-05 0.00057112 8493 -5.45509e-07
95 19000 7.63863e-05 0.000285685 8493 -2.72299e-07
96 19200 7.63863e-05 0.0001423 8493 -1.3621e-07
97 19400 7.63863e-05 7.01118e-05 8493 -6.9152e-08
98 19600 7.63863e-05 3.32662e-05 8493 8.96909e-07
99 19800 7.63863e-05 1.32654e-05 8493 0.00130504
