NTS LL(mkm)  STRESS(GPa)   VEL(m / s)  DENS(kg/m3)  ENERGY(J) 
0 201.315 5.6722 200 9052.43 -19496.6
1 388.955 5.6705 199.9 9052.32 -19529.3
2 576.597 5.66568 199.78 9052.04 -19508.4
3 764.245 5.65563 199.615 9051.41 -19468.2
4 951.907 5.6341 199.347 9050.11 -19381.7
5 1139.6 5.59321 198.872 9047.61 -19214.9
6 1327.34 5.51844 198.015 9043.09 -18908.1
7 1515.17 5.38945 196.489 9035.28 -18387.5
8 1703.17 5.17529 193.835 9022.3 -17547.1
9 1891.43 4.82981 189.354 9001.46 -16265.1
10 2080.14 4.28732 182.029 8968.94 -14430.2
11 2269.52 3.6147 170.456 8920.22 -12057.4
12 2459.94 3.26868 154.733 8867.97 -9785.15
13 2651.49 2.93169 139.15 8817.99 -7805.39
14 2844.12 2.60671 123.851 8770.61 -6109.38
15 3037.79 2.29586 108.917 8726.03 -4681.65
16 3232.44 1.99895 94.485 8684.17 -3496.63
17 3428.04 1.715 80.9635 8644.76 -2523.2
18 3624.53 1.1734 68.9061 8603.16 -1710.56
19 3821.97 2.18396 54.2207 8588.78 -1435.06
20 4019.74 2.12522 54.106 8586.16 -1358.63
21 4217.57 2.03513 52.9939 8582.15 -1245.44
22 4415.49 1.92535 51.0425 8577.27 -1114.24
23 4613.53 1.7995 48.5553 8571.69 -972.913
24 4811.69 1.66053 45.6492 8565.53 -827.964
25 5010 1.51184 42.3845 8558.96 -685.94
26 5208.46 1.35764 38.8371 8552.16 -552.798
27 5407.07 1.20214 35.1032 8545.32 -433.142
28 5605.85 1.04942 31.2877 8538.62 -329.863
29 5804.78 0.903087 27.4939 8532.21 -244.112
30 6003.86 0.765979 23.8165 8526.23 -175.528
31 6203.08 0.640396 20.3359 8520.75 -122.633
32 6402.43 0.527772 17.115 8515.85 -83.2512
33 6601.89 0.42884 14.1981 8511.55 -54.9219
34 6801.46 0.343461 11.6101 8507.85 -35.2166
35 7001.11 0.271182 9.3589 8504.72 -21.952
36 7200.83 0.211153 7.43765 8502.12 -13.3054
37 7400.62 0.162203 5.82793 8500 -7.84348
38 7600.45 0.122845 4.50302 8498.3 -4.49817
39 7800.33 0.0917466 3.4313 8496.96 -2.51044
40 8000.23 0.0676519 2.57908 8495.92 -1.36377
41 8200.17 0.0492245 1.91212 8495.12 -0.721426
42 8400.12 0.0353635 1.39872 8494.52 -0.371707
43 8600.08 0.0250459 1.00956 8494.08 -0.186614
44 8800.05 0.0174845 0.719066 8493.75 -0.0913219
45 9000.04 0.0121284 0.505481 8493.52 -0.0435773
46 9200.02 0.00826871 0.350695 8493.35 -0.0202892
47 9400.02 0.00559053 0.240151 8493.24 -0.00922269
48 9600.01 0.00370003 0.16235 8493.16 -0.00409533
49 9800.01 0.00243968 0.108277 8493.1 -0.00177877
50 10000 0.00157319 0.0712709 8493.07 -0.000756532
51 10200 0.00102179 0.0462263 8493.04 -0.000315849
52 10400 0.000627924 0.0295448 8493.03 -0.000129724
53 10600 0.000391606 0.0185314 8493.02 -5.26922e-05
54 10800 0.000234061 0.0113956 8493.01 -2.11852e-05
55 11000 0.000155296 0.00675085 8493.01 -8.64646e-06
56 11200 7.63863e-05 0.00393867 8493 -3.38414e-06
57 11400 7.63863e-05 0.00190219 8493 -1.56396e-06
58 11600 7.63863e-05 0.000887016 8493 -7.1437e-07
59 11800 7.63863e-05 0.000406817 8493 -3.24527e-07
60 12000 7.63863e-05 0.000185359 8493 -1.46871e-07
61 12200 7.63863e-05 8.41438e-05 8493 -6.62146e-08
62 12400 7.63863e-05 3.80579e-05 8493 -2.97331e-08
63 12600 7.63863e-05 1.7145e-05 8493 -1.32948e-08
64 12800 7.63863e-05 7.69181e-06 8493 -5.9186e-09
65 13000 7.63863e-05 3.43626e-06 8493 -2.62452e-09
66 13200 7.63863e-05 1.52857e-06 8493 -1.15854e-09
67 13400 7.63863e-05 6.77008e-07 8493 -5.0902e-10
68 13600 7.63863e-05 2.98525e-07 8493 -2.22486e-10
69 13800 7.63863e-05 1.31042e-07 8493 -9.7436e-11
70 14000 7.63863e-05 5.7259e-08 8493 -4.18122e-11
71 14200 7.63863e-05 2.49028e-08 8493 -1.80976e-11
72 14400 7.63863e-05 1.07792e-08 8493 -7.87856e-12
73 14600 7.63863e-05 4.64323e-09 8493 -3.35368e-12
74 14800 7.63863e-05 1.9903e-09 8493 -1.24824e-12
75 15000 7.63863e-05 8.48892e-10 8493 0
76 15200 7.63863e-05 3.60237e-10 8493 0
77 15400 7.63863e-05 1.52089e-10 8493 0
78 15600 7.63863e-05 6.38789e-11 8493 0
79 15800 7.63863e-05 2.66892e-11 8493 0
80 16000 7.63863e-05 1.1092e-11 8493 0
81 16200 7.63863e-05 4.58517e-12 8493 0
82 16400 7.63863e-05 1.88515e-12 8493 0
83 16600 7.63863e-05 7.70836e-13 8493 0
84 16800 7.63863e-05 3.13457e-13 8493 0
85 17000 7.63863e-05 1.26757e-13 8493 0
86 17200 7.63863e-05 5.09712e-14 8493 0
87 17400 7.63863e-05 2.03806e-14 8493 0
88 17600 7.63863e-05 8.10265e-15 8493 0
89 17800 7.63863e-05 3.20287e-15 8493 0
90 18000 7.63863e-05 1.25874e-15 8493 0
91 18200 7.63863e-05 4.9182e-16 8493 0
92 18400 7.63863e-05 1.91037e-16 8493 0
93 18600 7.63863e-05 7.37679e-17 8493 0
94 18800 7.63863e-05 2.83148e-17 8493 0
95 19000 7.63863e-05 1.08087e-17 8493 0
96 19200 7.63863e-05 4.09525e-18 8493 0
97 19400 7.63863e-05 1.54105e-18 8493 0
98 19600 7.63863e-05 5.59898e-19 8493 9.3424e-07
99 19800 7.63863e-05 1.80194e-19 8493 0.00130382
