NTS LL(mkm)  STRESS(GPa)   VEL(m / s)  DENS(kg/m3)  ENERGY(J) 
0 302.516 5.70187 200 9054.24 -19622.2
1 490.118 5.70171 199.941 9054.23 -19661.9
2 677.721 5.70147 199.881 9054.22 -19659.5
3 865.324 5.70099 199.82 9054.2 -19661.6
4 1052.93 5.70091 199.757 9054.16 -19662.2
5 1240.53 5.69948 199.692 9054.09 -19661.5
6 1428.14 5.69751 199.615 9053.97 -19652.8
7 1615.75 5.69408 199.521 9053.74 -19638.5
8 1803.36 5.68744 199.397 9053.34 -19611.2
9 1990.98 5.67594 199.216 9052.64 -19564
10 2178.62 5.65566 198.934 9051.44 -19481.1
11 2366.28 5.62275 198.485 9049.43 -19342.2
12 2553.98 5.5685 197.759 9046.12 -19116.3
13 2741.75 5.4809 196.589 9040.79 -18757.8
14 2929.63 5.34208 194.717 9032.39 -18201.2
15 3117.69 5.12655 191.752 9019.36 -17363.2
16 3306.02 4.7959 187.109 8999.44 -16146.5
17 3494.76 4.29426 179.952 8969.38 -14455.4
18 3684.14 3.64539 169.114 8924.91 -12272.6
19 3874.46 3.32468 154.296 8876.38 -10138.7
20 4065.82 3.01224 139.743 8829.88 -8259.48
21 4258.19 2.70852 125.567 8785.34 -6617.78
22 4451.54 2.41244 111.825 8742.66 -5195.82
23 4645.83 2.12451 98.5511 8701.79 -3977.62
24 4841.03 1.84352 85.6723 8662.52 -2944.58
25 5037.11 1.46209 72.8289 8624.46 -2088.2
26 5234.06 2.23396 57.9779 8591.02 -1502.2
27 5431.78 2.22267 55.679 8590.51 -1486.99
28 5629.51 2.19128 54.7898 8589.11 -1445.12
29 5827.28 2.1507 54.1101 8587.3 -1391.93
30 6025.08 2.09912 53.2455 8585 -1325.72
31 6222.94 2.03653 52.1098 8582.21 -1247.53
32 6420.86 1.96309 50.7015 8578.95 -1158.87
33 6618.85 1.87924 49.0258 8575.22 -1061.64
34 6816.93 1.78561 47.0888 8571.07 -958.182
35 7015.11 1.68341 44.9032 8566.54 -851.286
36 7213.4 1.57405 42.4916 8561.71 -743.931
37 7411.79 1.45923 39.8859 8556.64 -639.056
38 7610.3 1.34082 37.1255 8551.42 -539.339
39 7808.94 1.22093 34.2559 8546.15 -446.995
40 8007.69 1.10152 31.3255 8540.91 -363.666
41 8206.57 0.984537 28.3838 8535.78 -290.356
42 8405.57 0.871564 25.479 8530.84 -227.452
43 8604.68 0.764175 22.6555 8526.15 -174.782
44 8803.9 0.663556 19.9526 8521.76 -131.735
45 9003.23 0.570662 17.4033 8517.72 -97.3786
46 9202.65 0.485974 15.0328 8514.03 -70.5937
47 9402.16 0.409817 12.8592 8510.73 -50.1882
48 9601.74 0.342281 10.8929 8507.8 -34.9918
49 9801.39 0.28306 9.13761 8505.23 -23.9268
50 10001.1 0.231846 7.59068 8503.01 -16.0464
51 10200.9 0.188017 6.24447 8501.12 -10.5556
52 10400.7 0.151104 5.08747 8499.52 -6.81125
53 10600.5 0.120247 4.10489 8498.19 -4.31181
54 10800.4 0.0947385 3.28035 8497.09 -2.67813
55 11000.3 0.0739514 2.59647 8496.19 -1.63224
56 11200.2 0.0572572 2.03564 8495.47 -0.976338
57 11400.2 0.0438693 1.5809 8494.89 -0.573216
58 11600.1 0.0333158 1.21621 8494.43 -0.330394
59 11800.1 0.0250459 0.926951 8494.08 -0.186973
60 12000.1 0.018666 0.699891 8493.8 -0.103907
61 12200 0.0137825 0.523584 8493.59 -0.0567231
62 12400 0.0100804 0.388057 8493.43 -0.0304227
63 12600 0.00732347 0.284988 8493.31 -0.0160331
64 12800 0.00527545 0.20734 8493.23 -0.00830612
65 13000 0.0037788 0.149449 8493.16 -0.0042316
66 13200 0.002676 0.10673 8493.11 -0.00212011
67 13400 0.00188828 0.0754393 8493.08 -0.00104568
68 13600 0.00133688 0.0527895 8493.05 -0.000507896
69 13800 0.000943014 0.0365275 8493.04 -0.00024322
70 14000 0.000627924 0.0249246 8493.03 -0.000115271
71 14200 0.000391606 0.0168627 8493.02 -5.36719e-05
72 14400 0.000312834 0.0110842 8493.01 -2.49664e-05
73 14600 0.000234061 0.00727785 8493.01 -1.12245e-05
74 14800 0.000155296 0.00431367 8493 -5.3582e-06
75 15000 7.63863e-05 0.00270363 8493 -2.41784e-06
76 15200 7.63863e-05 0.00130944 8493 -1.16471e-06
77 15400 7.63863e-05 0.000629787 8493 -5.6185e-07
78 15600 7.63863e-05 0.00030413 8493 -2.70765e-07
79 15800 7.63863e-05 0.000146877 8493 -1.30184e-07
80 16000 7.63863e-05 7.0774e-05 8493 -6.24455e-08
81 16200 7.63863e-05 3.40194e-05 8493 -2.98799e-08
82 16400 7.63863e-05 1.63139e-05 8493 -1.42643e-08
83 16600 7.63863e-05 7.80479e-06 8493 -6.79443e-09
84 16800 7.63863e-05 3.72489e-06 8493 -3.2259e-09
85 17000 7.63863e-05 1.77334e-06 8493 -1.52948e-09
86 17200 7.63863e-05 8.42121e-07 8493 -7.22067e-10
87 17400 7.63863e-05 3.98883e-07 8493 -3.40595e-10
88 17600 7.63863e-05 1.88447e-07 8493 -1.60077e-10
89 17800 7.63863e-05 8.87942e-08 8493 -7.52027e-11
90 18000 7.63863e-05 4.1727e-08 8493 -3.52609e-11
91 18200 7.63863e-05 1.95554e-08 8493 -1.63812e-11
92 18400 7.63863e-05 9.13939e-09 8493 -7.33342e-12
93 18600 7.63863e-05 4.25938e-09 8493 -3.74472e-12
94 18800 7.63863e-05 1.97933e-09 8493 0
95 19000 7.63863e-05 9.1692e-10 8493 0
96 19200 7.63863e-05 4.23024e-10 8493 0
97 19400 7.63863e-05 1.93487e-10 8493 0
98 19600 7.63863e-05 8.57994e-11 8493 9.3424e-07
99 19800 7.63863e-05 3.25291e-11 8493 0.00130445
