NTS LL(mkm)  STRESS(GPa)   VEL(m / s)  DENS(kg/m3)  ENERGY(J) 
0 159.984 5.65091 200 9051.13 -19407
1 347.651 5.641 199.824 9050.52 -19404.6
2 535.331 5.61579 199.539 9048.99 -19298
3 723.043 5.5622 198.991 9045.73 -19079
4 910.822 5.45839 197.905 9039.43 -18657.9
5 1098.73 5.27175 195.819 9028.12 -17918.9
6 1286.88 4.95409 192.019 9008.94 -16713.3
7 1475.42 4.43509 185.468 8977.79 -14907.1
8 1664.62 3.67304 174.718 8929.08 -12461.1
9 1854.86 3.3041 158.477 8873.29 -10006.8
10 2046.28 2.94481 142.078 8819.89 -7875.97
11 2238.87 2.59832 125.84 8769.39 -6067.02
12 2432.57 2.26858 109.938 8722.15 -4565.16
13 2627.31 1.95822 94.4087 8678.49 -3347.79
14 2823.04 1.65531 79.4286 8638.68 -2385.13
15 3019.67 1.07421 66.3851 8595.82 -1598.76
16 3217.27 2.15872 54.6052 8587.66 -1401.69
17 3415.07 2.03996 54.1269 8582.37 -1251.15
18 3612.99 1.89703 51.5386 8576.02 -1081.4
19 3811.05 1.73682 48.259 8568.91 -905.867
20 4009.28 1.5635 44.5272 8561.24 -733.577
21 4207.69 1.38298 40.4135 8553.28 -573.508
22 4406.28 1.2016 36.0455 8545.3 -432.629
23 4605.05 1.02545 31.5812 8537.57 -314.84
24 4804.01 0.859487 27.1766 8530.31 -221.029
25 5003.13 0.707593 22.9682 8523.68 -149.704
26 5202.41 0.572233 19.0646 8517.78 -97.8407
27 5401.83 0.454619 15.5429 8512.67 -61.7195
28 5601.37 0.354863 12.4475 8508.35 -37.5907
29 5801.01 0.272284 9.79367 8504.76 -22.1129
30 6000.73 0.20533 7.57167 8501.87 -12.5691
31 6200.52 0.152206 5.75324 8499.57 -6.90583
32 6400.37 0.110957 4.29713 8497.79 -3.66933
33 6600.26 0.0795421 3.15561 8496.43 -1.88631
34 6800.17 0.0561547 2.27884 8495.42 -0.938676
35 7000.12 0.0389864 1.61888 8494.68 -0.452319
36 7200.08 0.0266211 1.13133 8494.15 -0.211179
37 7400.05 0.0179571 0.777891 8493.77 -0.0955931
38 7600.03 0.0118921 0.526501 8493.51 -0.0419681
39 7800.02 0.00779609 0.350625 8493.33 -0.0178939
40 8000.01 0.00496036 0.229969 8493.21 -0.00741133
41 8200.01 0.00314863 0.148439 8493.14 -0.00298593
42 8400 0.00196705 0.0943 8493.08 -0.00117176
43 8600 0.0012581 0.0589472 8493.05 -0.000448925
44 8800 0.000785469 0.0361783 8493.03 -0.000168783
45 9000 0.000470379 0.0217408 8493.02 -6.2961e-05
46 9200 0.000312834 0.0128373 8493.01 -2.31406e-05
47 9400 0.000155296 0.00728618 8493.01 -8.69028e-06
48 9600 7.63863e-05 0.00402145 8493 -3.20403e-06
49 9800 7.63863e-05 0.00186059 8493 -1.42179e-06
50 10000 7.63863e-05 0.000832059 8493 -6.23976e-07
51 10200 7.63863e-05 0.000366673 8493 -2.7224e-07
52 10400 7.63863e-05 0.00016058 8493 -1.18172e-07
53 10600 7.63863e-05 6.99838e-05 8493 -5.10192e-08
54 10800 7.63863e-05 3.03388e-05 8493 -2.19025e-08
55 11000 7.63863e-05 1.30785e-05 8493 -9.34905e-09
56 11200 7.63863e-05 5.60574e-06 8493 -3.96778e-09
57 11400 7.63863e-05 2.38894e-06 8493 -1.67403e-09
58 11600 7.63863e-05 1.01214e-06 8493 -7.02565e-10
59 11800 7.63863e-05 4.26287e-07 8493 -2.92618e-10
60 12000 7.63863e-05 1.78461e-07 8493 -1.21463e-10
61 12200 7.63863e-05 7.42534e-08 8493 -4.98487e-11
62 12400 7.63863e-05 3.07028e-08 8493 -2.05941e-11
63 12600 7.63863e-05 1.26149e-08 8493 -8.19062e-12
64 12800 7.63863e-05 5.14985e-09 8493 -3.35368e-12
65 13000 7.63863e-05 2.08866e-09 8493 -1.24824e-12
66 13200 7.63863e-05 8.41521e-10 8493 0
67 13400 7.63863e-05 3.36786e-10 8493 0
68 13600 7.63863e-05 1.33875e-10 8493 0
69 13800 7.63863e-05 5.28536e-11 8493 0
70 14000 7.63863e-05 2.07227e-11 8493 0
71 14200 7.63863e-05 8.06841e-12 8493 0
72 14400 7.63863e-05 3.11942e-12 8493 0
73 14600 7.63863e-05 1.19751e-12 8493 0
74 14800 7.63863e-05 4.56434e-13 8493 0
75 15000 7.63863e-05 1.72724e-13 8493 0
76 15200 7.63863e-05 6.48902e-14 8493 0
77 15400 7.63863e-05 2.42013e-14 8493 0
78 15600 7.63863e-05 8.96014e-15 8493 0
79 15800 7.63863e-05 3.29298e-15 8493 0
80 16000 7.63863e-05 1.20128e-15 8493 0
81 16200 7.63863e-05 4.34988e-16 8493 0
82 16400 7.63863e-05 1.56335e-16 8493 0
83 16600 7.63863e-05 5.57753e-17 8493 0
84 16800 7.63863e-05 1.97472e-17 8493 0
85 17000 7.63863e-05 6.93258e-18 8493 0
86 17200 7.63863e-05 2.41574e-18 8493 0
87 17400 7.63863e-05 8.3191e-19 8493 0
88 17600 7.63863e-05 2.87969e-19 8493 0
89 17800 7.63863e-05 1.27986e-19 8493 0
90 18000 7.63863e-05 3.73291e-20 8493 0
91 18200 7.63863e-05 0 8493 0
92 18400 7.63863e-05 0 8493 0
93 18600 7.63863e-05 0 8493 0
94 18800 7.63863e-05 0 8493 0
95 19000 7.63863e-05 0 8493 0
96 19200 7.63863e-05 0 8493 0
97 19400 7.63863e-05 0 8493 0
98 19600 7.63863e-05 0 8493 9.3424e-07
99 19800 7.63863e-05 8.95439e-20 8493 0.00130356
