NTS LL(mkm)  STRESS(GPa)   VEL(m / s)  DENS(kg/m3)  ENERGY(J) 
0 300.897 5.70139 200 9054.22 -19620.6
1 488.501 5.70123 199.941 9054.21 -19660.2
2 676.104 5.70099 199.881 9054.2 -19657.9
3 863.707 5.70123 199.819 9054.18 -19659.9
4 1051.31 5.70035 199.758 9054.13 -19660.3
5 1238.92 5.69884 199.689 9054.06 -19659.4
6 1426.52 5.69671 199.612 9053.93 -19650.3
7 1614.13 5.69304 199.516 9053.69 -19635
8 1801.75 5.68635 199.387 9053.27 -19606.2
9 1989.37 5.67374 199.199 9052.53 -19556.2
10 2177.01 5.653 198.904 9051.26 -19468.7
11 2364.67 5.61824 198.431 9049.13 -19322.2
12 2552.38 5.56052 197.667 9045.65 -19084.5
13 2740.16 5.46855 196.435 9040.05 -18707.8
14 2928.06 5.32283 194.468 9031.21 -18124
15 3116.14 5.09628 191.357 9017.51 -17247.4
16 3304.51 4.74892 186.486 8996.6 -15979.7
17 3493.31 4.22319 178.958 8965.11 -14229.7
18 3682.78 3.60832 167.523 8919.28 -12016.2
19 3873.22 3.2884 152.655 8870.92 -9909.6
20 4064.7 2.97656 138.111 8824.62 -8057.48
21 4257.18 2.67355 123.954 8780.3 -6441.85
22 4450.64 2.37862 110.231 8737.84 -5044.76
23 4645.04 2.09163 97.0087 8697.18 -3849.19
24 4840.34 1.81079 84.2896 8657.99 -2834.23
25 5036.53 1.39055 71.7608 8619.19 -1987.26
26 5233.6 2.21815 56.8496 8590.31 -1480.94
27 5431.33 2.21706 55.1599 8590.26 -1479.46
28 5629.07 2.18622 54.6191 8588.88 -1438.46
29 5826.84 2.14376 54.0067 8586.99 -1382.92
30 6024.65 2.08992 53.1024 8584.59 -1314.11
31 6222.51 2.02523 51.9104 8581.71 -1233.65
32 6420.45 1.94968 50.4485 8578.35 -1143.02
33 6618.46 1.86372 48.721 8574.54 -1044.15
34 6816.56 1.7682 46.7328 8570.3 -939.482
35 7014.75 1.6642 44.4977 8565.69 -831.884
36 7213.05 1.55326 42.04 8560.79 -724.382
37 7411.47 1.43726 39.3936 8555.67 -619.909
38 7610.01 1.31805 36.5997 8550.42 -521.099
39 7808.66 1.19768 33.705 8545.13 -430.081
40 8007.44 1.07825 30.7588 8539.88 -348.39
41 8206.34 0.961493 27.8111 8534.77 -276.913
42 8405.37 0.849213 24.9097 8529.86 -215.917
43 8604.5 0.742831 22.0986 8525.22 -165.128
44 8803.75 0.643458 19.4163 8520.89 -123.851
45 9003.09 0.551968 16.8945 8516.9 -91.093
46 9202.53 0.468843 14.5571 8513.29 -65.7
47 9402.05 0.394331 12.4208 8510.06 -46.4659
48 9601.65 0.328441 10.4943 8507.2 -32.2251
49 9801.32 0.270946 8.78002 8504.71 -21.9163
50 10001 0.221303 7.27409 8502.56 -14.6178
51 10200.8 0.178967 5.96771 8500.73 -9.56257
52 10400.6 0.143391 4.84851 8499.19 -6.13592
53 10600.5 0.113791 3.90118 8497.91 -3.86224
54 10800.4 0.0893845 3.10875 8496.86 -2.3851
55 11000.3 0.0696205 2.4535 8496 -1.44524
56 11200.2 0.0537134 1.91799 8495.31 -0.859435
57 11400.2 0.0410341 1.48518 8494.77 -0.501596
58 11600.1 0.0310318 1.13917 8494.34 -0.287399
59 11800.1 0.0233131 0.865632 8494 -0.161666
60 12000.1 0.017327 0.651627 8493.74 -0.0892983
61 12200 0.0127585 0.485957 8493.55 -0.0484549
62 12400 0.00929271 0.359073 8493.4 -0.0258286
63 12600 0.00677208 0.262857 8493.29 -0.0135293
64 12800 0.00480282 0.190605 8493.21 -0.00696733
65 13000 0.00346371 0.13699 8493.15 -0.0035267
66 13200 0.00243968 0.0974347 8493.1 -0.00175718
67 13400 0.00173074 0.0686649 8493.07 -0.000861431
68 13600 0.00117933 0.0478256 8493.05 -0.000416515
69 13800 0.000785469 0.0329949 8493.03 -0.000198346
70 14000 0.000549152 0.0224138 8493.02 -9.34918e-05
71 14200 0.000391606 0.0149983 8493.01 -4.36998e-05
72 14400 0.000234061 0.00993249 8493.01 -2.00178e-05
73 14600 0.000155296 0.00633627 8493.01 -9.11438e-06
74 14800 0.000155296 0.00384939 8493 -4.18861e-06
75 15000 7.63863e-05 0.00221283 8493 -1.94807e-06
76 15200 7.63863e-05 0.00104947 8493 -9.43011e-07
77 15400 7.63863e-05 0.000509621 8493 -4.55315e-07
78 15600 7.63863e-05 0.000246801 8493 -2.19123e-07
79 15800 7.63863e-05 0.00011903 8493 -1.05191e-07
80 16000 7.63863e-05 5.72598e-05 8493 -5.03855e-08
81 16200 7.63863e-05 2.7484e-05 8493 -2.40743e-08
82 16400 7.63863e-05 1.31615e-05 8493 -1.14762e-08
83 16600 7.63863e-05 6.28762e-06 8493 -5.45842e-09
84 16800 7.63863e-05 2.99636e-06 8493 -2.58731e-09
85 17000 7.63863e-05 1.42433e-06 8493 -1.22493e-09
86 17200 7.63863e-05 6.75337e-07 8493 -5.77437e-10
87 17400 7.63863e-05 3.19378e-07 8493 -2.71789e-10
88 17600 7.63863e-05 1.50642e-07 8493 -1.27625e-10
89 17800 7.63863e-05 7.08645e-08 8493 -5.95997e-11
90 18000 7.63863e-05 3.32454e-08 8493 -2.79275e-11
91 18200 7.63863e-05 1.55539e-08 8493 -1.31046e-11
92 18400 7.63863e-05 7.2566e-09 8493 -6.55327e-12
93 18600 7.63863e-05 3.37591e-09 8493 -1.71633e-12
94 18800 7.63863e-05 1.56595e-09 8493 0
95 19000 7.63863e-05 7.24088e-10 8493 0
96 19200 7.63863e-05 3.33441e-10 8493 0
97 19400 7.63863e-05 1.52232e-10 8493 0
98 19600 7.63863e-05 6.73913e-11 8493 9.3424e-07
99 19800 7.63863e-05 2.55171e-11 8493 0.00130444
