NTS LL(mkm)  STRESS(GPa)   VEL(m / s)  DENS(kg/m3)  ENERGY(J) 
0 401.343 5.72286 200 9055.51 -19710.5
1 588.92 5.72286 199.953 9055.5 -19750.3
2 776.496 5.7227 199.905 9055.5 -19748.5
3 964.073 5.72254 199.858 9055.49 -19751.5
4 1151.65 5.72238 199.811 9055.48 -19754
5 1339.23 5.72206 199.764 9055.47 -19757.2
6 1526.8 5.72166 199.717 9055.45 -19755.9
7 1714.38 5.72119 199.669 9055.42 -19755.3
8 1901.96 5.72111 199.621 9055.39 -19753.5
9 2089.54 5.72035 199.575 9055.35 -19751.9
10 2277.12 5.71899 199.524 9055.28 -19747.5
11 2464.7 5.71748 199.466 9055.19 -19740.8
12 2652.28 5.71474 199.402 9055.03 -19730.5
13 2839.87 5.71107 199.319 9054.8 -19714.9
14 3027.46 5.70516 199.208 9054.42 -19688.5
15 3215.06 5.69513 199.051 9053.81 -19645.6
16 3402.67 5.67922 198.817 9052.84 -19579
17 3590.3 5.65388 198.46 9051.3 -19473.7
18 3777.97 5.61445 197.907 9048.9 -19307.9
19 3965.68 5.55284 197.052 9045.17 -19054
20 4153.47 5.45855 195.73 9039.43 -18667.6
21 4341.38 5.31409 193.697 9030.68 -18090
22 4529.47 5.09477 190.583 9017.44 -17244.5
23 4717.84 4.76488 185.832 8997.57 -16037.2
24 4906.63 4.27027 178.646 8967.93 -14378.5
25 5096.03 3.64232 167.903 8924.41 -12249.8
26 5286.37 3.33043 153.427 8877.21 -10173.9
27 5477.71 3.02626 139.274 8831.91 -8338.34
28 5670.04 2.7294 125.518 8788.39 -6725.11
29 5863.31 2.43862 112.173 8746.43 -5315.42
30 6057.52 2.15505 99.2032 8706.1 -4099.08
31 6252.62 1.87589 86.4665 8667.02 -3056.57
32 6448.61 1.53479 73.5727 8629.81 -2195.95
33 6645.44 2.25296 59.0562 8591.86 -1528.1
34 6843.13 2.25669 56.4088 8592.03 -1533.31
35 7040.83 2.24182 55.5229 8591.37 -1513.1
36 7238.54 2.22422 55.1314 8590.58 -1489.3
37 7436.27 2.20109 54.758 8589.55 -1458.4
38 7634.02 2.17181 54.261 8588.24 -1419.71
39 7831.8 2.13605 53.6152 8586.65 -1373.13
40 8029.62 2.09335 52.8139 8584.75 -1318.6
41 8227.48 2.04347 51.8484 8582.52 -1256.24
42 8425.4 1.98609 50.7091 8579.97 -1186.46
43 8623.37 1.92129 49.3891 8577.09 -1110.07
44 8821.41 1.84929 47.886 8573.9 -1028.15
45 9019.52 1.77054 46.2023 8570.4 -942.111
46 9217.72 1.68552 44.346 8566.64 -853.555
47 9416 1.59514 42.3301 8562.64 -764.223
48 9614.37 1.50035 40.1722 8558.45 -675.854
49 9812.84 1.4023 37.8943 8554.13 -590.134
50 10011.4 1.30201 35.5219 8549.71 -508.565
51 10210.1 1.20081 33.083 8545.26 -432.413
52 10408.9 1.09987 30.607 8540.83 -362.641
53 10607.7 1.00045 28.1242 8536.48 -299.903
54 10806.7 0.903558 25.6638 8532.23 -244.519
55 11005.8 0.81015 23.2539 8528.15 -196.518
56 11205 0.721171 20.92 8524.27 -155.66
57 11404.2 0.637255 18.6844 8520.62 -121.504
58 11603.6 0.558958 16.5664 8517.21 -93.4545
59 11803 0.486681 14.5806 8514.07 -70.8233
60 12002.5 0.420586 12.7383 8511.2 -52.8807
61 12202.1 0.36076 11.0462 8508.6 -38.9
62 12401.7 0.307207 9.50784 8506.28 -28.1916
63 12601.4 0.259618 8.12281 8504.22 -20.1287
64 12801.2 0.217762 6.8878 8502.4 -14.1591
65 13000.9 0.181328 5.79709 8500.83 -9.81273
66 13200.8 0.149845 4.84287 8499.47 -6.7003
67 13400.6 0.122924 4.01563 8498.3 -4.50782
68 13600.5 0.100092 3.30505 8497.32 -2.98836
69 13800.4 0.0808807 2.70011 8496.49 -1.95218
70 14000.3 0.0648958 2.18957 8495.8 -1.25677
71 14200.2 0.0516659 1.76252 8495.23 -0.797395
72 14400.2 0.0408766 1.40844 8494.76 -0.498625
73 14600.1 0.0321344 1.11726 8494.38 -0.30738
74 14800.1 0.0250459 0.879853 8494.08 -0.18678
75 15000.1 0.0193749 0.687825 8493.83 -0.111903
76 15200.1 0.0148852 0.533892 8493.64 -0.0661031
77 15400 0.0113407 0.4113 8493.49 -0.0385087
78 15600 0.00858379 0.314683 8493.37 -0.0221241
79 15800 0.006457 0.238949 8493.28 -0.0125364
80 16000 0.00488159 0.180124 8493.21 -0.00700816
81 16200 0.00362126 0.134768 8493.15 -0.00386637
82 16400 0.002676 0.100042 8493.11 -0.00210577
83 16600 0.00196705 0.0737396 8493.08 -0.00113153
84 16800 0.00141565 0.0538563 8493.06 -0.000600633
85 17000 0.00102179 0.0389864 8493.04 -0.000315025
86 17200 0.000706697 0.0279893 8493.03 -0.00016311
87 17400 0.000549152 0.0197925 8493.02 -8.37472e-05
88 17600 0.000391606 0.0138336 8493.01 -4.25443e-05
89 17800 0.000234061 0.00963038 8493.01 -2.10271e-05
90 18000 0.000155296 0.00640001 8493.01 -1.03355e-05
91 18200 0.000155296 0.00397189 8493 -5.29081e-06
92 18400 7.63863e-05 0.0026339 8493 -2.50826e-06
93 18600 7.63863e-05 0.00131776 8493 -1.24809e-06
94 18800 7.63863e-05 0.000653873 8493 -6.22626e-07
95 19000 7.63863e-05 0.000325935 8493 -3.10892e-07
96 19200 7.63863e-05 0.00016234 8493 -1.55635e-07
97 19400 7.63863e-05 8.00511e-05 8493 -7.90735e-08
98 19600 7.63863e-05 3.80063e-05 8493 8.91521e-07
99 19800 7.63863e-05 1.51614e-05 8493 0.00130505
