NTS LL(mkm)  STRESS(GPa)   VEL(m / s)  DENS(kg/m3)  ENERGY(J) 
0 200.692 5.67225 200 9052.41 -19495.6
1 388.333 5.67018 199.899 9052.31 -19528.1
2 575.975 5.6652 199.778 9052.02 -19506.6
3 763.624 5.65475 199.611 9051.37 -19465.4
4 951.286 5.63296 199.338 9050.03 -19376.7
5 1138.98 5.59108 198.852 9047.48 -19206.1
6 1326.72 5.51488 197.978 9042.86 -18892.5
7 1514.56 5.38322 196.418 9034.88 -18361
8 1702.56 5.16389 193.709 9021.62 -17504.2
9 1890.84 4.81129 189.138 9000.36 -16199.7
10 2079.57 4.25847 181.659 8967.22 -14338.6
11 2268.99 3.59962 169.83 8917.93 -11953.4
12 2459.46 3.25375 154.076 8865.73 -9692.07
13 2651.05 2.91703 138.49 8815.82 -7723.49
14 2843.73 2.59224 123.202 8768.5 -6038.3
15 3037.45 2.28167 108.277 8724.02 -4621.1
16 3232.15 1.98556 93.8113 8682.3 -3447.17
17 3427.79 1.70307 80.2125 8643.12 -2485.65
18 3624.32 1.14682 68.2623 8601.19 -1679.81
19 3821.8 2.18411 53.9708 8588.79 -1435.25
20 4019.57 2.12171 54.1662 8586.01 -1354.1
21 4217.4 2.02905 52.9479 8581.88 -1238.03
22 4415.33 1.9177 50.9154 8576.93 -1105.41
23 4613.38 1.79068 48.3842 8571.29 -963.306
24 4811.55 1.65061 45.4459 8565.09 -818.023
25 5009.87 1.50105 42.1525 8558.48 -676.122
26 5208.33 1.3463 38.5808 8551.66 -543.535
27 5406.96 1.19048 34.8293 8544.81 -424.776
28 5605.75 1.03783 31.004 8538.11 -322.615
29 5804.69 0.891874 27.2084 8531.72 -238.077
30 6003.79 0.755386 23.5364 8525.76 -170.692
31 6203.02 0.630581 20.0679 8520.33 -118.898
32 6402.38 0.518895 16.8646 8515.47 -80.4691
33 6601.85 0.420901 13.9691 8511.21 -52.9205
34 6801.42 0.33662 11.4051 8507.55 -33.8248
35 7001.08 0.265361 9.17904 8504.47 -21.0158
36 7200.81 0.206274 7.28287 8501.91 -12.6958
37 7400.6 0.15811 5.69725 8499.83 -7.45895
38 7600.44 0.119538 4.39464 8498.16 -4.26307
39 7800.32 0.089227 3.34306 8496.85 -2.37099
40 8000.23 0.0656045 2.50837 8495.83 -1.28351
41 8200.16 0.0476495 1.85646 8495.05 -0.676563
42 8400.11 0.0341821 1.35557 8494.47 -0.347347
43 8600.08 0.0241795 0.976681 8494.04 -0.173751
44 8800.05 0.0168544 0.694345 8493.73 -0.0847218
45 9000.03 0.0116558 0.487211 8493.5 -0.0402812
46 9200.02 0.00795363 0.337383 8493.34 -0.0186869
47 9400.02 0.00535422 0.230622 8493.23 -0.00846194
48 9600.01 0.00354249 0.155568 8493.15 -0.0037448
49 9800.01 0.00236091 0.103556 8493.1 -0.00162092
50 10000 0.00149442 0.0680182 8493.06 -0.000687254
51 10200 0.000943014 0.0440472 8493.04 -0.000285698
52 10400 0.000627924 0.0280259 8493.03 -0.000117372
53 10600 0.000391606 0.0175454 8493.02 -4.76948e-05
54 10800 0.000234061 0.0107486 8493.01 -1.92449e-05
55 11000 0.000155296 0.00634415 8493.01 -7.86806e-06
56 11200 7.63863e-05 0.00368371 8493 -3.10667e-06
57 11400 7.63863e-05 0.00175485 8493 -1.42688e-06
58 11600 7.63863e-05 0.000810928 8493 -6.49964e-07
59 11800 7.63863e-05 0.000370462 8493 -2.94918e-07
60 12000 7.63863e-05 0.000168565 8493 -1.33352e-07
61 12200 7.63863e-05 7.64579e-05 8493 -6.00615e-08
62 12400 7.63863e-05 3.455e-05 8493 -2.6942e-08
63 12600 7.63863e-05 1.55487e-05 8493 -1.20338e-08
64 12800 7.63863e-05 6.9682e-06 8493 -5.35131e-09
65 13000 7.63863e-05 3.1096e-06 8493 -2.3702e-09
66 13200 7.63863e-05 1.38172e-06 8493 -1.04519e-09
67 13400 7.63863e-05 6.11271e-07 8493 -4.58704e-10
68 13600 7.63863e-05 2.69224e-07 8493 -2.00252e-10
69 13800 7.63863e-05 1.18039e-07 8493 -8.74501e-11
70 14000 7.63863e-05 5.15142e-08 8493 -3.75224e-11
71 14200 7.63863e-05 2.23761e-08 8493 -1.63812e-11
72 14400 7.63863e-05 9.67304e-09 8493 -7.09841e-12
73 14600 7.63863e-05 4.16126e-09 8493 -2.96457e-12
74 14800 7.63863e-05 1.78131e-09 8493 -8.57203e-13
75 15000 7.63863e-05 7.58705e-10 8493 0
76 15200 7.63863e-05 3.21512e-10 8493 0
77 15400 7.63863e-05 1.35545e-10 8493 0
78 15600 7.63863e-05 5.68469e-11 8493 0
79 15800 7.63863e-05 2.37158e-11 8493 0
80 16000 7.63863e-05 9.84129e-12 8493 0
81 16200 7.63863e-05 4.06186e-12 8493 0
82 16400 7.63863e-05 1.66737e-12 8493 0
83 16600 7.63863e-05 6.80693e-13 8493 0
84 16800 7.63863e-05 2.7635e-13 8493 0
85 17000 7.63863e-05 1.11567e-13 8493 0
86 17200 7.63863e-05 4.47874e-14 8493 0
87 17400 7.63863e-05 1.78774e-14 8493 0
88 17600 7.63863e-05 7.09514e-15 8493 0
89 17800 7.63863e-05 2.79967e-15 8493 0
90 18000 7.63863e-05 1.09832e-15 8493 0
91 18200 7.63863e-05 4.28354e-16 8493 0
92 18400 7.63863e-05 1.66087e-16 8493 0
93 18600 7.63863e-05 6.4015e-17 8493 0
94 18800 7.63863e-05 2.45182e-17 8493 0
95 19000 7.63863e-05 9.34763e-18 8493 0
96 19200 7.63863e-05 3.53536e-18 8493 0
97 19400 7.63863e-05 1.32776e-18 8493 0
98 19600 7.63863e-05 4.79913e-19 8493 9.3424e-07
99 19800 7.63863e-05 1.53532e-19 8493 0.00130381
