NTS LL(mkm)  STRESS(GPa)   VEL(m / s)  DENS(kg/m3)  ENERGY(J) 
0 420.76 5.72616 200 9055.72 -19725.5
1 608.332 5.72616 199.955 9055.72 -19765.3
2 795.904 5.726 199.911 9055.71 -19763.4
3 983.476 5.72585 199.866 9055.7 -19766.5
4 1171.05 5.72561 199.822 9055.69 -19768.8
5 1358.62 5.72592 199.778 9055.68 -19772
6 1546.19 5.72555 199.736 9055.66 -19770.7
7 1733.77 5.72507 199.692 9055.64 -19770.2
8 1921.34 5.72452 199.648 9055.61 -19768.7
9 2108.92 5.72372 199.603 9055.57 -19767.5
10 2296.49 5.72326 199.558 9055.52 -19764.4
11 2484.07 5.7219 199.511 9055.46 -19759.7
12 2671.64 5.72067 199.456 9055.36 -19753.4
13 2859.22 5.71828 199.397 9055.22 -19744.7
14 3046.81 5.71483 199.322 9055 -19729.5
15 3234.39 5.7087 199.223 9054.66 -19705.1
16 3421.99 5.70019 199.082 9054.12 -19668.3
17 3609.59 5.68643 198.874 9053.28 -19610.1
18 3797.21 5.66429 198.561 9051.95 -19517.4
19 3984.86 5.63025 198.08 9049.87 -19374.8
20 4172.56 5.57728 197.34 9046.66 -19155
21 4360.32 5.49636 196.198 9041.73 -18821.2
22 4548.18 5.37222 194.445 9034.22 -18322.5
23 4736.2 5.18446 191.767 9022.87 -17587.2
24 4924.45 4.90148 187.717 9005.79 -16527.6
25 5113.07 4.47568 181.64 8980.23 -15045.6
26 5302.21 3.83777 172.528 8942.16 -13076.7
27 5492.17 3.44666 158.683 8894.73 -10925.6
28 5683.14 3.14084 144.459 8848.91 -9008.55
29 5875.09 2.84169 130.628 8804.81 -7316.36
30 6068.01 2.5506 117.13 8762.49 -5837.7
31 6261.86 2.26491 103.927 8721.64 -4552.04
32 6456.61 1.9879 91.0336 8682.62 -3456.21
33 6652.25 1.71192 78.8122 8644.34 -2513.34
34 6848.75 1.1603 67.7191 8602.19 -1695.95
35 7046.21 2.23458 53.2957 8591.04 -1503.23
36 7243.92 2.25584 55.6154 8591.99 -1532.12
37 7441.62 2.24026 55.472 8591.29 -1510.97
38 7639.33 2.22103 55.125 8590.44 -1485.07
39 7837.06 2.19751 54.6939 8589.39 -1453.64
40 8034.82 2.16861 54.172 8588.1 -1415.57
41 8232.6 2.13371 53.5296 8586.54 -1370.22
42 8430.43 2.09234 52.7459 8584.7 -1317.38
43 8628.29 2.04417 51.8076 8582.55 -1257.15
44 8826.2 1.98898 50.7052 8580.1 -1189.92
45 9024.17 1.92675 49.4326 8577.33 -1116.37
46 9222.21 1.85763 47.9871 8574.27 -1037.48
47 9420.31 1.78209 46.371 8570.91 -954.513
48 9618.49 1.70051 44.5905 8567.3 -868.892
49 9816.76 1.61374 42.6569 8563.46 -782.196
50 10015.1 1.52255 40.5854 8559.43 -696.035
51 10213.6 1.42787 38.3956 8555.26 -611.973
52 10412.1 1.33089 36.1099 8550.98 -531.447
53 10610.7 1.2326 33.7536 8546.66 -455.69
54 10809.5 1.13426 31.3537 8542.34 -385.692
55 11008.3 1.03681 28.9376 8538.07 -322.154
56 11207.3 0.941347 26.5329 8533.89 -265.484
57 11406.3 0.848899 24.1659 8529.85 -215.82
58 11605.5 0.760251 21.8613 8525.98 -173.044
59 11804.7 0.676195 19.641 8522.31 -136.827
60 12004 0.597129 17.5242 8518.87 -106.683
61 12203.4 0.523687 15.5264 8515.67 -82.0141
62 12402.9 0.455955 13.6598 8512.73 -62.1628
63 12602.4 0.394174 11.9327 8510.05 -46.4504
64 12802 0.338428 10.3502 8507.63 -34.2188
65 13001.6 0.288409 8.91374 8505.46 -24.8509
66 13201.4 0.244041 7.62194 8503.54 -17.7919
67 13401.1 0.205094 6.47098 8501.86 -12.5578
68 13600.9 0.171096 5.45468 8500.39 -8.73819
69 13800.7 0.141737 4.56524 8499.12 -5.99459
70 14000.6 0.116547 3.79378 8498.03 -4.05457
71 14200.5 0.0952109 3.13022 8497.11 -2.70395
72 14400.4 0.0771799 2.56453 8496.33 -1.77809
73 14600.3 0.0621396 2.08614 8495.68 -1.15291
74 14800.2 0.0496971 1.68522 8495.14 -0.737242
75 15000.2 0.0394589 1.35171 8494.7 -0.46492
76 15200.1 0.0311105 1.07659 8494.34 -0.289186
77 15400.1 0.0244158 0.851525 8494.05 -0.177423
78 15600.1 0.0189811 0.668799 8493.82 -0.107383
79 15800.1 0.0146489 0.521688 8493.63 -0.0641311
80 16000 0.0112619 0.404118 8493.48 -0.0377821
81 16200 0.00858379 0.310821 8493.37 -0.0219652
82 16400 0.00653577 0.237414 8493.28 -0.0126038
83 16600 0.00488159 0.180096 8493.21 -0.00713763
84 16800 0.00362126 0.135578 8493.16 -0.00399088
85 17000 0.00275477 0.101341 8493.12 -0.00220375
86 17200 0.00204582 0.0752052 8493.09 -0.00120163
87 17400 0.00149442 0.0553122 8493.06 -0.00064774
88 17600 0.00110056 0.0404019 8493.04 -0.000344742
89 17800 0.000785469 0.029201 8493.03 -0.000181506
90 18000 0.000549152 0.0208835 8493.02 -9.44355e-05
91 18200 0.000391606 0.0147462 8493.02 -4.85428e-05
92 18400 0.000312834 0.010258 8493.01 -2.46703e-05
93 18600 0.000234061 0.00694674 8493.01 -1.24212e-05
94 18800 0.000155296 0.00451605 8493 -6.24974e-06
95 19000 7.63863e-05 0.00298085 8493 -2.99471e-06
96 19200 7.63863e-05 0.00154632 8493 -1.51743e-06
97 19400 7.63863e-05 0.000772758 8493 -7.7862e-07
98 19600 7.63863e-05 0.000369137 8493 5.08625e-07
99 19800 7.63863e-05 0.000147976 8493 0.00130492
