NTS LL(mkm)  STRESS(GPa)   VEL(m / s)  DENS(kg/m3)  ENERGY(J) 
0 300.773 5.70131 200 9054.21 -19620.5
1 488.376 5.70123 199.941 9054.21 -19660.1
2 675.979 5.70091 199.88 9054.2 -19657.7
3 863.583 5.70115 199.819 9054.17 -19659.8
4 1051.19 5.70035 199.758 9054.13 -19660.2
5 1238.79 5.69884 199.689 9054.06 -19659.2
6 1426.4 5.69663 199.611 9053.93 -19650.1
7 1614.01 5.69296 199.516 9053.69 -19634.8
8 1801.62 5.68619 199.387 9053.27 -19605.8
9 1989.24 5.67358 199.197 9052.52 -19555.6
10 2176.88 5.65268 198.902 9051.25 -19467.7
11 2364.55 5.61776 198.427 9049.11 -19320.7
12 2552.26 5.56023 197.659 9045.61 -19082
13 2740.04 5.46727 196.423 9039.99 -18703.8
14 2927.94 5.32091 194.448 9031.12 -18117.9
15 3116.02 5.09381 191.325 9017.37 -17238.3
16 3304.39 4.74534 186.437 8996.38 -15966.6
17 3493.2 4.21749 178.881 8964.77 -14212
18 3682.67 3.60534 167.398 8918.85 -11996.6
19 3873.12 3.28568 152.529 8870.5 -9892.1
20 4064.61 2.97411 137.986 8824.22 -8042.05
21 4257.11 2.67085 123.83 8779.91 -6428.42
22 4450.57 2.37614 110.108 8737.47 -5033.24
23 4644.97 2.08925 96.8885 8696.83 -3839.46
24 4840.29 1.80833 84.1807 8657.64 -2825.94
25 5036.48 1.38504 71.6768 8618.79 -1979.69
26 5233.57 2.21714 56.763 8590.27 -1479.59
27 5431.3 2.21675 55.1267 8590.25 -1479.04
28 5629.04 2.18583 54.6106 8588.87 -1437.97
29 5826.8 2.14322 53.9998 8586.97 -1382.21
30 6024.62 2.08922 53.0911 8584.56 -1313.2
31 6222.48 2.0243 51.8945 8581.67 -1232.56
32 6420.42 1.94859 50.4286 8578.31 -1141.79
33 6618.43 1.86255 48.6971 8574.48 -1042.79
34 6816.53 1.76679 46.705 8570.24 -938.034
35 7014.72 1.66271 44.4661 8565.63 -830.385
36 7213.03 1.5517 42.0049 8560.72 -722.876
37 7411.45 1.43554 39.3554 8555.59 -618.439
38 7609.98 1.31625 36.559 8550.34 -519.703
39 7808.64 1.19588 33.6624 8545.05 -428.79
40 8007.42 1.07645 30.7151 8539.81 -347.227
41 8206.33 0.959769 27.7669 8534.69 -275.893
42 8405.35 0.847487 24.8658 8529.79 -215.044
43 8604.49 0.741183 22.0559 8525.14 -164.4
44 8803.73 0.641888 19.3752 8520.82 -123.258
45 9003.08 0.550554 16.8556 8516.84 -90.6218
46 9202.52 0.467507 14.5208 8513.23 -65.3343
47 9402.05 0.393152 12.3873 8510.01 -46.1886
48 9601.65 0.327419 10.4639 8507.15 -32.0196
49 9801.31 0.270002 8.75284 8504.67 -21.7675
50 10001 0.220516 7.25008 8502.52 -14.5123
51 10200.8 0.178337 5.94675 8500.7 -9.48954
52 10400.6 0.14284 4.83044 8499.16 -6.08641
53 10600.5 0.113319 3.88581 8497.89 -3.82939
54 10800.4 0.0889908 3.0958 8496.84 -2.36378
55 11000.3 0.0693055 2.44277 8495.99 -1.43166
56 11200.2 0.0533984 1.90914 8495.3 -0.850983
57 11400.2 0.0407978 1.47801 8494.76 -0.496434
58 11600.1 0.0308742 1.1334 8494.33 -0.284311
59 11800.1 0.0231556 0.861056 8494 -0.159855
60 12000.1 0.0171695 0.648012 8493.74 -0.0882587
61 12200 0.0126797 0.483175 8493.55 -0.0478669
62 12400 0.00921394 0.356901 8493.4 -0.0255047
63 12600 0.00669331 0.261232 8493.29 -0.0133525
64 12800 0.00480282 0.189366 8493.21 -0.00687325
65 13000 0.00338494 0.136057 8493.15 -0.00347781
66 13200 0.00243968 0.0967744 8493.1 -0.00173153
67 13400 0.00165196 0.0681413 8493.07 -0.000848871
68 13600 0.00117933 0.0474782 8493.05 -0.000410123
69 13800 0.000785469 0.0327249 8493.03 -0.000195314
70 14000 0.000549152 0.022235 8493.02 -9.20051e-05
71 14200 0.000391606 0.0148722 8493.01 -4.29747e-05
72 14400 0.000234061 0.00983099 8493.01 -1.97111e-05
73 14600 0.000155296 0.00627476 8493.01 -8.97396e-06
74 14800 0.000155296 0.00382606 8493 -4.0949e-06
75 15000 7.63863e-05 0.00216858 8493 -1.91588e-06
76 15200 7.63863e-05 0.00103157 8493 -9.2804e-07
77 15400 7.63863e-05 0.000501626 8493 -4.48016e-07
78 15600 7.63863e-05 0.000242881 8493 -2.15575e-07
79 15800 7.63863e-05 0.000117115 8493 -1.03476e-07
80 16000 7.63863e-05 5.63315e-05 8493 -4.95589e-08
81 16200 7.63863e-05 2.70357e-05 8493 -2.36767e-08
82 16400 7.63863e-05 1.29455e-05 8493 -1.12854e-08
83 16600 7.63863e-05 6.18372e-06 8493 -5.36699e-09
84 16800 7.63863e-05 2.9465e-06 8493 -2.54362e-09
85 17000 7.63863e-05 1.40047e-06 8493 -1.20418e-09
86 17200 7.63863e-05 6.63942e-07 8493 -5.67607e-10
87 17400 7.63863e-05 3.13951e-07 8493 -2.67108e-10
88 17600 7.63863e-05 1.48064e-07 8493 -1.25441e-10
89 17800 7.63863e-05 6.96426e-08 8493 -5.85075e-11
90 18000 7.63863e-05 3.2668e-08 8493 -2.74594e-11
91 18200 7.63863e-05 1.52817e-08 8493 -1.27945e-11
92 18400 7.63863e-05 7.12865e-09 8493 -6.55327e-12
93 18600 7.63863e-05 3.31592e-09 8493 -1.5603e-12
94 18800 7.63863e-05 1.53791e-09 8493 0
95 19000 7.63863e-05 7.11022e-10 8493 0
96 19200 7.63863e-05 3.27376e-10 8493 0
97 19400 7.63863e-05 1.49442e-10 8493 0
98 19600 7.63863e-05 6.61475e-11 8493 9.3424e-07
99 19800 7.63863e-05 2.50437e-11 8493 0.00130444
