NTS LL(mkm)  STRESS(GPa)   VEL(m / s)  DENS(kg/m3)  ENERGY(J) 
0 199.945 5.67185 200 9052.4 -19494.3
1 387.586 5.6697 199.898 9052.28 -19526.6
2 575.229 5.66516 199.777 9051.99 -19504.5
3 762.879 5.6542 199.606 9051.32 -19462
4 950.542 5.63113 199.327 9049.95 -19370.6
5 1138.23 5.58841 198.829 9047.32 -19195.2
6 1325.98 5.51025 197.93 9042.58 -18873.4
7 1513.82 5.3747 196.33 9034.38 -18328.6
8 1701.84 5.15032 193.555 9020.8 -17451.8
9 1890.14 4.78861 188.873 8999.01 -16119.8
10 2078.89 4.22295 181.209 8965.1 -14227
11 2268.36 3.58126 169.07 8915.17 -11828.9
12 2458.89 3.23559 153.282 8863.04 -9580.93
13 2650.54 2.89911 137.695 8813.21 -7625.85
14 2843.27 2.57483 122.425 8765.98 -5953.62
15 3037.04 2.26461 107.519 8721.59 -4548.75
16 3231.8 1.96939 93.0176 8680.03 -3387.81
17 3427.49 1.68878 79.2835 8641.16 -2441.23
18 3624.06 1.11617 67.364 8598.93 -1645.21
19 3821.6 2.18528 53.8376 8588.84 -1436.79
20 4019.37 2.11696 54.2528 8585.8 -1348.08
21 4217.21 2.02149 52.8788 8581.55 -1228.77
22 4415.14 1.90842 50.7516 8576.52 -1094.67
23 4613.2 1.77991 48.1738 8570.82 -951.706
24 4811.38 1.6385 45.1988 8564.56 -806.06
25 5009.71 1.488 41.871 8557.91 -664.348
26 5208.19 1.33253 38.2706 8551.06 -532.466
27 5406.83 1.17654 34.4987 8544.2 -414.817
28 5605.64 1.02396 30.6623 8537.51 -314.02
29 5804.59 0.878387 26.8651 8531.14 -230.947
30 6003.7 0.742674 23.2006 8525.21 -165.001
31 6202.94 0.618881 19.7473 8519.82 -114.52
32 6402.31 0.508367 16.5655 8515.01 -77.2196
33 6601.8 0.411547 13.6962 8510.8 -50.5917
34 6801.38 0.328441 11.1614 8507.2 -32.2116
35 7001.04 0.258438 8.96563 8504.17 -19.935
36 7200.78 0.200529 7.09966 8501.66 -11.9948
37 7400.58 0.153387 5.54283 8499.62 -7.01856
38 7600.42 0.11576 4.26692 8497.99 -3.99486
39 7800.3 0.0861562 3.23924 8496.72 -2.21256
40 8000.22 0.0632421 2.42536 8495.73 -1.19271
41 8200.15 0.0458381 1.79126 8494.98 -0.626019
42 8400.11 0.0327645 1.3052 8494.41 -0.319998
43 8600.07 0.0231556 0.938311 8494 -0.159373
44 8800.05 0.0161455 0.665586 8493.69 -0.0773733
45 9000.03 0.0111044 0.465997 8493.48 -0.036626
46 9200.02 0.00755978 0.321976 8493.32 -0.0169154
47 9400.01 0.00503914 0.219558 8493.22 -0.00762713
48 9600.01 0.00338494 0.147776 8493.14 -0.00336053
49 9800.01 0.00220337 0.0981046 8493.09 -0.00144902
50 10000 0.00141565 0.064304 8493.06 -0.0006117
51 10200 0.000943014 0.0415073 8493.04 -0.000253464
52 10400 0.000627924 0.0264019 8493.02 -0.000103228
53 10600 0.000391606 0.0163807 8493.01 -4.20173e-05
54 10800 0.000234061 0.00999122 8493.01 -1.70523e-05
55 11000 0.000155296 0.00587423 8493 -6.98936e-06
56 11200 7.63863e-05 0.00338544 8493 -2.79352e-06
57 11400 7.63863e-05 0.00158512 8493 -1.27548e-06
58 11600 7.63863e-05 0.000725905 8493 -5.79831e-07
59 11800 7.63863e-05 0.000330718 8493 -2.62848e-07
60 12000 7.63863e-05 0.00015036 8493 -1.18729e-07
61 12200 7.63863e-05 6.81396e-05 8493 -5.341e-08
62 12400 7.63863e-05 3.07549e-05 8493 -2.39278e-08
63 12600 7.63863e-05 1.38232e-05 8493 -1.06735e-08
64 12800 7.63863e-05 6.18688e-06 8493 -4.73994e-09
65 13000 7.63863e-05 2.7573e-06 8493 -2.0967e-09
66 13200 7.63863e-05 1.22353e-06 8493 -9.23178e-10
67 13400 7.63863e-05 5.40543e-07 8493 -4.04719e-10
68 13600 7.63863e-05 2.37738e-07 8493 -1.76304e-10
69 13800 7.63863e-05 1.04083e-07 8493 -7.6919e-11
70 14000 7.63863e-05 4.53563e-08 8493 -3.29204e-11
71 14200 7.63863e-05 1.96714e-08 8493 -1.42758e-11
72 14400 7.63863e-05 8.49055e-09 8493 -6.16223e-12
73 14600 7.63863e-05 3.64674e-09 8493 -2.96457e-12
74 14800 7.63863e-05 1.55851e-09 8493 -3.89112e-13
75 15000 7.63863e-05 6.62702e-10 8493 0
76 15200 7.63863e-05 2.80352e-10 8493 0
77 15400 7.63863e-05 1.17987e-10 8493 0
78 15600 7.63863e-05 4.93956e-11 8493 0
79 15800 7.63863e-05 2.05701e-11 8493 0
80 16000 7.63863e-05 8.52023e-12 8493 0
81 16200 7.63863e-05 3.51003e-12 8493 0
82 16400 7.63863e-05 1.43811e-12 8493 0
83 16600 7.63863e-05 5.85961e-13 8493 0
84 16800 7.63863e-05 2.37422e-13 8493 0
85 17000 7.63863e-05 9.56588e-14 8493 0
86 17200 7.63863e-05 3.83233e-14 8493 0
87 17400 7.63863e-05 1.52656e-14 8493 0
88 17600 7.63863e-05 6.04584e-15 8493 0
89 17800 7.63863e-05 2.38056e-15 8493 0
90 18000 7.63863e-05 9.31875e-16 8493 0
91 18200 7.63863e-05 3.62649e-16 8493 0
92 18400 7.63863e-05 1.403e-16 8493 0
93 18600 7.63863e-05 5.39529e-17 8493 0
94 18800 7.63863e-05 2.06203e-17 8493 0
95 19000 7.63863e-05 7.83858e-18 8493 0
96 19200 7.63863e-05 2.95413e-18 8493 0
97 19400 7.63863e-05 1.11447e-18 8493 0
98 19600 7.63863e-05 4.10593e-19 8493 9.3424e-07
99 19800 7.63863e-05 1.21538e-19 8493 0.00130381
