NTS LL(mkm)  STRESS(GPa)   VEL(m / s)  DENS(kg/m3)  ENERGY(J) 
0 302.018 5.70171 200 9054.23 -19621.8
1 489.621 5.70155 199.941 9054.23 -19661.4
2 677.223 5.70131 199.881 9054.21 -19659
3 864.827 5.70083 199.82 9054.19 -19661.1
4 1052.43 5.70075 199.758 9054.15 -19661.6
5 1240.03 5.69932 199.692 9054.08 -19660.9
6 1427.64 5.69727 199.614 9053.96 -19652.1
7 1615.25 5.69376 199.52 9053.73 -19637.4
8 1802.86 5.68696 199.394 9053.32 -19609.7
9 1990.48 5.67534 199.211 9052.61 -19561.7
10 2178.12 5.65523 198.925 9051.39 -19477.4
11 2365.78 5.62143 198.468 9049.34 -19336.1
12 2553.49 5.56615 197.731 9045.98 -19106.7
13 2741.26 5.47693 196.543 9040.57 -18742.7
14 2929.15 5.33635 194.642 9032.03 -18177.8
15 3117.21 5.11726 191.632 9018.8 -17328.1
16 3305.55 4.78192 186.92 8998.58 -16095.9
17 3494.31 4.27296 179.649 8968.09 -14386.9
18 3683.72 3.63429 168.629 8923.18 -12193.5
19 3874.08 3.31354 153.793 8874.7 -10067.9
20 4065.48 3.00158 139.242 8828.26 -8197.04
21 4257.88 2.6978 125.07 8783.79 -6563.38
22 4451.26 2.40197 111.336 8741.17 -5149.04
23 4645.58 2.11441 98.0805 8700.36 -3937.71
24 4840.81 1.83331 85.2531 8661.11 -2910.12
25 5036.93 1.44008 72.5046 8622.84 -2056.65
26 5233.92 2.22858 57.6297 8590.78 -1494.96
27 5431.64 2.22064 55.5038 8590.42 -1484.28
28 5629.38 2.18964 54.7255 8589.04 -1442.99
29 5827.14 2.14859 54.0748 8587.21 -1389.19
30 6024.95 2.09631 53.2019 8584.88 -1322.2
31 6222.81 2.0331 52.0497 8582.06 -1243.31
32 6420.73 1.95904 50.6248 8578.77 -1154.04
33 6618.73 1.87449 48.933 8575.01 -1056.29
34 6816.82 1.7803 46.9803 8570.84 -952.454
35 7015 1.67755 44.7795 8566.28 -845.332
36 7213.29 1.56772 42.3537 8561.43 -737.921
37 7411.69 1.4525 39.7353 8556.34 -633.158
38 7610.21 1.33386 36.9645 8551.11 -533.71
39 7808.85 1.21381 34.087 8545.84 -441.766
40 8007.62 1.09439 31.1516 8540.59 -358.934
41 8206.5 0.977405 28.2078 8535.47 -286.185
42 8405.51 0.864663 25.3039 8530.54 -223.865
43 8604.63 0.757584 22.484 8525.86 -171.775
44 8803.86 0.657354 19.7873 8521.49 -129.274
45 9003.19 0.56485 17.2463 8517.46 -95.4128
46 9202.61 0.48063 14.8858 8513.8 -69.0602
47 9402.12 0.405022 12.7236 8510.52 -49.0195
48 9601.71 0.337956 10.7694 8507.61 -34.1214
49 9801.37 0.279284 9.02676 8505.07 -23.293
50 10001.1 0.228542 7.4924 8502.87 -15.5951
51 10200.9 0.185263 6.15849 8501 -10.2413
52 10400.7 0.148664 5.01312 8499.42 -6.59705
53 10600.5 0.1182 4.04144 8498.1 -4.16893
54 10800.4 0.0930851 3.22687 8497.02 -2.58481
55 11000.3 0.0726128 2.55186 8496.13 -1.57255
56 11200.2 0.0560759 1.99885 8495.42 -0.93896
57 11400.2 0.0429242 1.55097 8494.85 -0.550267
58 11600.1 0.032607 1.19209 8494.4 -0.316589
59 11800.1 0.0244945 0.907731 8494.06 -0.17883
60 12000.1 0.0182722 0.684759 8493.79 -0.0991944
61 12200 0.0134674 0.511744 8493.58 -0.0540522
62 12400 0.00984409 0.37897 8493.42 -0.028933
63 12600 0.00716593 0.278007 8493.31 -0.01522
64 12800 0.00511791 0.202066 8493.22 -0.00787025
65 13000 0.00370003 0.14552 8493.16 -0.00400145
66 13200 0.00259723 0.103781 8493.11 -0.00200161
67 13400 0.00180951 0.0732836 8493.08 -0.000985694
68 13600 0.0012581 0.0512042 8493.05 -0.000478364
69 13800 0.000864242 0.0354095 8493.04 -0.000228757
70 14000 0.000627924 0.0241787 8493.02 -0.00010791
71 14200 0.000391606 0.0162349 8493.02 -5.04382e-05
72 14400 0.000312834 0.0107538 8493.01 -2.32346e-05
73 14600 0.000155296 0.0069748 8493.01 -1.04715e-05
74 14800 0.000155296 0.00412566 8493 -5.00008e-06
75 15000 7.63863e-05 0.00256342 8493 -2.26489e-06
76 15200 7.63863e-05 0.00122614 8493 -1.09103e-06
77 15400 7.63863e-05 0.000589648 8493 -5.26586e-07
78 15600 7.63863e-05 0.000285109 8493 -2.53717e-07
79 15800 7.63863e-05 0.000137687 8493 -1.21932e-07
80 16000 7.63863e-05 6.63146e-05 8493 -5.84611e-08
81 16200 7.63863e-05 3.18611e-05 8493 -2.79606e-08
82 16400 7.63863e-05 1.52723e-05 8493 -1.33423e-08
83 16600 7.63863e-05 7.30326e-06 8493 -6.35242e-09
84 16800 7.63863e-05 3.48395e-06 8493 -3.01434e-09
85 17000 7.63863e-05 1.65786e-06 8493 -1.42869e-09
86 17200 7.63863e-05 7.86909e-07 8493 -6.7417e-10
87 17400 7.63863e-05 3.72551e-07 8493 -3.17816e-10
88 17600 7.63863e-05 1.7592e-07 8493 -1.49313e-10
89 17800 7.63863e-05 8.28498e-08 8493 -6.98977e-11
90 18000 7.63863e-05 3.89135e-08 8493 -3.27644e-11
91 18200 7.63863e-05 1.82274e-08 8493 -1.57571e-11
92 18400 7.63863e-05 8.51417e-09 8493 -6.7093e-12
93 18600 7.63863e-05 3.96584e-09 8493 -3.1206e-12
94 18800 7.63863e-05 1.8419e-09 8493 0
95 19000 7.63863e-05 8.52776e-10 8493 0
96 19200 7.63863e-05 3.93208e-10 8493 0
97 19400 7.63863e-05 1.79748e-10 8493 0
98 19600 7.63863e-05 7.96657e-11 8493 9.3424e-07
99 19800 7.63863e-05 3.01917e-11 8493 0.00130445
