NTS LL(mkm)  STRESS(GPa)   VEL(m / s)  DENS(kg/m3)  ENERGY(J) 
0 421.133 5.72624 200 9055.73 -19725.8
1 608.705 5.72624 199.955 9055.72 -19765.6
2 796.277 5.72608 199.911 9055.72 -19763.7
3 983.849 5.72593 199.866 9055.71 -19766.7
4 1171.42 5.72569 199.822 9055.7 -19769.1
5 1358.99 5.726 199.778 9055.68 -19772.3
6 1546.57 5.72563 199.736 9055.66 -19771
7 1734.14 5.72515 199.693 9055.64 -19770.5
8 1921.71 5.7246 199.649 9055.61 -19769
9 2109.29 5.7238 199.604 9055.57 -19767.8
10 2296.86 5.72334 199.558 9055.53 -19764.7
11 2484.44 5.72198 199.512 9055.46 -19760.1
12 2672.02 5.72083 199.457 9055.37 -19753.8
13 2859.6 5.71844 199.399 9055.23 -19745.2
14 3047.18 5.71499 199.324 9055.01 -19730.2
15 3234.76 5.70894 199.226 9054.68 -19706
16 3422.36 5.70051 199.085 9054.14 -19669.6
17 3609.96 5.68656 198.88 9053.3 -19612.1
18 3797.59 5.66516 198.57 9051.99 -19520.4
19 3985.23 5.63089 198.094 9049.94 -19379.3
20 4172.93 5.57885 197.362 9046.76 -19162
21 4360.68 5.49829 196.232 9041.88 -18831.8
22 4548.54 5.37629 194.499 9034.46 -18338.2
23 4736.56 5.19051 191.852 9023.23 -17610.2
24 4924.8 4.91044 187.848 9006.33 -16560.1
25 5113.4 4.48916 181.838 8981.03 -15090.3
26 5302.54 3.85789 172.809 8943.37 -13134.9
27 5492.47 3.45481 159.08 8895.96 -10979.6
28 5683.41 3.14875 144.83 8850.1 -9056.36
29 5875.34 2.8496 130.986 8805.96 -7358.58
30 6068.23 2.55835 117.476 8763.6 -5874.75
31 6262.05 2.27255 104.269 8722.72 -4584.15
32 6456.79 1.9951 91.3981 8683.63 -3482.9
33 6652.39 1.71852 79.2117 8645.26 -2534.32
34 6848.87 1.17628 68.024 8603.37 -1714.56
35 7046.31 2.23045 53.4041 8590.86 -1497.71
36 7244.03 2.25599 55.5788 8592 -1532.43
37 7441.72 2.24081 55.4704 8591.32 -1511.81
38 7639.43 2.22181 55.1383 8590.47 -1486.12
39 7837.17 2.19844 54.7116 8589.43 -1454.9
40 8034.92 2.16978 54.193 8588.15 -1417.09
41 8232.7 2.13519 53.5554 8586.61 -1372.05
42 8430.52 2.09405 52.7776 8584.78 -1319.53
43 8628.39 2.04612 51.846 8582.64 -1259.62
44 8826.3 1.99124 50.7507 8580.2 -1192.7
45 9024.26 1.92932 49.4856 8577.45 -1119.43
46 9222.3 1.8606 48.0479 8574.4 -1040.78
47 9420.4 1.78529 46.4394 8571.06 -957.995
48 9618.58 1.70402 44.6665 8567.46 -872.502
49 9816.84 1.61749 42.7399 8563.63 -785.867
50 10015.2 1.52653 40.6751 8559.61 -699.698
51 10213.6 1.43202 38.491 8555.44 -615.56
52 10412.2 1.33519 36.2102 8551.17 -534.895
53 10610.8 1.23698 33.8577 8546.85 -458.944
54 10809.6 1.13864 31.4604 8542.53 -388.707
55 11008.4 1.04119 29.0457 8538.26 -324.898
56 11207.3 0.945737 26.6411 8534.08 -267.938
57 11406.4 0.853134 24.2731 8530.03 -217.975
58 11605.5 0.764332 21.9662 8526.16 -174.904
59 11804.7 0.680042 19.7427 8522.48 -138.405
60 12004 0.60082 17.6216 8519.03 -107.998
61 12203.4 0.527065 15.6188 8515.82 -83.0924
62 12402.9 0.459177 13.7466 8512.87 -63.0319
63 12602.4 0.397083 12.0135 8510.18 -47.1392
64 12802 0.341023 10.4245 8507.74 -34.7557
65 13001.7 0.290769 8.98159 8505.57 -25.2625
66 13201.4 0.246166 7.68325 8503.64 -18.1024
67 13401.1 0.206903 6.52582 8501.94 -12.7882
68 13600.9 0.172749 5.50333 8500.46 -8.90654
69 13800.7 0.143154 4.60804 8499.18 -6.1156
70 14000.6 0.117806 3.83111 8498.08 -4.14018
71 14200.5 0.0962345 3.1624 8497.15 -2.7636
72 14400.4 0.078046 2.59211 8496.37 -1.81901
73 14600.3 0.0629271 2.10959 8495.71 -1.18053
74 14800.2 0.0503271 1.70493 8495.17 -0.755624
75 15000.2 0.0400102 1.36816 8494.72 -0.476969
76 15200.1 0.0315831 1.09023 8494.36 -0.296963
77 15400.1 0.0247308 0.862698 8494.07 -0.182374
78 15600.1 0.0192174 0.677958 8493.83 -0.110483
79 15800.1 0.0148852 0.529069 8493.64 -0.0660464
80 16000 0.0114195 0.410026 8493.49 -0.0389497
81 16200 0.00874133 0.315529 8493.37 -0.0226667
82 16400 0.00661454 0.241152 8493.28 -0.0130184
83 16600 0.00496036 0.182993 8493.21 -0.00738074
84 16800 0.00370003 0.137873 8493.16 -0.00413031
85 17000 0.00275477 0.103074 8493.12 -0.00228346
86 17200 0.00204582 0.0765389 8493.09 -0.00124668
87 17400 0.00149442 0.0563589 8493.06 -0.000672464
88 17600 0.00110056 0.0411665 8493.05 -0.000358389
89 17800 0.000785469 0.0298026 8493.03 -0.00018875
90 18000 0.000549152 0.0213365 8493.02 -9.81802e-05
91 18200 0.000391606 0.0150654 8493.02 -5.05018e-05
92 18400 0.000312834 0.0104516 8493.01 -2.58135e-05
93 18600 0.000234061 0.007112 8493.01 -1.30465e-05
94 18800 0.000155296 0.00467977 8493 -6.51762e-06
95 19000 7.63863e-05 0.00307742 8493 -3.11672e-06
96 19200 7.63863e-05 0.00160511 8493 -1.58346e-06
97 19400 7.63863e-05 0.000805743 8493 -8.13204e-07
98 19600 7.63863e-05 0.000385476 8493 4.89649e-07
99 19800 7.63863e-05 0.000154542 8493 0.00130491
