NTS LL(mkm)  STRESS(GPa)   VEL(m / s)  DENS(kg/m3)  ENERGY(J) 
0 400.97 5.72278 200 9055.5 -19710.2
1 588.547 5.72278 199.953 9055.5 -19750
2 776.123 5.72262 199.905 9055.49 -19748.2
3 963.7 5.72246 199.858 9055.49 -19751.2
4 1151.28 5.72222 199.811 9055.48 -19753.7
5 1338.85 5.72198 199.763 9055.46 -19756.9
6 1526.43 5.72159 199.716 9055.44 -19755.6
7 1714.01 5.72103 199.669 9055.42 -19755
8 1901.59 5.72103 199.621 9055.39 -19753.2
9 2089.17 5.72027 199.575 9055.34 -19751.5
10 2276.75 5.71891 199.523 9055.28 -19747.2
11 2464.33 5.7174 199.465 9055.18 -19740.4
12 2651.91 5.71458 199.4 9055.03 -19729.9
13 2839.5 5.71125 199.317 9054.79 -19714.3
14 3027.09 5.70485 199.206 9054.4 -19687.5
15 3214.69 5.69473 199.047 9053.79 -19644.1
16 3402.3 5.67869 198.811 9052.81 -19576.7
17 3589.93 5.65284 198.449 9051.25 -19470.3
18 3777.6 5.6131 197.89 9048.83 -19302.6
19 3965.31 5.5509 197.025 9045.05 -19045.9
20 4153.11 5.45503 195.688 9039.25 -18655.4
21 4341.02 5.30914 193.634 9030.4 -18071.7
22 4529.12 5.08749 190.486 9017.01 -17217.7
23 4717.49 4.75404 185.684 8996.93 -15999.4
24 4906.29 4.25445 178.416 8966.97 -14327.9
25 5095.72 3.63397 167.541 8923.14 -12191.9
26 5286.08 3.32205 153.055 8875.98 -10122.2
27 5477.45 3.01831 138.905 8830.73 -8292.67
28 5669.8 2.72161 125.155 8787.26 -6685.16
29 5863.1 2.4312 111.82 8745.34 -5280.76
30 6057.33 2.14756 98.8696 8705.04 -4069.03
31 6252.46 1.86825 86.1722 8665.96 -3030.12
32 6448.47 1.51859 73.3403 8628.62 -2171.61
33 6645.33 2.24821 58.796 8591.65 -1521.7
34 6843.03 2.25521 56.2606 8591.96 -1531.23
35 7040.73 2.24112 55.4666 8591.34 -1512.18
36 7238.44 2.22352 55.1123 8590.55 -1488.39
37 7436.17 2.20016 54.744 8589.51 -1457.19
38 7633.92 2.17064 54.2419 8588.19 -1418.16
39 7831.7 2.13457 53.5894 8586.58 -1371.24
40 8029.52 2.09156 52.7813 8584.67 -1316.38
41 8227.39 2.04137 51.8087 8582.43 -1253.67
42 8425.3 1.98368 50.6618 8579.86 -1183.58
43 8623.28 1.91856 49.3338 8576.97 -1106.89
44 8821.32 1.84624 47.8225 8573.76 -1024.72
45 9019.44 1.76711 46.1307 8570.25 -938.496
46 9217.63 1.68185 44.2665 8566.47 -849.819
47 9415.92 1.59124 42.2431 8562.47 -760.44
48 9614.3 1.49621 40.0784 8558.27 -672.1
49 9812.77 1.39792 37.7946 8553.94 -586.482
50 10011.3 1.29755 35.4175 8549.52 -505.08
51 10210 1.19627 32.9749 8545.07 -429.152
52 10408.8 1.09533 30.4966 8540.64 -359.648
53 10607.7 0.995901 28.0128 8536.28 -297.206
54 10806.7 0.899088 25.5528 8532.04 -242.135
55 11005.8 0.805914 23.1446 8527.97 -194.448
56 11204.9 0.71709 20.8135 8524.09 -153.896
57 11404.2 0.633408 18.5819 8520.45 -120.028
58 11603.6 0.555345 16.4687 8517.05 -92.2415
59 11803 0.483302 14.4886 8513.92 -69.844
60 12002.5 0.417521 12.6525 8511.06 -52.1039
61 12202.1 0.358008 10.9671 8508.48 -38.2946
62 12401.7 0.304612 9.43556 8506.17 -27.7278
63 12601.4 0.257337 8.05745 8504.12 -19.7793
64 12801.2 0.215716 6.82925 8502.32 -13.9004
65 13000.9 0.179517 5.74517 8500.75 -9.62444
66 13200.7 0.148271 4.79723 8499.4 -6.5655
67 13400.6 0.121585 3.97592 8498.25 -4.41288
68 13600.5 0.0989901 3.27079 8497.27 -2.92258
69 13800.4 0.0799358 2.67082 8496.45 -1.90734
70 14000.3 0.0641083 2.16476 8495.77 -1.2267
71 14200.2 0.0510359 1.7417 8495.2 -0.777539
72 14400.2 0.0403253 1.3911 8494.74 -0.48572
73 14600.1 0.0316618 1.10295 8494.36 -0.299122
74 14800.1 0.0246521 0.868126 8494.06 -0.18158
75 15000.1 0.0190598 0.678335 8493.82 -0.108675
76 15200.1 0.0146489 0.526227 8493.63 -0.0641315
77 15400 0.0111832 0.405214 8493.48 -0.0373203
78 15600 0.00850502 0.309847 8493.36 -0.0214188
79 15800 0.00637823 0.235126 8493.27 -0.0121253
80 16000 0.00480282 0.177186 8493.2 -0.00677042
81 16200 0.00354249 0.132445 8493.15 -0.00373232
82 16400 0.00259723 0.0982994 8493.11 -0.00203047
83 16600 0.00188828 0.0723952 8493.08 -0.00109004
84 16800 0.00141565 0.0528714 8493.06 -0.000577678
85 17000 0.00102179 0.0382142 8493.04 -0.000302774
86 17200 0.000706697 0.0273918 8493.03 -0.000156835
87 17400 0.000549152 0.0194334 8493.02 -8.01601e-05
88 17600 0.000391606 0.0135029 8493.01 -4.07501e-05
89 17800 0.000234061 0.00936904 8493.01 -2.02096e-05
90 18000 0.000155296 0.00624507 8493.01 -9.92627e-06
91 18200 0.000155296 0.00387892 8493 -5.06275e-06
92 18400 7.63863e-05 0.00254352 8493 -2.39913e-06
93 18600 7.63863e-05 0.00126032 8493 -1.19355e-06
94 18800 7.63863e-05 0.000624962 8493 -5.95719e-07
95 19000 7.63863e-05 0.000311859 8493 -2.97457e-07
96 19200 7.63863e-05 0.000155362 8493 -1.48875e-07
97 19400 7.63863e-05 7.65936e-05 8493 -7.56198e-08
98 19600 7.63863e-05 3.63569e-05 8493 8.93397e-07
99 19800 7.63863e-05 1.45015e-05 8493 0.00130505
