NTS LL(mkm)  STRESS(GPa)   VEL(m / s)  DENS(kg/m3)  ENERGY(J) 
0 200.568 5.67217 200 9052.41 -19495.4
1 388.208 5.6701 199.899 9052.3 -19527.8
2 575.851 5.66564 199.778 9052.01 -19506.3
3 763.5 5.65459 199.611 9051.36 -19464.8
4 951.162 5.63265 199.336 9050.02 -19375.7
5 1138.85 5.59052 198.849 9047.46 -19204.3
6 1326.6 5.51392 197.97 9042.81 -18889.3
7 1514.44 5.38194 196.404 9034.79 -18355.7
8 1702.44 5.16185 193.684 9021.49 -17495.5
9 1890.73 4.80764 189.094 9000.14 -16186.5
10 2079.46 4.25248 181.584 8966.87 -14320.2
11 2268.89 3.59657 169.704 8917.47 -11932.6
12 2459.37 3.25071 153.944 8865.28 -9673.51
13 2650.97 2.91379 138.357 8815.38 -7707.17
14 2843.65 2.58937 123.073 8768.08 -6024.14
15 3037.38 2.27885 108.15 8723.61 -4609.02
16 3232.09 1.98285 93.6777 8681.92 -3437.28
17 3427.74 1.70068 80.0594 8642.8 -2478.21
18 3624.27 1.14159 68.1239 8600.81 -1673.85
19 3821.77 2.18419 53.9345 8588.8 -1435.42
20 4019.54 2.12093 54.1796 8585.97 -1353.15
21 4217.37 2.0278 52.9375 8581.83 -1236.51
22 4415.3 1.91622 50.8889 8576.86 -1103.63
23 4613.35 1.78888 48.3495 8571.22 -961.378
24 4811.52 1.64858 45.405 8565 -816.032
25 5009.84 1.49886 42.1058 8558.39 -674.159
26 5208.31 1.34395 38.5293 8551.56 -541.686
27 5406.94 1.18821 34.7744 8544.71 -423.11
28 5605.73 1.03555 30.9472 8538.01 -321.175
29 5804.68 0.8896 27.1512 8531.63 -236.88
30 6003.77 0.753268 23.4804 8525.67 -169.735
31 6203 0.628697 20.0144 8520.24 -118.161
32 6402.37 0.517166 16.8146 8515.39 -79.9208
33 6601.84 0.419329 13.9234 8511.14 -52.5269
34 6801.41 0.335204 11.3643 8507.49 -33.5517
35 7001.07 0.264181 9.14329 8504.42 -20.8325
36 7200.8 0.20533 7.25215 8501.87 -12.5766
37 7400.6 0.157323 5.67132 8499.79 -7.38398
38 7600.44 0.118909 4.37317 8498.13 -4.21734
39 7800.31 0.0886758 3.3256 8496.83 -2.34393
40 8000.22 0.0652108 2.4944 8495.81 -1.26797
41 8200.16 0.0473345 1.84547 8495.04 -0.667897
42 8400.11 0.0339459 1.34708 8494.46 -0.342647
43 8600.08 0.024022 0.97021 8494.03 -0.171272
44 8800.05 0.0167756 0.689483 8493.72 -0.0834525
45 9000.03 0.011577 0.483626 8493.5 -0.0396477
46 9200.02 0.00787486 0.334764 8493.34 -0.0183799
47 9400.02 0.00527545 0.22874 8493.23 -0.00831741
48 9600.01 0.00354249 0.15426 8493.15 -0.00367752
49 9800.01 0.00228214 0.10261 8493.1 -0.00159133
50 10000 0.00149442 0.0673924 8493.06 -0.000674179
51 10200 0.000943014 0.0436116 8493.04 -0.000280189
52 10400 0.000627924 0.0277493 8493.03 -0.00011497
53 10600 0.000391606 0.0173506 8493.02 -4.67243e-05
54 10800 0.000234061 0.0106209 8493.01 -1.88692e-05
55 11000 0.000155296 0.00626441 8493.01 -7.7175e-06
56 11200 7.63863e-05 0.00363346 8493 -3.05298e-06
57 11400 7.63863e-05 0.00172603 8493 -1.40066e-06
58 11600 7.63863e-05 0.000796274 8493 -6.37743e-07
59 11800 7.63863e-05 0.000363546 8493 -2.89319e-07
60 12000 7.63863e-05 0.000165387 8493 -1.30798e-07
61 12200 7.63863e-05 7.50054e-05 8493 -5.88996e-08
62 12400 7.63863e-05 3.38872e-05 8493 -2.64152e-08
63 12600 7.63863e-05 1.52473e-05 8493 -1.17959e-08
64 12800 7.63863e-05 6.83163e-06 8493 -5.24435e-09
65 13000 7.63863e-05 3.04799e-06 8493 -2.3223e-09
66 13200 7.63863e-05 1.35404e-06 8493 -1.02381e-09
67 13400 7.63863e-05 5.98889e-07 8493 -4.49263e-10
68 13600 7.63863e-05 2.63709e-07 8493 -1.96041e-10
69 13800 7.63863e-05 1.15593e-07 8493 -8.55777e-11
70 14000 7.63863e-05 5.04343e-08 8493 -3.67422e-11
71 14200 7.63863e-05 2.19016e-08 8493 -1.59921e-11
72 14400 7.63863e-05 9.46543e-09 8493 -6.94238e-12
73 14600 7.63863e-05 4.07087e-09 8493 -2.96457e-12
74 14800 7.63863e-05 1.74214e-09 8493 -7.80151e-13
75 15000 7.63863e-05 7.41818e-10 8493 0
76 15200 7.63863e-05 3.14267e-10 8493 0
77 15400 7.63863e-05 1.32453e-10 8493 0
78 15600 7.63863e-05 5.55335e-11 8493 0
79 15800 7.63863e-05 2.31609e-11 8493 0
80 16000 7.63863e-05 9.60811e-12 8493 0
81 16200 7.63863e-05 3.96438e-12 8493 0
82 16400 7.63863e-05 1.62684e-12 8493 0
83 16600 7.63863e-05 6.63934e-13 8493 0
84 16800 7.63863e-05 2.69458e-13 8493 0
85 17000 7.63863e-05 1.08748e-13 8493 0
86 17200 7.63863e-05 4.36411e-14 8493 0
87 17400 7.63863e-05 1.74139e-14 8493 0
88 17600 7.63863e-05 6.90875e-15 8493 0
89 17800 7.63863e-05 2.72516e-15 8493 0
90 18000 7.63863e-05 1.0687e-15 8493 0
91 18200 7.63863e-05 4.16655e-16 8493 0
92 18400 7.63863e-05 1.61491e-16 8493 0
93 18600 7.63863e-05 6.2218e-17 8493 0
94 18800 7.63863e-05 2.3825e-17 8493 0
95 19000 7.63863e-05 9.07568e-18 8493 0
96 19200 7.63863e-05 3.43404e-18 8493 0
97 19400 7.63863e-05 1.29043e-18 8493 0
98 19600 7.63863e-05 4.63916e-19 8493 9.3424e-07
99 19800 7.63863e-05 1.482e-19 8493 0.00130381
