NTS LL(mkm)  STRESS(GPa)   VEL(m / s)  DENS(kg/m3)  ENERGY(J) 
0 301.893 5.70163 200 9054.23 -19621.6
1 489.496 5.70155 199.941 9054.23 -19661.2
2 677.099 5.70123 199.881 9054.21 -19658.9
3 864.702 5.70083 199.82 9054.19 -19660.9
4 1052.31 5.70075 199.758 9054.15 -19661.5
5 1239.91 5.69924 199.691 9054.08 -19660.7
6 1427.52 5.69719 199.614 9053.95 -19651.9
7 1615.13 5.69368 199.519 9053.72 -19637.2
8 1802.74 5.6868 199.394 9053.32 -19609.3
9 1990.36 5.67518 199.209 9052.6 -19561.1
10 2178 5.65491 198.923 9051.37 -19476.4
11 2365.66 5.62096 198.464 9049.32 -19334.6
12 2553.36 5.56568 197.724 9045.94 -19104.3
13 2741.14 5.47573 196.531 9040.51 -18738.9
14 2929.03 5.33451 194.623 9031.94 -18171.9
15 3117.09 5.11487 191.602 9018.66 -17319.2
16 3305.44 4.77801 186.872 8998.36 -16083.2
17 3494.2 4.26731 179.573 8967.76 -14369.6
18 3683.61 3.63115 168.507 8922.75 -12173.8
19 3873.98 3.31071 153.667 8874.28 -10050.3
20 4065.39 2.99855 139.116 8827.86 -8181.47
21 4257.8 2.69519 124.946 8783.4 -6549.82
22 4451.19 2.39945 111.213 8740.8 -5137.39
23 4645.52 2.11185 97.9623 8700.01 -3927.79
24 4840.76 1.83081 85.1474 8660.76 -2901.58
25 5036.89 1.43462 72.423 8622.44 -2048.83
26 5233.89 2.22734 57.5428 8590.72 -1493.25
27 5431.61 2.22017 55.4619 8590.4 -1483.65
28 5629.34 2.18925 54.711 8589.02 -1442.47
29 5827.11 2.14805 54.0665 8587.18 -1388.51
30 6024.91 2.09561 53.191 8584.85 -1321.31
31 6222.77 2.03225 52.0345 8582.02 -1242.24
32 6420.7 1.95794 50.6055 8578.72 -1152.82
33 6618.7 1.87332 48.9097 8574.96 -1054.95
34 6816.79 1.77897 46.953 8570.78 -951.018
35 7014.97 1.67607 44.7484 8566.22 -843.841
36 7213.26 1.56608 42.319 8561.36 -736.417
37 7411.67 1.45078 39.6976 8556.27 -631.685
38 7610.19 1.33206 36.9241 8551.04 -532.305
39 7808.83 1.21201 34.0447 8545.76 -440.462
40 8007.6 1.09259 31.108 8540.51 -357.755
41 8206.48 0.97568 28.1638 8535.39 -285.146
42 8405.49 0.862937 25.2601 8530.46 -222.974
43 8604.61 0.755936 22.4412 8525.79 -171.028
44 8803.84 0.655784 19.746 8521.42 -128.664
45 9003.18 0.563436 17.2071 8517.4 -94.9258
46 9202.6 0.479373 14.8491 8513.75 -68.6807
47 9402.12 0.403843 12.6898 8510.47 -48.7305
48 9601.71 0.336934 10.7387 8507.57 -33.9064
49 9801.36 0.278341 8.99915 8505.03 -23.1367
50 10001.1 0.227755 7.46796 8502.84 -15.4839
51 10200.8 0.184554 6.13711 8500.97 -10.1639
52 10400.7 0.148113 4.99465 8499.39 -6.5444
53 10600.5 0.117728 4.02568 8498.08 -4.13385
54 10800.4 0.0926914 3.21359 8497 -2.56192
55 11000.3 0.0722978 2.5408 8496.12 -1.55793
56 11200.2 0.0558397 1.98972 8495.41 -0.929814
57 11400.2 0.0427667 1.54356 8494.84 -0.544655
58 11600.1 0.0324494 1.18611 8494.4 -0.313215
59 11800.1 0.024337 0.902954 8494.05 -0.176847
60 12000.1 0.0181146 0.681012 8493.78 -0.0980489
61 12200 0.0133887 0.508831 8493.58 -0.0534024
62 12400 0.00976532 0.376707 8493.42 -0.0285727
63 12600 0.00708716 0.276291 8493.3 -0.0150234
64 12800 0.00511791 0.200776 8493.22 -0.00776451
65 13000 0.00362126 0.144536 8493.16 -0.00394625
66 13200 0.00259723 0.103078 8493.11 -0.00197267
67 13400 0.00180951 0.0727473 8493.08 -0.000971105
68 13600 0.0012581 0.0508182 8493.05 -0.000471107
69 13800 0.000864242 0.0351309 8493.04 -0.000225216
70 14000 0.000627924 0.0239974 8493.02 -0.000106084
71 14200 0.000391606 0.0160738 8493.02 -4.96578e-05
72 14400 0.000312834 0.0106776 8493.01 -2.28008e-05
73 14600 0.000155296 0.00688786 8493.01 -1.03108e-05
74 14800 0.000155296 0.0040892 8493 -4.91121e-06
75 15000 7.63863e-05 0.00252743 8493 -2.22768e-06
76 15200 7.63863e-05 0.00120561 8493 -1.07336e-06
77 15400 7.63863e-05 0.000580035 8493 -5.18133e-07
78 15600 7.63863e-05 0.000280557 8493 -2.49624e-07
79 15800 7.63863e-05 0.000135481 8493 -1.1995e-07
80 16000 7.63863e-05 6.52434e-05 8493 -5.75046e-08
81 16200 7.63863e-05 3.13429e-05 8493 -2.75001e-08
82 16400 7.63863e-05 1.50222e-05 8493 -1.31211e-08
83 16600 7.63863e-05 7.1829e-06 8493 -6.24648e-09
84 16800 7.63863e-05 3.42615e-06 8493 -2.96363e-09
85 17000 7.63863e-05 1.63016e-06 8493 -1.40451e-09
86 17200 7.63863e-05 7.73671e-07 8493 -6.62623e-10
87 17400 7.63863e-05 3.66239e-07 8493 -3.12355e-10
88 17600 7.63863e-05 1.72918e-07 8493 -1.46817e-10
89 17800 7.63863e-05 8.14257e-08 8493 -6.86494e-11
90 18000 7.63863e-05 3.82397e-08 8493 -3.21403e-11
91 18200 7.63863e-05 1.79094e-08 8493 -1.56011e-11
92 18400 7.63863e-05 8.36453e-09 8493 -6.55327e-12
93 18600 7.63863e-05 3.8956e-09 8493 -2.96457e-12
94 18800 7.63863e-05 1.80903e-09 8493 0
95 19000 7.63863e-05 8.37439e-10 8493 0
96 19200 7.63863e-05 3.86081e-10 8493 0
97 19400 7.63863e-05 1.76465e-10 8493 0
98 19600 7.63863e-05 7.82006e-11 8493 9.3424e-07
99 19800 7.63863e-05 2.96336e-11 8493 0.00130445
