NTS LL(mkm)  STRESS(GPa)   VEL(m / s)  DENS(kg/m3)  ENERGY(J) 
0 421.257 5.72632 200 9055.73 -19725.9
1 608.829 5.72624 199.955 9055.72 -19765.7
2 796.401 5.72608 199.911 9055.72 -19763.8
3 983.973 5.72593 199.866 9055.71 -19766.8
4 1171.55 5.72569 199.822 9055.7 -19769.2
5 1359.12 5.726 199.778 9055.68 -19772.4
6 1546.69 5.72563 199.736 9055.66 -19771.1
7 1734.26 5.72515 199.693 9055.64 -19770.6
8 1921.84 5.7246 199.649 9055.61 -19769.1
9 2109.41 5.7238 199.604 9055.58 -19767.8
10 2296.99 5.72334 199.558 9055.53 -19764.8
11 2484.56 5.72206 199.512 9055.46 -19760.2
12 2672.14 5.72083 199.458 9055.37 -19753.9
13 2859.72 5.71844 199.399 9055.23 -19745.3
14 3047.3 5.71507 199.325 9055.02 -19730.4
15 3234.89 5.70902 199.227 9054.68 -19706.3
16 3422.48 5.70067 199.087 9054.15 -19670
17 3610.09 5.6868 198.882 9053.31 -19612.7
18 3797.71 5.66548 198.573 9052 -19521.4
19 3985.36 5.63137 198.099 9049.96 -19380.8
20 4173.05 5.57949 197.37 9046.79 -19164.3
21 4360.81 5.49941 196.244 9041.94 -18835.2
22 4548.66 5.37786 194.517 9034.54 -18343.4
23 4736.68 5.19264 191.88 9023.35 -17617.8
24 4924.92 4.91333 187.892 9006.51 -16570.9
25 5113.52 4.49364 181.904 8981.3 -15105.1
26 5302.64 3.86486 172.902 8943.77 -13154.3
27 5492.56 3.45749 159.212 8896.38 -10997.6
28 5683.5 3.15155 144.954 8850.5 -9072.33
29 5875.42 2.85249 131.106 8806.34 -7372.69
30 6068.3 2.56064 117.592 8763.98 -5887.13
31 6262.12 2.27498 104.384 8723.08 -4594.86
32 6456.84 1.99746 91.5199 8683.97 -3491.81
33 6652.44 1.72078 79.3424 8645.56 -2541.38
34 6848.91 1.18166 68.1214 8603.77 -1720.87
35 7046.34 2.22913 53.4488 8590.8 -1495.96
36 7244.06 2.25607 55.5662 8592 -1532.52
37 7441.76 2.24104 55.4694 8591.33 -1512.08
38 7639.47 2.22204 55.1424 8590.48 -1486.47
39 7837.2 2.19876 54.7175 8589.44 -1455.32
40 8034.95 2.17017 54.2 8588.17 -1417.6
41 8232.74 2.13566 53.5639 8586.63 -1372.66
42 8430.56 2.0946 52.7882 8584.8 -1320.24
43 8628.42 2.04682 51.8587 8582.67 -1260.44
44 8826.33 1.99202 50.7658 8580.24 -1193.62
45 9024.3 1.93026 49.5032 8577.49 -1120.44
46 9222.33 1.86153 48.068 8574.44 -1041.87
47 9420.43 1.78639 46.4622 8571.1 -959.154
48 9618.6 1.7052 44.6918 8567.51 -873.704
49 9816.86 1.61874 42.7676 8563.68 -787.09
50 10015.2 1.52786 40.7049 8559.67 -700.919
51 10213.7 1.43343 38.5228 8555.5 -616.757
52 10412.2 1.3366 36.2435 8551.24 -536.045
53 10610.8 1.23847 33.8924 8546.92 -460.03
54 10809.6 1.14013 31.4959 8542.6 -389.714
55 11008.4 1.04268 29.0817 8538.33 -325.815
56 11207.3 0.947148 26.6772 8534.14 -268.758
57 11406.4 0.854546 24.3088 8530.09 -218.696
58 11605.5 0.765744 22.0012 8526.22 -175.527
59 11804.7 0.681376 19.7766 8522.54 -138.933
60 12004 0.602077 17.6541 8519.08 -108.439
61 12203.4 0.528244 15.6497 8515.87 -83.4541
62 12402.9 0.460199 13.7756 8512.92 -63.3236
63 12602.4 0.398104 12.0405 8510.22 -47.3705
64 12802 0.341888 10.4494 8507.78 -34.9361
65 13001.7 0.291555 9.00427 8505.6 -25.4009
66 13201.4 0.246874 7.70374 8503.67 -18.2069
67 13401.1 0.207533 6.54418 8501.96 -12.8658
68 13600.9 0.1733 5.51959 8500.48 -8.96327
69 13800.7 0.143627 4.62237 8499.2 -6.1564
70 14000.6 0.1182 3.84358 8498.1 -4.16908
71 14200.5 0.0965494 3.17321 8497.17 -2.78373
72 14400.4 0.078361 2.60136 8496.38 -1.83283
73 14600.3 0.0631633 2.11743 8495.72 -1.18988
74 14800.2 0.0505633 1.71155 8495.18 -0.761844
75 15000.2 0.0401677 1.37368 8494.73 -0.48105
76 15200.1 0.0316618 1.0948 8494.37 -0.299601
77 15400.1 0.0248096 0.86647 8494.07 -0.184051
78 15600.1 0.0193749 0.681035 8493.83 -0.111533
79 15800.1 0.014964 0.531536 8493.64 -0.0666969
80 16000 0.0114982 0.41202 8493.49 -0.0393459
81 16200 0.00874133 0.317103 8493.38 -0.0229054
82 16400 0.00661454 0.242409 8493.28 -0.0131597
83 16600 0.00503914 0.183983 8493.21 -0.00746294
84 16800 0.0037788 0.138639 8493.16 -0.0041776
85 17000 0.00275477 0.103664 8493.12 -0.00231031
86 17200 0.00204582 0.076986 8493.09 -0.00126184
87 17400 0.00149442 0.0567079 8493.06 -0.000680807
88 17600 0.00110056 0.0414236 8493.05 -0.000362982
89 17800 0.000785469 0.0300035 8493.03 -0.000191194
90 18000 0.000549152 0.0214878 8493.02 -9.94464e-05
91 18200 0.000391606 0.0151719 8493.02 -5.11666e-05
92 18400 0.000312834 0.0105181 8493.01 -2.61969e-05
93 18600 0.000234061 0.00716761 8493.01 -1.32552e-05
94 18800 0.000155296 0.00473309 8493 -6.60937e-06
95 19000 7.63863e-05 0.00311016 8493 -3.1581e-06
96 19200 7.63863e-05 0.00162495 8493 -1.60595e-06
97 19400 7.63863e-05 0.000816918 8493 -8.25044e-07
98 19600 7.63863e-05 0.000391057 8493 4.83139e-07
99 19800 7.63863e-05 0.000156794 8493 0.00130491
