NTS LL(mkm)  STRESS(GPa)   VEL(m / s)  DENS(kg/m3)  ENERGY(J) 
0 301.644 5.70155 200 9054.23 -19621.4
1 489.247 5.70147 199.941 9054.22 -19661
2 676.85 5.70123 199.881 9054.21 -19658.6
3 864.454 5.70075 199.819 9054.19 -19660.7
4 1052.06 5.70067 199.758 9054.15 -19661.2
5 1239.66 5.69916 199.691 9054.08 -19660.4
6 1427.27 5.69711 199.613 9053.95 -19651.5
7 1614.88 5.69352 199.518 9053.72 -19636.6
8 1802.49 5.68664 199.392 9053.31 -19608.5
9 1990.11 5.67486 199.207 9052.58 -19559.9
10 2177.75 5.65435 198.918 9051.35 -19474.5
11 2365.41 5.62008 198.456 9049.27 -19331.6
12 2553.12 5.56445 197.71 9045.87 -19099.4
13 2740.89 5.47441 196.507 9040.4 -18731.2
14 2928.78 5.33182 194.585 9031.76 -18160.1
15 3116.85 5.1104 191.541 9018.38 -17301.4
16 3305.2 4.77108 186.777 8997.93 -16057.5
17 3493.98 4.25626 179.42 8967.11 -14334.9
18 3683.41 3.62563 168.263 8921.88 -12134.3
19 3873.79 3.30516 153.415 8873.44 -10015
20 4065.22 2.99337 138.865 8827.05 -8150.37
21 4257.65 2.68963 124.698 8782.62 -6522.74
22 4451.05 2.39419 110.968 8740.06 -5114.14
23 4645.4 2.10668 97.7252 8699.3 -3908.02
24 4840.66 1.82576 84.9351 8660.07 -2884.57
25 5036.8 1.42359 72.2591 8621.63 -2033.27
26 5233.81 2.22485 57.3692 8590.61 -1489.93
27 5431.54 2.21924 55.3808 8590.36 -1482.48
28 5629.27 2.18848 54.6841 8588.98 -1441.45
29 5827.04 2.14696 54.0505 8587.14 -1387.12
30 6024.85 2.09421 53.1691 8584.78 -1319.53
31 6222.71 2.03045 52.0039 8581.95 -1240.11
32 6420.64 1.95592 50.5666 8578.63 -1150.38
33 6618.64 1.87098 48.8629 8574.86 -1052.26
34 6816.73 1.77632 46.8983 8570.66 -948.142
35 7014.92 1.6731 44.6861 8566.09 -840.856
36 7213.21 1.56287 42.2496 8561.22 -733.41
37 7411.62 1.44742 39.6219 8556.12 -628.739
38 7610.14 1.32862 36.8433 8550.88 -529.498
39 7808.79 1.20849 33.96 8545.6 -437.858
40 8007.56 1.08898 31.0209 8540.36 -355.404
41 8206.45 0.972153 28.0757 8535.24 -283.076
42 8405.46 0.859487 25.1724 8530.31 -221.197
43 8604.58 0.75264 22.3555 8525.65 -169.541
44 8803.82 0.652722 19.6635 8521.29 -127.449
45 9003.15 0.560529 17.1288 8517.28 -93.9571
46 9202.58 0.476701 14.776 8513.63 -67.9263
47 9402.1 0.401485 12.6223 8510.36 -48.1566
48 9601.69 0.334811 10.6773 8507.47 -33.4797
49 9801.35 0.276453 8.94408 8504.95 -22.8266
50 10001.1 0.226103 7.4192 8502.77 -15.2636
51 10200.8 0.183138 6.09451 8500.91 -10.0107
52 10400.7 0.146933 4.95785 8499.34 -6.44016
53 10600.5 0.116704 3.99431 8498.04 -4.06444
54 10800.4 0.0918253 3.18714 8496.96 -2.51668
55 11000.3 0.0715891 2.51876 8496.09 -1.52906
56 11200.2 0.0552884 1.97162 8495.38 -0.911754
57 11400.2 0.0422942 1.5288 8494.82 -0.53359
58 11600.1 0.0320556 1.17422 8494.38 -0.306577
59 11800.1 0.0241007 0.893539 8494.04 -0.172931
60 12000.1 0.0179571 0.67356 8493.77 -0.0957891
61 12200 0.0132311 0.503019 8493.57 -0.0521242
62 12400 0.00968655 0.372255 8493.42 -0.0278607
63 12600 0.00700839 0.27287 8493.3 -0.0146354
64 12800 0.00503914 0.198172 8493.22 -0.00755816
65 13000 0.00362126 0.142638 8493.15 -0.00383681
66 13200 0.00251846 0.101612 8493.11 -0.00191712
67 13400 0.00180951 0.0717424 8493.08 -0.000942183
68 13600 0.0012581 0.0500469 8493.05 -0.000456744
69 13800 0.000864242 0.0345754 8493.04 -0.000218223
70 14000 0.000549152 0.023611 8493.02 -0.000102679
71 14200 0.000391606 0.0157763 8493.02 -4.81332e-05
72 14400 0.000312834 0.0105338 8493.01 -2.19281e-05
73 14600 0.000155296 0.00670752 8493.01 -9.99863e-06
74 14800 0.000155296 0.00402141 8493 -4.73321e-06
75 15000 7.63863e-05 0.00245378 8493 -2.1546e-06
76 15200 7.63863e-05 0.00116504 8493 -1.03896e-06
77 15400 7.63863e-05 0.000561339 8493 -5.01646e-07
78 15600 7.63863e-05 0.000271687 8493 -2.41631e-07
79 15800 7.63863e-05 0.000131173 8493 -1.16081e-07
80 16000 7.63863e-05 6.31513e-05 8493 -5.56375e-08
81 16200 7.63863e-05 3.0331e-05 8493 -2.66012e-08
82 16400 7.63863e-05 1.45342e-05 8493 -1.26894e-08
83 16600 7.63863e-05 6.948e-06 8493 -6.03944e-09
84 16800 7.63863e-05 3.31335e-06 8493 -2.86487e-09
85 17000 7.63863e-05 1.57612e-06 8493 -1.35739e-09
86 17200 7.63863e-05 7.47846e-07 8493 -6.40157e-10
87 17400 7.63863e-05 3.53928e-07 8493 -3.01745e-10
88 17600 7.63863e-05 1.67063e-07 8493 -1.41668e-10
89 17800 7.63863e-05 7.86492e-08 8493 -6.6465e-11
90 18000 7.63863e-05 3.69263e-08 8493 -3.0892e-11
91 18200 7.63863e-05 1.72897e-08 8493 -1.4977e-11
92 18400 7.63863e-05 8.07293e-09 8493 -6.55327e-12
93 18600 7.63863e-05 3.75877e-09 8493 -2.65251e-12
94 18800 7.63863e-05 1.745e-09 8493 0
95 19000 7.63863e-05 8.07572e-10 8493 0
96 19200 7.63863e-05 3.72205e-10 8493 0
97 19400 7.63863e-05 1.70075e-10 8493 0
98 19600 7.63863e-05 7.53491e-11 8493 9.3424e-07
99 19800 7.63863e-05 2.85473e-11 8493 0.00130445
