NTS LL(mkm)  STRESS(GPa)   VEL(m / s)  DENS(kg/m3)  ENERGY(J) 
0 201.937 5.67244 200 9052.44 -19497.7
1 389.577 5.67089 199.9 9052.34 -19530.5
2 577.219 5.66623 199.782 9052.07 -19510.1
3 764.867 5.65574 199.618 9051.45 -19471
4 952.527 5.63501 199.355 9050.18 -19386.5
5 1140.21 5.59502 198.891 9047.74 -19223.6
6 1327.95 5.52253 198.053 9043.32 -18923.4
7 1515.78 5.39598 196.558 9035.67 -18413.5
8 1703.77 5.18629 193.958 9022.96 -17589.2
9 1892.02 4.84728 189.567 9002.53 -16329.3
10 2080.7 4.31541 182.394 8970.63 -14520.3
11 2270.05 3.62974 171.073 8922.51 -12161.6
12 2460.43 3.28362 155.386 8870.22 -9878.64
13 2651.92 2.94663 139.808 8820.17 -7887.77
14 2844.5 2.62136 124.501 8772.71 -6180.88
15 3038.13 2.30979 109.563 8728.04 -4742.44
16 3232.74 2.01221 95.1648 8686.03 -3546.19
17 3428.29 1.72705 81.6894 8646.43 -2561.41
18 3624.75 1.20062 69.4909 8605.17 -1742.74
19 3822.14 2.18481 54.5339 8588.82 -1436.18
20 4019.91 2.12849 54.0884 8586.31 -1362.83
21 4217.73 2.0409 53.0341 8582.41 -1252.58
22 4415.65 1.93283 51.1615 8577.6 -1122.95
23 4613.68 1.80832 48.7223 8572.08 -982.458
24 4811.83 1.67044 45.8499 8565.97 -837.876
25 5010.13 1.52263 42.6143 8559.44 -695.761
26 5208.58 1.36898 39.0914 8552.66 -562.094
27 5407.18 1.21373 35.3754 8545.83 -441.567
28 5605.95 1.06102 31.5703 8539.13 -337.187
29 5804.86 0.914299 27.7791 8532.7 -250.231
30 6003.93 0.77665 24.0967 8526.69 -180.448
31 6203.14 0.650288 20.6045 8521.18 -126.445
32 6402.48 0.536728 17.3666 8516.24 -86.1015
33 6601.94 0.436778 14.4286 8511.9 -56.9797
34 6801.49 0.350381 11.8169 8508.15 -36.6525
35 7001.14 0.277161 9.54065 8504.98 -22.9212
36 7200.85 0.21611 7.59425 8502.34 -13.9388
37 7400.64 0.166295 5.96045 8500.18 -8.24449
38 7600.47 0.126151 4.61313 8498.44 -4.74425
39 7800.34 0.0944236 3.52121 8497.07 -2.65689
40 8000.24 0.0696993 2.65115 8496.01 -1.4484
41 8200.17 0.0507996 1.96901 8495.19 -0.768905
42 8400.12 0.0365449 1.44286 8494.57 -0.397598
43 8600.08 0.0259123 1.04335 8494.12 -0.200324
44 8800.06 0.0181934 0.744477 8493.78 -0.0983834
45 9000.04 0.012601 0.524258 8493.54 -0.0471229
46 9200.03 0.00858379 0.364446 8493.37 -0.022019
47 9400.02 0.00582684 0.250026 8493.25 -0.0100458
48 9600.01 0.00385757 0.169359 8493.17 -0.00447694
49 9800.01 0.00259723 0.113192 8493.11 -0.00195089
50 10000 0.00165196 0.0746477 8493.07 -0.000832512
51 10200 0.00110056 0.0485179 8493.05 -0.000348777
52 10400 0.000706697 0.031088 8493.03 -0.000143664
53 10600 0.000470379 0.0195702 8493.02 -5.83883e-05
54 10800 0.000312834 0.0120364 8493.01 -2.36242e-05
55 11000 0.000155296 0.00725041 8493.01 -9.47669e-06
56 11200 0.000155296 0.00417394 8493 -3.73694e-06
57 11400 7.63863e-05 0.00208386 8493 -1.71148e-06
58 11600 7.63863e-05 0.000967698 8493 -7.84451e-07
59 11800 7.63863e-05 0.000446159 8493 -3.56972e-07
60 12000 7.63863e-05 0.000203729 8493 -1.61722e-07
61 12200 7.63863e-05 9.25813e-05 8493 -7.29805e-08
62 12400 7.63863e-05 4.19127e-05 8493 -3.28046e-08
63 12600 7.63863e-05 1.89004e-05 8493 -1.46839e-08
64 12800 7.63863e-05 8.48826e-06 8493 -6.54425e-09
65 13000 7.63863e-05 3.79618e-06 8493 -2.90504e-09
66 13200 7.63863e-05 1.69054e-06 8493 -1.28398e-09
67 13400 7.63863e-05 7.49592e-07 8493 -5.64719e-10
68 13600 7.63863e-05 3.30913e-07 8493 -2.46982e-10
69 13800 7.63863e-05 1.45431e-07 8493 -1.08435e-10
70 14000 7.63863e-05 6.36239e-08 8493 -4.66492e-11
71 14200 7.63863e-05 2.77054e-08 8493 -2.02049e-11
72 14400 7.63863e-05 1.20076e-08 8493 -8.65871e-12
73 14600 7.63863e-05 5.17916e-09 8493 -3.74472e-12
74 14800 7.63863e-05 2.223e-09 8493 -1.63735e-12
75 15000 7.63863e-05 9.49439e-10 8493 0
76 15200 7.63863e-05 4.03469e-10 8493 0
77 15400 7.63863e-05 1.70584e-10 8493 0
78 15600 7.63863e-05 7.17511e-11 8493 0
79 15800 7.63863e-05 3.00228e-11 8493 0
80 16000 7.63863e-05 1.24963e-11 8493 0
81 16200 7.63863e-05 5.1736e-12 8493 0
82 16400 7.63863e-05 2.13041e-12 8493 0
83 16600 7.63863e-05 8.72508e-13 8493 0
84 16800 7.63863e-05 3.55376e-13 8493 0
85 17000 7.63863e-05 1.43945e-13 8493 0
86 17200 7.63863e-05 5.79797e-14 8493 0
87 17400 7.63863e-05 2.32223e-14 8493 0
88 17600 7.63863e-05 9.24836e-15 8493 0
89 17800 7.63863e-05 3.66217e-15 8493 0
90 18000 7.63863e-05 1.4418e-15 8493 0
91 18200 7.63863e-05 5.64361e-16 8493 0
92 18400 7.63863e-05 2.19613e-16 8493 0
93 18600 7.63863e-05 8.49658e-17 8493 0
94 18800 7.63863e-05 3.26713e-17 8493 0
95 19000 7.63863e-05 1.24884e-17 8493 0
96 19200 7.63863e-05 4.7458e-18 8493 0
97 19400 7.63863e-05 1.78634e-18 8493 0
98 19600 7.63863e-05 6.61212e-19 8493 9.3424e-07
99 19800 7.63863e-05 2.06855e-19 8493 0.00130382
