NTS LL(mkm)  STRESS(GPa)   VEL(m / s)  DENS(kg/m3)  ENERGY(J) 
0 421.009 5.72624 200 9055.72 -19725.7
1 608.581 5.72616 199.955 9055.72 -19765.5
2 796.153 5.72608 199.911 9055.72 -19763.6
3 983.725 5.72585 199.866 9055.71 -19766.6
4 1171.3 5.72561 199.822 9055.69 -19769
5 1358.87 5.72592 199.778 9055.68 -19772.2
6 1546.44 5.72563 199.736 9055.66 -19770.9
7 1734.02 5.72515 199.692 9055.64 -19770.4
8 1921.59 5.72452 199.648 9055.61 -19768.9
9 2109.16 5.7238 199.604 9055.57 -19767.7
10 2296.74 5.72334 199.558 9055.53 -19764.6
11 2484.31 5.72198 199.512 9055.46 -19759.9
12 2671.89 5.72075 199.457 9055.37 -19753.7
13 2859.47 5.71836 199.398 9055.23 -19745
14 3047.05 5.71491 199.323 9055.01 -19730
15 3234.64 5.70886 199.225 9054.67 -19705.7
16 3422.23 5.70043 199.084 9054.14 -19669.2
17 3609.84 5.6864 198.878 9053.29 -19611.4
18 3797.46 5.66493 198.567 9051.97 -19519.4
19 3985.11 5.63112 198.09 9049.91 -19377.8
20 4172.8 5.57813 197.355 9046.73 -19159.6
21 4360.56 5.49795 196.221 9041.83 -18828.3
22 4548.42 5.3752 194.481 9034.38 -18333
23 4736.44 5.18858 191.824 9023.11 -17602.6
24 4924.69 4.90786 187.805 9006.15 -16549.3
25 5113.29 4.48495 181.773 8980.76 -15075.4
26 5302.43 3.85117 172.716 8942.97 -13115.5
27 5492.37 3.45179 158.947 8895.55 -10961.5
28 5683.32 3.14623 144.706 8849.7 -9040.4
29 5875.25 2.84708 130.867 8805.57 -7344.49
30 6068.15 2.55546 117.361 8763.23 -5862.39
31 6261.99 2.26992 104.155 8722.36 -4573.44
32 6456.73 1.9927 91.2764 8683.3 -3474
33 6652.35 1.71634 79.0797 8644.95 -2527.3
34 6848.83 1.17095 67.9245 8602.98 -1708.3
35 7046.27 2.23178 53.3635 8590.92 -1499.51
36 7243.99 2.25599 55.5912 8592 -1532.34
37 7441.69 2.24065 55.4712 8591.31 -1511.53
38 7639.4 2.22157 55.134 8590.46 -1485.77
39 7837.13 2.19813 54.7057 8589.42 -1454.48
40 8034.89 2.16939 54.186 8588.13 -1416.58
41 8232.67 2.13473 53.5468 8586.59 -1371.44
42 8430.49 2.09351 52.7671 8584.75 -1318.81
43 8628.35 2.0455 51.8333 8582.61 -1258.8
44 8826.27 1.99046 50.7356 8580.17 -1191.77
45 9024.23 1.92847 49.468 8577.41 -1118.41
46 9222.27 1.85958 48.0277 8574.35 -1039.68
47 9420.37 1.7842 46.4167 8571.01 -956.835
48 9618.55 1.70285 44.6412 8567.41 -871.299
49 9816.81 1.61624 42.7123 8563.57 -784.643
50 10015.2 1.5252 40.6452 8559.55 -698.477
51 10213.6 1.43069 38.4592 8555.38 -614.364
52 10412.1 1.33378 36.1768 8551.11 -533.745
53 10610.8 1.23557 33.823 8546.79 -457.858
54 10809.5 1.13715 31.4248 8542.47 -387.701
55 11008.4 1.03971 29.0097 8538.2 -323.982
56 11207.3 0.944248 26.6051 8534.02 -267.119
57 11406.4 0.851722 24.2374 8529.97 -217.255
58 11605.5 0.762998 21.9312 8526.1 -174.282
59 11804.7 0.678786 19.7088 8522.42 -137.877
60 12004 0.599642 17.5891 8518.98 -107.558
61 12203.4 0.525966 15.588 8515.77 -82.7318
62 12402.9 0.458077 13.7176 8512.82 -62.7412
63 12602.4 0.396139 11.9866 8510.13 -46.9087
64 12802 0.340158 10.3997 8507.71 -34.576
65 13001.7 0.289982 8.95895 8505.53 -25.1247
66 13201.4 0.245458 7.66279 8503.6 -17.9984
67 13401.1 0.206274 6.50749 8501.91 -12.711
68 13600.9 0.172198 5.4871 8500.43 -8.85012
69 13800.7 0.142682 4.59374 8499.16 -6.07503
70 14000.6 0.117334 3.81863 8498.06 -4.11147
71 14200.5 0.0959195 3.15166 8497.14 -2.74359
72 14400.4 0.0778098 2.58289 8496.35 -1.80528
73 14600.3 0.0626908 2.10176 8495.7 -1.17125
74 14800.2 0.0500908 1.69832 8495.16 -0.749454
75 15000.2 0.0398527 1.36268 8494.72 -0.472918
76 15200.1 0.0314256 1.08566 8494.35 -0.294349
77 15400.1 0.0246521 0.85896 8494.06 -0.180709
78 15600.1 0.0191386 0.674883 8493.82 -0.109441
79 15800.1 0.0148065 0.526607 8493.64 -0.0654019
80 16000 0.0113407 0.408034 8493.49 -0.0385579
81 16200 0.00866256 0.313958 8493.37 -0.0224311
82 16400 0.00653577 0.239895 8493.28 -0.0128795
83 16600 0.00496036 0.182034 8493.21 -0.00729892
84 16800 0.00370003 0.137108 8493.16 -0.00408326
85 17000 0.00275477 0.102485 8493.12 -0.00225675
86 17200 0.00204582 0.0760932 8493.09 -0.00123159
87 17400 0.00149442 0.05601 8493.06 -0.000664171
88 17600 0.00110056 0.0409104 8493.05 -0.000353818
89 17800 0.000785469 0.0296019 8493.03 -0.000186321
90 18000 0.000549152 0.0211854 8493.02 -9.6923e-05
91 18200 0.000391606 0.0149589 8493.02 -4.98428e-05
92 18400 0.000312834 0.0103861 8493.01 -2.54314e-05
93 18600 0.000234061 0.00705665 8493.01 -1.2838e-05
94 18800 0.000155296 0.00462586 8493 -6.42706e-06
95 19000 7.63863e-05 0.00304493 8493 -3.0757e-06
96 19200 7.63863e-05 0.0015854 8493 -1.56121e-06
97 19400 7.63863e-05 0.000794658 8493 -8.01521e-07
98 19600 7.63863e-05 0.000379962 8493 4.96065e-07
99 19800 7.63863e-05 0.000152322 8493 0.00130491
