NTS LL(mkm)  STRESS(GPa)   VEL(m / s)  DENS(kg/m3)  ENERGY(J) 
0 401.094 5.72286 200 9055.5 -19710.3
1 588.671 5.72278 199.953 9055.5 -19750.1
2 776.248 5.7227 199.905 9055.5 -19748.3
3 963.824 5.72254 199.858 9055.49 -19751.3
4 1151.4 5.7223 199.811 9055.48 -19753.8
5 1338.98 5.72198 199.764 9055.46 -19757
6 1526.56 5.72159 199.716 9055.44 -19755.7
7 1714.13 5.72111 199.669 9055.42 -19755.1
8 1901.71 5.72111 199.621 9055.39 -19753.3
9 2089.29 5.72027 199.575 9055.34 -19751.6
10 2276.87 5.71891 199.523 9055.28 -19747.3
11 2464.45 5.7174 199.466 9055.18 -19740.5
12 2652.03 5.71466 199.401 9055.03 -19730.1
13 2839.62 5.71133 199.318 9054.79 -19714.5
14 3027.21 5.705 199.207 9054.41 -19687.9
15 3214.81 5.69489 199.049 9053.79 -19644.6
16 3402.42 5.67882 198.813 9052.82 -19577.5
17 3590.06 5.65316 198.453 9051.27 -19471.4
18 3777.72 5.61366 197.895 9048.85 -19304.4
19 3965.43 5.5517 197.034 9045.09 -19048.6
20 4153.23 5.45631 195.702 9039.31 -18659.5
21 4341.14 5.31037 193.655 9030.49 -18077.8
22 4529.24 5.09023 190.519 9017.16 -17226.7
23 4717.61 4.75804 185.733 8997.14 -16012.1
24 4906.4 4.25941 178.492 8967.29 -14344.8
25 5095.82 3.63658 167.662 8923.56 -12211.2
26 5286.17 3.32487 153.179 8876.39 -10139.4
27 5477.54 3.02082 139.028 8831.12 -8307.88
28 5669.88 2.72418 125.276 8787.63 -6698.46
29 5863.17 2.43372 111.938 8745.7 -5292.29
30 6057.39 2.15 98.981 8705.39 -4079.02
31 6252.52 1.87076 86.2706 8666.31 -3038.91
32 6448.52 1.52402 73.4179 8629.02 -2179.7
33 6645.36 2.24976 58.8827 8591.72 -1523.8
34 6843.06 2.25568 56.3094 8591.98 -1531.9
35 7040.76 2.24135 55.4847 8591.35 -1512.48
36 7238.47 2.22376 55.1184 8590.56 -1488.69
37 7436.2 2.20047 54.7486 8589.52 -1457.6
38 7633.95 2.17103 54.2483 8588.21 -1418.68
39 7831.74 2.13504 53.598 8586.6 -1371.87
40 8029.56 2.09218 52.7922 8584.69 -1317.12
41 8227.42 2.04207 51.8219 8582.46 -1254.53
42 8425.33 1.98446 50.6776 8579.9 -1184.54
43 8623.31 1.9195 49.3523 8577.01 -1107.95
44 8821.35 1.84726 47.8437 8573.81 -1025.87
45 9019.46 1.76828 46.1546 8570.3 -939.702
46 9217.66 1.6831 44.2931 8566.53 -851.065
47 9415.94 1.59256 42.2721 8562.52 -761.701
48 9614.32 1.49761 40.1097 8558.33 -673.351
49 9812.79 1.39941 37.8279 8554 -587.699
50 10011.4 1.29904 35.4523 8549.58 -506.241
51 10210 1.19776 33.011 8545.13 -430.238
52 10408.8 1.0969 30.5335 8540.7 -360.644
53 10607.7 0.997469 28.0499 8536.34 -298.104
54 10806.7 0.900578 25.5898 8532.11 -242.928
55 11005.8 0.807326 23.181 8528.03 -195.136
56 11205 0.718424 20.849 8524.15 -154.482
57 11404.2 0.634664 18.6161 8520.5 -120.519
58 11603.6 0.556523 16.5013 8517.1 -92.6446
59 11803 0.484402 14.5192 8513.97 -70.1693
60 12002.5 0.418543 12.6811 8511.11 -52.3619
61 12202.1 0.358873 10.9934 8508.52 -38.4956
62 12401.7 0.305477 9.45964 8506.2 -27.8817
63 12601.4 0.258045 8.07918 8504.15 -19.8952
64 12801.2 0.216425 6.84875 8502.35 -13.9862
65 13000.9 0.180147 5.76244 8500.78 -9.68686
66 13200.8 0.148822 4.81241 8499.42 -6.61017
67 13400.6 0.122058 3.98912 8498.27 -4.44433
68 13600.5 0.0993051 3.28217 8497.29 -2.94437
69 13800.4 0.0802508 2.68057 8496.46 -1.92219
70 14000.3 0.0643445 2.173 8495.78 -1.23665
71 14200.2 0.0512721 1.74862 8495.21 -0.784106
72 14400.2 0.0405615 1.39687 8494.75 -0.489985
73 14600.1 0.0318194 1.1077 8494.37 -0.301851
74 14800.1 0.0248096 0.872022 8494.07 -0.183297
75 15000.1 0.0192174 0.681495 8493.83 -0.109739
76 15200.1 0.0147277 0.52876 8493.63 -0.0647823
77 15400 0.0112619 0.40724 8493.48 -0.037712
78 15600 0.00850502 0.311437 8493.37 -0.0216521
79 15800 0.00637823 0.2364 8493.28 -0.0122611
80 16000 0.00480282 0.178152 8493.21 -0.00684931
81 16200 0.00354249 0.133219 8493.15 -0.00377676
82 16400 0.00259723 0.0988887 8493.11 -0.00205519
83 16600 0.00188828 0.072843 8493.08 -0.0011036
84 16800 0.00141565 0.053188 8493.06 -0.000585296
85 17000 0.00102179 0.0384715 8493.04 -0.000306836
86 17200 0.000706697 0.0275917 8493.03 -0.000158906
87 17400 0.000549152 0.0195509 8493.02 -8.1354e-05
88 17600 0.000391606 0.0136136 8493.01 -4.13449e-05
89 17800 0.000234061 0.00945653 8493.01 -2.0479e-05
90 18000 0.000155296 0.00629627 8493.01 -1.00615e-05
91 18200 0.000155296 0.0039093 8493 -5.13873e-06
92 18400 7.63863e-05 0.00257397 8493 -2.4352e-06
93 18600 7.63863e-05 0.00127942 8493 -1.21146e-06
94 18800 7.63863e-05 0.000634462 8493 -6.0455e-07
95 19000 7.63863e-05 0.000316475 8493 -3.0187e-07
96 19200 7.63863e-05 0.000157653 8493 -1.51096e-07
97 19400 7.63863e-05 7.77295e-05 8493 -7.67542e-08
98 19600 7.63863e-05 3.68988e-05 8493 8.9278e-07
99 19800 7.63863e-05 1.47183e-05 8493 0.00130505
