NTS LL(mkm)  STRESS(GPa)   VEL(m / s)  DENS(kg/m3)  ENERGY(J) 
0 300.275 5.70115 200 9054.21 -19620
1 487.878 5.70107 199.94 9054.2 -19659.6
2 675.482 5.70075 199.88 9054.19 -19657.2
3 863.086 5.70099 199.82 9054.17 -19659.3
4 1050.69 5.70019 199.757 9054.12 -19659.6
5 1238.3 5.6986 199.688 9054.05 -19658.6
6 1425.9 5.69639 199.61 9053.92 -19649.3
7 1613.51 5.69264 199.514 9053.67 -19633.7
8 1801.13 5.68571 199.384 9053.24 -19604.2
9 1988.75 5.67332 199.192 9052.49 -19553.1
10 2176.39 5.65219 198.892 9051.19 -19463.8
11 2364.05 5.61585 198.409 9049.02 -19314.3
12 2551.76 5.55778 197.63 9045.46 -19071.8
13 2739.55 5.46357 196.374 9039.75 -18687.9
14 2927.45 5.31473 194.368 9030.74 -18093.4
15 3115.54 5.08393 191.199 9016.78 -17201.6
16 3303.93 4.73026 186.239 8995.48 -15913.7
17 3492.75 4.19437 178.568 8963.41 -14140.7
18 3682.26 3.59435 166.898 8917.12 -11918.1
19 3872.75 3.27445 152.02 8868.83 -9822.23
20 4064.27 2.96286 137.483 8822.6 -7980.51
21 4256.8 2.66042 123.336 8778.36 -6374.84
22 4450.3 2.3656 109.617 8735.99 -4987.35
23 4644.73 2.07914 96.4054 8695.42 -3800.73
24 4840.08 1.79842 83.7409 8656.28 -2793.04
25 5036.31 1.36303 71.3375 8617.16 -1949.71
26 5233.42 2.21348 56.4166 8590.1 -1474.63
27 5431.16 2.21558 55.0058 8590.19 -1477.51
28 5628.9 2.18435 54.583 8588.8 -1436.02
29 5826.67 2.14096 53.9734 8586.87 -1379.32
30 6024.48 2.08626 53.0452 8584.43 -1309.51
31 6222.35 2.02071 51.8304 8581.51 -1228.2
32 6420.29 1.94438 50.3483 8578.12 -1136.83
33 6618.31 1.85771 48.6011 8574.27 -1037.34
34 6816.41 1.76141 46.5933 8570 -932.227
35 7014.61 1.6567 44.3391 8565.36 -824.384
36 7212.92 1.54521 41.8638 8560.43 -716.853
37 7411.35 1.42873 39.202 8555.29 -612.562
38 7609.89 1.30921 36.3956 8550.03 -514.126
39 7808.56 1.18868 33.4916 8544.73 -423.639
40 8007.35 1.06924 30.5399 8539.49 -342.594
41 8206.26 0.952635 27.5902 8534.38 -271.832
42 8405.29 0.840663 24.6906 8529.49 -211.574
43 8604.43 0.73467 21.8849 8524.86 -161.508
44 8803.69 0.635763 19.2109 8520.55 -120.906
45 9003.04 0.544819 16.7001 8516.59 -88.7543
46 9202.48 0.462321 14.3758 8513.01 -63.8865
47 9402.01 0.388513 12.254 8509.8 -45.0921
48 9601.62 0.323251 10.343 8506.97 -31.2081
49 9801.29 0.266305 8.64456 8504.51 -21.1804
50 10001 0.21729 7.15447 8502.39 -14.097
51 10200.8 0.175582 5.86339 8500.58 -9.20209
52 10400.6 0.140557 4.75864 8499.06 -5.89178
53 10600.5 0.111351 3.8247 8497.81 -3.70041
54 10800.4 0.087416 3.04443 8496.77 -2.28011
55 11000.3 0.0679669 2.40012 8495.93 -1.37851
56 11200.2 0.0523746 1.87414 8495.26 -0.817894
57 11400.2 0.0399315 1.44955 8494.72 -0.476264
58 11600.1 0.0302442 1.11061 8494.3 -0.272249
59 11800.1 0.0226042 0.842891 8493.98 -0.152795
60 12000.1 0.0167756 0.633782 8493.72 -0.0842026
61 12200 0.0123647 0.472123 8493.53 -0.04558
62 12400 0.0090564 0.348398 8493.39 -0.0242399
63 12600 0.00653577 0.254726 8493.28 -0.0126681
64 12800 0.00464528 0.1845 8493.2 -0.00650823
65 13000 0.00330617 0.1324 8493.14 -0.00328754
66 13200 0.00236091 0.0940918 8493.1 -0.00163375
67 13400 0.00165196 0.0661739 8493.07 -0.000799556
68 13600 0.00110056 0.0460799 8493.05 -0.000385304
69 13800 0.000785469 0.0316697 8493.03 -0.000183452
70 14000 0.000549152 0.0215316 8493.02 -8.61629e-05
71 14200 0.000391606 0.0143764 8493.01 -4.01066e-05
72 14400 0.000234061 0.00941931 8493.01 -1.85193e-05
73 14600 0.000155296 0.00602835 8493.01 -8.43576e-06
74 14800 0.000155296 0.00375361 8493 -3.70496e-06
75 15000 7.63863e-05 0.00197404 8493 -1.79546e-06
76 15200 7.63863e-05 0.000966487 8493 -8.70735e-07
77 15400 7.63863e-05 0.000471141 8493 -4.19921e-07
78 15600 7.63863e-05 0.00022777 8493 -2.01933e-07
79 15800 7.63863e-05 0.000109744 8493 -9.6886e-08
80 16000 7.63863e-05 5.27638e-05 8493 -4.63837e-08
81 16200 7.63863e-05 2.53134e-05 8493 -2.21496e-08
82 16400 7.63863e-05 1.21156e-05 8493 -1.05527e-08
83 16600 7.63863e-05 5.78468e-06 8493 -5.01625e-09
84 16800 7.63863e-05 2.75509e-06 8493 -2.37636e-09
85 17000 7.63863e-05 1.30887e-06 8493 -1.12429e-09
86 17200 7.63863e-05 6.20217e-07 8493 -5.29849e-10
87 17400 7.63863e-05 2.9313e-07 8493 -2.49011e-10
88 17600 7.63863e-05 1.38175e-07 8493 -1.17017e-10
89 17800 7.63863e-05 6.49583e-08 8493 -5.47627e-11
90 18000 7.63863e-05 3.04547e-08 8493 -2.5587e-11
91 18200 7.63863e-05 1.42388e-08 8493 -1.15462e-11
92 18400 7.63863e-05 6.63856e-09 8493 -6.55327e-12
93 18600 7.63863e-05 3.08625e-09 8493 -9.36181e-13
94 18800 7.63863e-05 1.43058e-09 8493 0
95 19000 7.63863e-05 6.61023e-10 8493 0
96 19200 7.63863e-05 3.0418e-10 8493 0
97 19400 7.63863e-05 1.38774e-10 8493 0
98 19600 7.63863e-05 6.1393e-11 8493 9.3424e-07
99 19800 7.63863e-05 2.32343e-11 8493 0.00130444
