NTS LL(mkm)  STRESS(GPa)   VEL(m / s)  DENS(kg/m3)  ENERGY(J) 
0 421.88 5.7264 200 9055.73 -19726.4
1 609.452 5.7264 199.956 9055.73 -19766.2
2 797.023 5.72624 199.911 9055.73 -19764.3
3 984.595 5.72608 199.867 9055.72 -19767.3
4 1172.17 5.72585 199.822 9055.7 -19769.7
5 1359.74 5.72553 199.778 9055.69 -19772.8
6 1547.31 5.72579 199.736 9055.67 -19771.6
7 1734.89 5.72531 199.693 9055.65 -19771.1
8 1922.46 5.72476 199.65 9055.62 -19769.5
9 2110.03 5.72396 199.605 9055.58 -19768.3
10 2297.61 5.7235 199.559 9055.54 -19765.3
11 2485.18 5.72222 199.514 9055.47 -19760.7
12 2672.76 5.72095 199.459 9055.38 -19754.5
13 2860.34 5.71868 199.401 9055.24 -19746.1
14 3047.92 5.71466 199.328 9055.03 -19731.4
15 3235.51 5.7095 199.231 9054.7 -19707.8
16 3423.1 5.70131 199.093 9054.18 -19672.1
17 3610.71 5.68768 198.892 9053.36 -19615.9
18 3798.33 5.66631 198.588 9052.07 -19526.2
19 3985.97 5.6336 198.123 9050.07 -19388.3
20 4173.66 5.58233 197.406 9046.96 -19175.7
21 4361.42 5.50357 196.302 9042.19 -18852.5
22 4549.27 5.38397 194.605 9034.93 -18369.2
23 4737.27 5.20263 192.019 9023.94 -17655.4
24 4925.51 4.92789 188.107 9007.39 -16624.4
25 5114.08 4.5157 182.225 8982.62 -15178.8
26 5303.18 3.89842 173.359 8945.76 -13250.9
27 5493.06 3.47125 159.874 8898.45 -11088.2
28 5683.95 3.16471 145.576 8852.49 -9152.49
29 5875.83 2.86527 131.703 8808.26 -7443.48
30 6068.67 2.57368 118.172 8765.84 -5949.23
31 6262.44 2.28764 104.961 8724.87 -4648.52
32 6457.13 2.00956 92.1298 8685.65 -3536.42
33 6652.69 1.73202 79.979 8647.11 -2577.11
34 6849.13 1.20879 68.5864 8605.77 -1753.15
35 7046.51 2.22329 53.7292 8590.54 -1487.99
36 7244.24 2.2563 55.5013 8592.01 -1532.8
37 7441.93 2.24198 55.4607 8591.37 -1513.36
38 7639.64 2.22337 55.1615 8590.54 -1488.18
39 7837.37 2.20031 54.7461 8589.51 -1457.39
40 8035.12 2.17212 54.2347 8588.25 -1420.11
41 8232.9 2.138 53.6064 8586.73 -1375.67
42 8430.72 2.0974 52.8404 8584.93 -1323.79
43 8628.58 2.0501 51.9219 8582.82 -1264.52
44 8826.49 1.99584 50.8408 8580.4 -1198.21
45 9024.45 1.93455 49.5906 8577.68 -1125.5
46 9222.47 1.86637 48.1683 8574.65 -1047.33
47 9420.57 1.79177 46.5752 8571.34 -964.933
48 9618.74 1.71105 44.8174 8567.77 -879.704
49 9817 1.62499 42.9052 8563.96 -793.199
50 10015.3 1.53443 40.8534 8559.96 -707.023
51 10213.8 1.44039 38.6811 8555.81 -622.742
52 10412.3 1.34379 36.4101 8551.55 -541.807
53 10610.9 1.24575 34.0653 8547.24 -465.475
54 10809.7 1.14749 31.6733 8542.92 -394.767
55 11008.5 1.04997 29.2615 8538.65 -330.42
56 11207.4 0.95436 26.8574 8534.46 -272.881
57 11406.5 0.861604 24.4874 8530.4 -222.323
58 11605.6 0.772492 22.1762 8526.51 -178.662
59 11804.8 0.687813 19.9463 8522.82 -141.597
60 12004.1 0.608202 17.817 8519.35 -110.663
61 12203.5 0.533979 15.8044 8516.12 -85.28
62 12402.9 0.465543 13.921 8513.15 -64.7974
63 12602.5 0.402978 12.1758 8510.43 -48.5404
64 12802.1 0.34637 10.5741 8507.98 -35.8494
65 13001.7 0.295567 9.1181 8505.77 -26.1023
66 13201.4 0.250493 7.80678 8503.82 -18.7368
67 13401.1 0.21068 6.63645 8502.1 -13.2597
68 13600.9 0.176055 5.60145 8500.6 -9.25143
69 13800.8 0.145988 4.69445 8499.3 -6.36387
70 14000.6 0.120247 3.90641 8498.19 -4.31616
71 14200.5 0.0983603 3.2276 8497.24 -2.88633
72 14400.4 0.0798571 2.64792 8496.44 -1.90333
73 14600.3 0.0644233 2.15701 8495.78 -1.23757
74 14800.2 0.0515871 1.74488 8495.22 -0.793636
75 15000.2 0.0410341 1.40157 8494.77 -0.501917
76 15200.1 0.0323707 1.1179 8494.4 -0.313096
77 15400.1 0.0254397 0.885493 8494.09 -0.192646
78 15600.1 0.0197687 0.696501 8493.85 -0.116934
79 15800.1 0.0153578 0.544059 8493.66 -0.0700418
80 16000 0.0118133 0.422109 8493.51 -0.0413857
81 16200 0.00897763 0.325149 8493.39 -0.0241306
82 16400 0.00685085 0.248752 8493.29 -0.0138863
83 16600 0.00511791 0.188932 8493.22 -0.00788905
84 16800 0.00385757 0.142517 8493.16 -0.00442367
85 17000 0.00283354 0.106685 8493.12 -0.00244983
86 17200 0.0021246 0.079293 8493.09 -0.0013401
87 17400 0.00157319 0.0584618 8493.07 -0.000724139
88 17600 0.00110056 0.0427803 8493.05 -0.000386321
89 17800 0.000864242 0.0310112 8493.03 -0.000203642
90 18000 0.000627924 0.0221912 8493.02 -0.000106261
91 18200 0.000391606 0.0157624 8493.02 -5.45825e-05
92 18400 0.000312834 0.0108632 8493.01 -2.81343e-05
93 18600 0.000234061 0.00744932 8493.01 -1.43032e-05
94 18800 0.000155296 0.00499247 8493.01 -7.08459e-06
95 19000 7.63863e-05 0.0032768 8493 -3.3705e-06
96 19200 7.63863e-05 0.00172604 8493 -1.72207e-06
97 19400 7.63863e-05 0.000874157 8493 -8.86609e-07
98 19600 7.63863e-05 0.000419958 8493 4.49168e-07
99 19800 7.63863e-05 0.000168532 8493 0.00130489
