NTS LL(mkm)  STRESS(GPa)   VEL(m / s)  DENS(kg/m3)  ENERGY(J) 
0 301.395 5.70147 200 9054.22 -19621.1
1 488.998 5.70139 199.941 9054.22 -19660.7
2 676.601 5.70115 199.881 9054.21 -19658.4
3 864.205 5.70067 199.819 9054.18 -19660.4
4 1051.81 5.70051 199.758 9054.14 -19660.9
5 1239.41 5.69908 199.69 9054.07 -19660.1
6 1427.02 5.69695 199.613 9053.94 -19651.1
7 1614.63 5.69336 199.518 9053.71 -19636.1
8 1802.24 5.6864 199.39 9053.29 -19607.8
9 1989.86 5.67446 199.204 9052.57 -19558.7
10 2177.5 5.6542 198.913 9051.32 -19472.6
11 2365.17 5.61978 198.448 9049.23 -19328.5
12 2552.87 5.56317 197.696 9045.8 -19094.4
13 2740.65 5.47234 196.483 9040.28 -18723.4
14 2928.54 5.32872 194.546 9031.58 -18148.1
15 3116.62 5.10576 191.48 9018.09 -17283.6
16 3304.97 4.76381 186.68 8997.49 -16031.7
17 3493.76 4.24563 179.267 8966.45 -14300
18 3683.2 3.61978 168.017 8921.02 -12094.9
19 3873.6 3.2995 153.162 8872.6 -9979.8
20 4065.04 2.98746 138.614 8826.24 -8119.35
21 4257.49 2.68442 124.45 8781.85 -6495.72
22 4450.91 2.38897 110.722 8739.32 -5090.95
23 4645.28 2.10179 97.4873 8698.59 -3888.32
24 4840.55 1.8208 84.7214 8659.37 -2867.68
25 5036.71 1.41257 72.0941 8620.81 -2017.82
26 5233.74 2.22251 57.1959 8590.5 -1486.77
27 5431.47 2.21846 55.3032 8590.32 -1481.39
28 5629.21 2.1877 54.6598 8588.95 -1440.44
29 5826.97 2.14594 54.0353 8587.09 -1385.73
30 6024.78 2.09281 53.147 8584.72 -1317.74
31 6222.64 2.02874 51.973 8581.87 -1237.97
32 6420.57 1.95381 50.5275 8578.54 -1147.94
33 6618.58 1.86856 48.8158 8574.75 -1049.56
34 6816.67 1.77359 46.8434 8570.54 -945.261
35 7014.86 1.67013 44.6235 8565.96 -837.869
36 7213.16 1.55967 42.18 8561.07 -730.402
37 7411.57 1.44406 39.546 8555.97 -625.794
38 7610.1 1.3251 36.7623 8550.73 -526.695
39 7808.75 1.20488 33.8751 8545.44 -435.26
40 8007.52 1.08538 30.9336 8540.2 -353.059
41 8206.41 0.968548 27.9875 8535.08 -281.014
42 8405.43 0.856114 25.0849 8530.16 -219.429
43 8604.56 0.749344 22.2698 8525.5 -168.062
44 8803.79 0.64966 19.581 8521.15 -126.242
45 9003.13 0.557702 17.0506 8517.15 -92.9953
46 9202.57 0.474108 14.7029 8513.52 -67.1781
47 9402.08 0.399048 12.555 8510.26 -47.5879
48 9601.68 0.332688 10.6161 8507.38 -33.0573
49 9801.34 0.274643 8.8892 8504.87 -22.5198
50 10001.1 0.224529 7.37066 8502.7 -15.0457
51 10200.8 0.181721 6.05203 8500.85 -9.85941
52 10400.6 0.145752 4.92124 8499.29 -6.33735
53 10600.5 0.11576 3.9631 8497.99 -3.99604
54 10800.4 0.0910379 3.16083 8496.93 -2.47214
55 11000.3 0.0709592 2.49689 8496.06 -1.50065
56 11200.2 0.0547372 1.95361 8495.36 -0.894008
57 11400.2 0.0419004 1.51415 8494.8 -0.522727
58 11600.1 0.0317406 1.16244 8494.37 -0.30006
59 11800.1 0.0237857 0.884147 8494.03 -0.169102
60 12000.1 0.0177208 0.666188 8493.76 -0.0935803
61 12200 0.0130736 0.497283 8493.56 -0.0508739
62 12400 0.00952902 0.367818 8493.41 -0.0271675
63 12600 0.00692962 0.269489 8493.3 -0.0142583
64 12800 0.00496036 0.19564 8493.21 -0.00735576
65 13000 0.00354249 0.140717 8493.15 -0.00373101
66 13200 0.00251846 0.100213 8493.11 -0.00186231
67 13400 0.00173074 0.0706825 8493.07 -0.000914891
68 13600 0.0012581 0.0493426 8493.05 -0.00044255
69 13800 0.000864242 0.0340216 8493.03 -0.000211323
70 14000 0.000549152 0.023195 8493.02 -9.95569e-05
71 14200 0.000391606 0.0155118 8493.02 -4.66382e-05
72 14400 0.000234061 0.0103345 8493.01 -2.12783e-05
73 14600 0.000155296 0.00658317 8493.01 -9.69643e-06
74 14800 0.000155296 0.00395876 8493 -4.55409e-06
75 15000 7.63863e-05 0.00237732 8493 -2.08348e-06
76 15200 7.63863e-05 0.0011253 8493 -1.00578e-06
77 15400 7.63863e-05 0.000543368 8493 -4.85698e-07
78 15600 7.63863e-05 0.000263116 8493 -2.3389e-07
79 15800 7.63863e-05 0.000126998 8493 -1.12334e-07
80 16000 7.63863e-05 6.11246e-05 8493 -5.38298e-08
81 16200 7.63863e-05 2.93512e-05 8493 -2.57311e-08
82 16400 7.63863e-05 1.40617e-05 8493 -1.22717e-08
83 16600 7.63863e-05 6.72065e-06 8493 -5.83926e-09
84 16800 7.63863e-05 3.20419e-06 8493 -2.76923e-09
85 17000 7.63863e-05 1.52384e-06 8493 -1.31183e-09
86 17200 7.63863e-05 7.22866e-07 8493 -6.18469e-10
87 17400 7.63863e-05 3.42023e-07 8493 -2.91449e-10
88 17600 7.63863e-05 1.61404e-07 8493 -1.36831e-10
89 17800 7.63863e-05 7.59655e-08 8493 -6.41245e-11
90 18000 7.63863e-05 3.5657e-08 8493 -2.97998e-11
91 18200 7.63863e-05 1.6691e-08 8493 -1.43528e-11
92 18400 7.63863e-05 7.7913e-09 8493 -6.55327e-12
93 18600 7.63863e-05 3.62665e-09 8493 -2.34045e-12
94 18800 7.63863e-05 1.6832e-09 8493 0
95 19000 7.63863e-05 7.78747e-10 8493 0
96 19200 7.63863e-05 3.58817e-10 8493 0
97 19400 7.63863e-05 1.63911e-10 8493 0
98 19600 7.63863e-05 7.25994e-11 8493 9.3424e-07
99 19800 7.63863e-05 2.75001e-11 8493 0.00130445
