NTS LL(mkm)  STRESS(GPa)   VEL(m / s)  DENS(kg/m3)  ENERGY(J) 
0 300.026 5.70107 200 9054.2 -19619.8
1 487.63 5.70099 199.94 9054.2 -19659.3
2 675.233 5.70067 199.88 9054.19 -19657
3 862.837 5.70091 199.82 9054.16 -19659
4 1050.44 5.70011 199.757 9054.12 -19659.3
5 1238.05 5.69852 199.687 9054.04 -19658.3
6 1425.65 5.69631 199.61 9053.91 -19648.9
7 1613.26 5.69248 199.514 9053.67 -19633.1
8 1800.88 5.68547 199.382 9053.23 -19603.4
9 1988.5 5.673 199.189 9052.47 -19551.9
10 2176.14 5.65155 198.887 9051.16 -19461.7
11 2363.81 5.61559 198.401 9048.97 -19311.1
12 2551.52 5.5566 197.615 9045.39 -19066.7
13 2739.31 5.46155 196.349 9039.63 -18679.8
14 2927.21 5.31157 194.328 9030.55 -18081
15 3115.31 5.07897 191.135 9016.49 -17183.1
16 3303.69 4.72253 186.139 8995.02 -15887.1
17 3492.53 4.18307 178.411 8962.72 -14104.7
18 3682.05 3.58846 166.647 8916.25 -11879
19 3872.56 3.26888 151.765 8867.99 -9787.39
20 4064.1 2.95748 137.232 8821.8 -7949.84
21 4256.65 2.65499 123.089 8777.59 -6348.14
22 4450.16 2.36048 109.371 8735.25 -4964.49
23 4644.61 2.07427 96.1626 8694.72 -3781.48
24 4839.97 1.79348 83.5185 8655.6 -2776.76
25 5036.22 1.35203 71.1659 8616.35 -1934.9
26 5233.35 2.21184 56.243 8590.03 -1472.44
27 5431.1 2.21511 54.9532 8590.17 -1476.86
28 5628.83 2.18365 54.5729 8588.77 -1435.04
29 5826.6 2.13987 53.9605 8586.82 -1377.86
30 6024.42 2.08478 53.0218 8584.37 -1307.65
31 6222.29 2.01892 51.7979 8581.43 -1226
32 6420.23 1.94227 50.3079 8578.02 -1134.33
33 6618.25 1.85521 48.5528 8574.16 -1034.6
34 6816.35 1.7586 46.5371 8569.87 -929.316
35 7014.56 1.65365 44.2753 8565.23 -821.379
36 7212.87 1.54201 41.7929 8560.29 -713.84
37 7411.3 1.42529 39.125 8555.14 -609.627
38 7609.85 1.30569 36.3136 8549.87 -511.344
39 7808.52 1.18515 33.4061 8544.58 -421.073
40 8007.31 1.06564 30.4522 8539.33 -340.289
41 8206.22 0.949108 27.5018 8534.23 -269.814
42 8405.26 0.837212 24.603 8529.34 -209.852
43 8604.41 0.731374 21.7995 8524.72 -160.074
44 8803.66 0.632701 19.129 8520.42 -119.742
45 9003.02 0.541991 16.6226 8516.47 -87.831
46 9202.47 0.459727 14.3035 8512.89 -63.1716
47 9402 0.386155 12.1875 8509.7 -44.5514
48 9601.61 0.321127 10.2828 8506.88 -30.8084
49 9801.28 0.264496 8.59072 8504.43 -20.8917
50 10001 0.215716 7.10694 8502.32 -13.893
51 10200.8 0.174244 5.822 8500.52 -9.06111
52 10400.6 0.139376 4.72297 8499.02 -5.79648
53 10600.5 0.110406 3.79441 8497.76 -3.63734
54 10800.4 0.0866287 3.01899 8496.74 -2.23925
55 11000.3 0.0673369 2.379 8495.9 -1.35258
56 11200.2 0.0518234 1.85681 8495.24 -0.801782
57 11400.2 0.0395377 1.43549 8494.7 -0.466455
58 11600.1 0.0299291 1.09937 8494.29 -0.266387
59 11800.1 0.0223679 0.833909 8493.96 -0.149371
60 12000.1 0.0166181 0.626759 8493.71 -0.0822389
61 12200 0.0122071 0.466667 8493.53 -0.0444753
62 12400 0.00889886 0.344214 8493.38 -0.0236295
63 12600 0.006457 0.251533 8493.28 -0.0123377
64 12800 0.00464528 0.182113 8493.2 -0.00633189
65 13000 0.00330617 0.130611 8493.14 -0.0031953
66 13200 0.00228214 0.0927624 8493.1 -0.00158655
67 13400 0.00165196 0.0652285 8493.07 -0.000775365
68 13600 0.00110056 0.0453386 8493.05 -0.000373788
69 13800 0.000785469 0.0311929 8493.03 -0.000177654
70 14000 0.000549152 0.0211836 8493.02 -8.33048e-05
71 14200 0.000391606 0.0141346 8493.01 -3.86887e-05
72 14400 0.000234061 0.00920912 8493.01 -1.79451e-05
73 14600 0.000155296 0.00590508 8493.01 -8.18176e-06
74 14800 7.63863e-05 0.00370109 8493 -3.55173e-06
75 15000 7.63863e-05 0.00189489 8493 -1.74089e-06
76 15200 7.63863e-05 0.000938371 8493 -8.43387e-07
77 15400 7.63863e-05 0.000456558 8493 -4.06504e-07
78 15600 7.63863e-05 0.000220541 8493 -1.9543e-07
79 15800 7.63863e-05 0.000106228 8493 -9.37476e-08
80 16000 7.63863e-05 5.10643e-05 8493 -4.48718e-08
81 16200 7.63863e-05 2.44932e-05 8493 -2.14227e-08
82 16400 7.63863e-05 1.17205e-05 8493 -1.02041e-08
83 16600 7.63863e-05 5.59475e-06 8493 -4.84946e-09
84 16800 7.63863e-05 2.66401e-06 8493 -2.29679e-09
85 17000 7.63863e-05 1.2653e-06 8493 -1.08622e-09
86 17200 7.63863e-05 5.99425e-07 8493 -5.11906e-10
87 17400 7.63863e-05 2.83234e-07 8493 -2.40585e-10
88 17600 7.63863e-05 1.33477e-07 8493 -1.1296e-10
89 17800 7.63863e-05 6.27333e-08 8493 -5.27363e-11
90 18000 7.63863e-05 2.94039e-08 8493 -2.48069e-11
91 18200 7.63863e-05 1.37439e-08 8493 -1.10781e-11
92 18400 7.63863e-05 6.40604e-09 8493 -6.55327e-12
93 18600 7.63863e-05 2.97733e-09 8493 -6.24121e-13
94 18800 7.63863e-05 1.3797e-09 8493 0
95 19000 7.63863e-05 6.37332e-10 8493 0
96 19200 7.63863e-05 2.93193e-10 8493 0
97 19400 7.63863e-05 1.33723e-10 8493 0
98 19600 7.63863e-05 5.91428e-11 8493 9.3424e-07
99 19800 7.63863e-05 2.23782e-11 8493 0.00130444
