NTS LL(mkm)  STRESS(GPa)   VEL(m / s)  DENS(kg/m3)  ENERGY(J) 
0 201.066 5.67241 200 9052.42 -19496.2
1 388.706 5.67034 199.9 9052.32 -19528.8
2 576.349 5.66552 199.78 9052.03 -19507.7
3 763.997 5.65531 199.613 9051.39 -19467.1
4 951.659 5.63384 199.343 9050.08 -19379.7
5 1139.35 5.5921 198.864 9047.56 -19211.4
6 1327.09 5.51698 198 9043 -18901.9
7 1514.92 5.38725 196.461 9035.12 -18377
8 1702.92 5.17058 193.785 9022.03 -17530
9 1891.2 4.82247 189.268 9001.02 -16239.1
10 2079.91 4.27577 181.881 8968.26 -14393.7
11 2269.31 3.60851 170.206 8919.31 -12015.8
12 2459.75 3.26249 154.47 8867.08 -9747.87
13 2651.31 2.92577 138.886 8817.12 -7772.58
14 2843.96 2.60091 123.591 8769.76 -6080.9
15 3037.65 2.29006 108.66 8725.23 -4657.4
16 3232.33 1.99358 94.2145 8683.42 -3476.84
17 3427.94 1.71019 80.666 8644.11 -2508.11
18 3624.44 1.1627 68.6571 8602.37 -1698.08
19 3821.9 2.18388 54.1085 8588.78 -1434.98
20 4019.67 2.12382 54.1281 8586.1 -1356.87
21 4217.5 2.03271 52.9766 8582.05 -1242.51
22 4415.43 1.9223 50.9926 8577.14 -1110.73
23 4613.47 1.79599 48.4874 8571.53 -969.077
24 4811.63 1.65654 45.5682 8565.36 -823.991
25 5009.94 1.50754 42.292 8558.77 -682.013
26 5208.41 1.3531 38.7348 8551.96 -549.088
27 5407.03 1.19753 34.9939 8545.12 -429.788
28 5605.81 1.0448 31.1743 8538.42 -326.955
29 5804.74 0.898539 27.3797 8532.02 -241.688
30 6003.83 0.761742 23.7045 8526.04 -173.584
31 6203.05 0.63647 20.2286 8520.58 -121.129
32 6402.41 0.524237 17.0147 8515.7 -82.1303
33 6601.87 0.425617 14.1063 8511.41 -54.1146
34 6801.44 0.340709 11.5279 8507.73 -34.6546
35 7001.1 0.268901 9.28673 8504.62 -21.5736
36 7200.82 0.209185 7.37551 8502.04 -13.0587
37 7400.61 0.16055 5.77543 8499.93 -7.68773
38 7600.45 0.121506 4.45945 8498.24 -4.40284
39 7800.32 0.090723 3.39581 8496.91 -2.45384
40 8000.23 0.0668644 2.55066 8495.88 -1.33114
41 8200.16 0.0485945 1.88969 8495.09 -0.703172
42 8400.11 0.0348122 1.38129 8494.5 -0.361798
43 8600.08 0.0246521 0.996339 8494.06 -0.18137
44 8800.05 0.0172482 0.709107 8493.74 -0.088626
45 9000.04 0.0118921 0.498082 8493.51 -0.0422328
46 9200.02 0.00811117 0.345339 8493.35 -0.0196334
47 9400.02 0.00551176 0.236302 8493.23 -0.00891072
48 9600.01 0.00362126 0.159608 8493.16 -0.00395134
49 9800.01 0.00236091 0.106355 8493.1 -0.0017142
50 10000 0.00157319 0.0699676 8493.07 -0.000727904
51 10200 0.00102179 0.0453359 8493.04 -0.000303458
52 10400 0.000627924 0.028924 8493.03 -0.000124707
53 10600 0.000391606 0.0181333 8493.02 -5.06641e-05
54 10800 0.000234061 0.0111351 8493.01 -2.03967e-05
55 11000 0.000155296 0.0065866 8493.01 -8.32991e-06
56 11200 7.63863e-05 0.00383591 8493 -3.27134e-06
57 11400 7.63863e-05 0.00184261 8493 -1.50793e-06
58 11600 7.63863e-05 0.000856022 8493 -6.87939e-07
59 11800 7.63863e-05 0.000391918 8493 -3.12354e-07
60 12000 7.63863e-05 0.000178457 8493 -1.4131e-07
61 12200 7.63863e-05 8.09827e-05 8493 -6.3683e-08
62 12400 7.63863e-05 3.66149e-05 8493 -2.85844e-08
63 12600 7.63863e-05 1.64882e-05 8493 -1.27757e-08
64 12800 7.63863e-05 7.394e-06 8493 -5.68504e-09
65 13000 7.63863e-05 3.30178e-06 8493 -2.51975e-09
66 13200 7.63863e-05 1.46809e-06 8493 -1.11181e-09
67 13400 7.63863e-05 6.49928e-07 8493 -4.88268e-10
68 13600 7.63863e-05 2.86451e-07 8493 -2.13359e-10
69 13800 7.63863e-05 1.25682e-07 8493 -9.33002e-11
70 14000 7.63863e-05 5.48901e-08 8493 -4.00978e-11
71 14200 7.63863e-05 2.38605e-08 8493 -1.73174e-11
72 14400 7.63863e-05 1.03227e-08 8493 -7.5665e-12
73 14600 7.63863e-05 4.44427e-09 8493 -3.19765e-12
74 14800 7.63863e-05 1.904e-09 8493 -1.09221e-12
75 15000 7.63863e-05 8.11634e-10 8493 0
76 15200 7.63863e-05 3.44233e-10 8493 0
77 15400 7.63863e-05 1.45249e-10 8493 0
78 15600 7.63863e-05 6.09703e-11 8493 0
79 15800 7.63863e-05 2.54589e-11 8493 0
80 16000 7.63863e-05 1.05743e-11 8493 0
81 16200 7.63863e-05 4.36844e-12 8493 0
82 16400 7.63863e-05 1.79492e-12 8493 0
83 16600 7.63863e-05 7.3347e-13 8493 0
84 16800 7.63863e-05 2.98068e-13 8493 0
85 17000 7.63863e-05 1.20454e-13 8493 0
86 17200 7.63863e-05 4.84043e-14 8493 0
87 17400 7.63863e-05 1.9341e-14 8493 0
88 17600 7.63863e-05 7.68401e-15 8493 0
89 17800 7.63863e-05 3.03525e-15 8493 0
90 18000 7.63863e-05 1.19202e-15 8493 0
91 18200 7.63863e-05 4.65403e-16 8493 0
92 18400 7.63863e-05 1.8065e-16 8493 0
93 18600 7.63863e-05 6.97046e-17 8493 0
94 18800 7.63863e-05 2.67311e-17 8493 0
95 19000 7.63863e-05 1.02008e-17 8493 0
96 19200 7.63863e-05 3.86063e-18 8493 0
97 19400 7.63863e-05 1.4504e-18 8493 0
98 19600 7.63863e-05 5.27904e-19 8493 9.3424e-07
99 19800 7.63863e-05 1.69529e-19 8493 0.00130381
