NTS LL(mkm)  STRESS(GPa)   VEL(m / s)  DENS(kg/m3)  ENERGY(J) 
0 301.146 5.70139 200 9054.22 -19620.9
1 488.749 5.70131 199.941 9054.21 -19660.5
2 676.353 5.70107 199.881 9054.2 -19658.1
3 863.956 5.70131 199.819 9054.18 -19660.2
4 1051.56 5.70043 199.758 9054.14 -19660.6
5 1239.16 5.69892 199.69 9054.07 -19659.7
6 1426.77 5.69687 199.612 9053.94 -19650.7
7 1614.38 5.6932 199.517 9053.7 -19635.6
8 1801.99 5.68658 199.389 9053.28 -19607
9 1989.62 5.67414 199.202 9052.55 -19557.4
10 2177.25 5.65356 198.909 9051.29 -19470.7
11 2364.92 5.61882 198.439 9049.18 -19325.4
12 2552.63 5.56204 197.681 9045.72 -19089.5
13 2740.41 5.47032 196.459 9040.16 -18715.6
14 2928.3 5.32553 194.507 9031.4 -18136.1
15 3116.38 5.1008 191.419 9017.8 -17265.5
16 3304.74 4.75605 186.583 8997.05 -16005.8
17 3493.53 4.23414 179.113 8965.78 -14265
18 3682.99 3.61407 167.771 8920.15 -12055.6
19 3873.41 3.294 152.909 8871.76 -9944.67
20 4064.87 2.9822 138.362 8825.43 -8088.38
21 4257.34 2.67883 124.202 8781.07 -6468.76
22 4450.78 2.38389 110.477 8738.58 -5067.82
23 4645.16 2.09666 97.2485 8697.88 -3868.71
24 4840.44 1.81578 84.5063 8658.68 -2850.9
25 5036.62 1.40156 71.928 8620 -2002.48
26 5233.67 2.22025 57.0227 8590.4 -1483.77
27 5431.4 2.21768 55.2295 8590.29 -1480.38
28 5629.14 2.18692 54.6381 8588.92 -1439.44
29 5826.9 2.14485 54.0207 8587.04 -1384.33
30 6024.71 2.0914 53.1248 8584.66 -1315.93
31 6222.58 2.02695 51.9418 8581.79 -1235.81
32 6420.51 1.95178 50.4881 8578.45 -1145.48
33 6618.52 1.86614 48.7685 8574.64 -1046.86
34 6816.61 1.77093 46.7882 8570.42 -942.374
35 7014.81 1.66716 44.5607 8565.83 -834.878
36 7213.11 1.55647 42.1101 8560.93 -727.392
37 7411.52 1.44062 39.4699 8555.82 -622.851
38 7610.05 1.32158 36.6811 8550.57 -523.895
39 7808.7 1.20128 33.7902 8545.29 -432.668
40 8007.48 1.08178 30.8462 8540.04 -350.721
41 8206.38 0.96502 27.8993 8534.93 -278.96
42 8405.4 0.852663 24.9973 8530.01 -217.669
43 8604.53 0.746127 22.1842 8525.36 -166.591
44 8803.77 0.64652 19.4986 8521.02 -125.043
45 9003.11 0.554795 16.9725 8517.03 -92.0407
46 9202.55 0.471436 14.63 8513.4 -66.436
47 9402.07 0.396689 12.4878 8510.16 -47.0243
48 9601.67 0.330564 10.5551 8507.29 -32.6391
49 9801.33 0.272756 8.83453 8504.79 -22.2164
50 10001.1 0.222877 7.32227 8502.63 -14.8305
51 10200.8 0.180383 6.00981 8500.79 -9.71003
52 10400.6 0.144571 4.88478 8499.24 -6.23593
53 10600.5 0.114736 3.93204 8497.95 -3.92866
54 10800.4 0.0902506 3.13473 8496.89 -2.42828
55 11000.3 0.0702505 2.47511 8496.03 -1.47272
56 11200.2 0.0541859 1.93574 8495.34 -0.876574
57 11400.2 0.0414278 1.49962 8494.79 -0.512063
58 11600.1 0.0314256 1.15077 8494.35 -0.293662
59 11800.1 0.0235494 0.874835 8494.01 -0.165345
60 12000.1 0.0174845 0.658868 8493.75 -0.0914168
61 12200 0.0129161 0.491596 8493.56 -0.0496509
62 12400 0.00945025 0.363424 8493.41 -0.0264902
63 12600 0.00685085 0.266151 8493.29 -0.0138897
64 12800 0.00488159 0.193118 8493.21 -0.00715882
65 13000 0.00346371 0.138834 8493.15 -0.00362766
66 13200 0.00243968 0.0988214 8493.1 -0.00180897
67 13400 0.00173074 0.0696545 8493.07 -0.000888007
68 13600 0.00117933 0.0485841 8493.05 -0.000429426
69 13800 0.000864242 0.0335347 8493.03 -0.000204488
70 14000 0.000549152 0.0227747 8493.02 -9.64973e-05
71 14200 0.000391606 0.0152531 8493.02 -4.5161e-05
72 14400 0.000234061 0.0101342 8493.01 -2.06414e-05
73 14600 0.000155296 0.00645948 8493.01 -9.4015e-06
74 14800 0.000155296 0.00390112 8493 -4.37291e-06
75 15000 7.63863e-05 0.00229731 8493 -2.01454e-06
76 15200 7.63863e-05 0.00108665 8493 -9.73804e-07
77 15400 7.63863e-05 0.000526132 8493 -4.70262e-07
78 15600 7.63863e-05 0.000254827 8493 -2.2639e-07
79 15800 7.63863e-05 0.000122952 8493 -1.08705e-07
80 16000 7.63863e-05 5.91614e-05 8493 -5.20797e-08
81 16200 7.63863e-05 2.84025e-05 8493 -2.48892e-08
82 16400 7.63863e-05 1.36043e-05 8493 -1.18675e-08
83 16600 7.63863e-05 6.5006e-06 8493 -5.64564e-09
84 16800 7.63863e-05 3.09857e-06 8493 -2.67671e-09
85 17000 7.63863e-05 1.47326e-06 8493 -1.26768e-09
86 17200 7.63863e-05 6.98706e-07 8493 -5.97563e-10
87 17400 7.63863e-05 3.3051e-07 8493 -2.81463e-10
88 17600 7.63863e-05 1.55932e-07 8493 -1.3215e-10
89 17800 7.63863e-05 7.33715e-08 8493 -6.17841e-11
90 18000 7.63863e-05 3.44306e-08 8493 -2.88637e-11
91 18200 7.63863e-05 1.61126e-08 8493 -1.37287e-11
92 18400 7.63863e-05 7.5193e-09 8493 -6.55327e-12
93 18600 7.63863e-05 3.49908e-09 8493 -2.02839e-12
94 18800 7.63863e-05 1.62354e-09 8493 0
95 19000 7.63863e-05 7.50931e-10 8493 0
96 19200 7.63863e-05 3.45901e-10 8493 0
97 19400 7.63863e-05 1.57966e-10 8493 0
98 19600 7.63863e-05 6.99479e-11 8493 9.3424e-07
99 19800 7.63863e-05 2.64905e-11 8493 0.00130444
