NTS LL(mkm)  STRESS(GPa)   VEL(m / s)  DENS(kg/m3)  ENERGY(J) 
0 400.845 5.72278 200 9055.5 -19710.1
1 588.422 5.7227 199.953 9055.5 -19749.9
2 775.999 5.72262 199.905 9055.49 -19748.1
3 963.576 5.72246 199.858 9055.48 -19751.1
4 1151.15 5.72222 199.811 9055.47 -19753.6
5 1338.73 5.7219 199.763 9055.46 -19756.8
6 1526.31 5.72151 199.716 9055.44 -19755.5
7 1713.88 5.72103 199.668 9055.42 -19754.9
8 1901.46 5.72103 199.621 9055.38 -19753.1
9 2089.04 5.72027 199.575 9055.34 -19751.4
10 2276.62 5.71883 199.523 9055.27 -19747
11 2464.2 5.71732 199.465 9055.18 -19740.2
12 2651.79 5.71458 199.4 9055.02 -19729.8
13 2839.37 5.71117 199.317 9054.78 -19714
14 3026.96 5.70477 199.205 9054.4 -19687.2
15 3214.56 5.69457 199.046 9053.78 -19643.6
16 3402.18 5.67845 198.809 9052.79 -19576
17 3589.81 5.65252 198.446 9051.24 -19469.1
18 3777.47 5.61262 197.884 9048.8 -19300.8
19 3965.19 5.55002 197.016 9045.01 -19043.2
20 4152.98 5.45442 195.675 9039.19 -18651.3
21 4340.9 5.30756 193.612 9030.31 -18065.6
22 4529 5.08527 190.454 9016.87 -17208.8
23 4717.38 4.7509 185.634 8996.71 -15986.8
24 4906.18 4.2489 178.339 8966.65 -14310.9
25 5095.62 3.63079 167.42 8922.72 -12172.7
26 5285.98 3.31931 152.931 8875.58 -10105
27 5477.36 3.0156 138.781 8830.33 -8277.48
28 5669.72 2.71895 125.034 8786.88 -6671.88
29 5863.03 2.42855 111.702 8744.97 -5269.24
30 6057.27 2.14492 98.7581 8704.68 -4059.06
31 6252.41 1.86573 86.0737 8665.6 -3021.36
32 6448.42 1.51321 73.2625 8628.23 -2163.54
33 6645.29 2.24673 58.7093 8591.58 -1519.62
34 6842.99 2.25467 56.2124 8591.94 -1530.59
35 7040.69 2.24096 55.4492 8591.33 -1511.9
36 7238.4 2.22329 55.1066 8590.54 -1488.09
37 7436.13 2.19985 54.7394 8589.49 -1456.79
38 7633.89 2.17025 54.2355 8588.17 -1417.64
39 7831.67 2.1341 53.5807 8586.56 -1370.61
40 8029.49 2.09101 52.7704 8584.64 -1315.63
41 8227.35 2.04067 51.7954 8582.4 -1252.81
42 8425.27 1.9829 50.646 8579.83 -1182.61
43 8623.25 1.91762 49.3153 8576.93 -1105.82
44 8821.29 1.84523 47.8013 8573.71 -1023.58
45 9019.41 1.76601 46.1068 8570.2 -937.289
46 9217.61 1.6806 44.2399 8566.42 -848.573
47 9415.89 1.58991 42.214 8562.41 -759.178
48 9614.27 1.4948 40.0471 8558.21 -670.849
49 9812.75 1.39651 37.7614 8553.87 -585.265
50 10011.3 1.29607 35.3826 8549.45 -503.92
51 10210 1.19479 32.9388 8545 -428.067
52 10408.8 1.09384 30.4598 8540.57 -358.652
53 10607.7 0.994412 27.9757 8536.21 -296.31
54 10806.7 0.897677 25.5158 8531.98 -241.343
55 11005.7 0.804423 23.1082 8527.91 -193.761
56 11204.9 0.715677 20.778 8524.03 -153.311
57 11404.2 0.632073 18.5478 8520.39 -119.539
58 11603.6 0.554088 16.4362 8517 -91.8397
59 11803 0.482202 14.458 8513.87 -69.5198
60 12002.5 0.416499 12.624 8511.02 -51.8468
61 12202.1 0.357064 10.9407 8508.44 -38.0944
62 12401.7 0.303825 9.41153 8506.13 -27.5745
63 12601.4 0.25655 8.03571 8504.09 -19.664
64 12801.1 0.215087 6.80981 8502.29 -13.8151
65 13000.9 0.178967 5.72792 8500.73 -9.56235
66 13200.7 0.147799 4.78208 8499.38 -6.52108
67 13400.6 0.121192 3.96275 8498.23 -4.38161
68 13600.5 0.0985965 3.25941 8497.25 -2.90094
69 13800.4 0.0796209 2.6611 8496.44 -1.8926
70 14000.3 0.0638721 2.15655 8495.75 -1.21681
71 14200.2 0.0508784 1.73481 8495.19 -0.771015
72 14400.2 0.0401677 1.38534 8494.73 -0.481487
73 14600.1 0.0315043 1.09821 8494.36 -0.296417
74 14800.1 0.0245733 0.864264 8494.06 -0.179874
75 15000.1 0.0189811 0.675178 8493.82 -0.107619
76 15200.1 0.0145702 0.523698 8493.63 -0.0634869
77 15400 0.0111044 0.40319 8493.48 -0.0369332
78 15600 0.00842625 0.30826 8493.36 -0.0211887
79 15800 0.00637823 0.233884 8493.27 -0.0119902
80 16000 0.00472405 0.176191 8493.2 -0.0066932
81 16200 0.00354249 0.131702 8493.15 -0.00368811
82 16400 0.00259723 0.0977105 8493.11 -0.00200589
83 16600 0.00188828 0.0719476 8493.08 -0.00107658
84 16800 0.00141565 0.052557 8493.06 -0.000570091
85 17000 0.00102179 0.0379568 8493.04 -0.000298733
86 17200 0.000706697 0.0271911 8493.03 -0.000154785
87 17400 0.000549152 0.0193184 8493.02 -7.89673e-05
88 17600 0.000391606 0.0133916 8493.01 -4.01587e-05
89 17800 0.000234061 0.00928114 8493.01 -1.99433e-05
90 18000 0.000155296 0.00619435 8493.01 -9.79225e-06
91 18200 0.000155296 0.00384918 8493 -4.98674e-06
92 18400 7.63863e-05 0.00251269 8493 -2.36338e-06
93 18600 7.63863e-05 0.00124128 8493 -1.1759e-06
94 18800 7.63863e-05 0.000615606 8493 -5.87024e-07
95 19000 7.63863e-05 0.000307317 8493 -2.9311e-07
96 19200 7.63863e-05 0.000153104 8493 -1.46687e-07
97 19400 7.63863e-05 7.54741e-05 8493 -7.4502e-08
98 19600 7.63863e-05 3.58229e-05 8493 8.94004e-07
99 19800 7.63863e-05 1.42878e-05 8493 0.00130505
