NTS LL(mkm)  STRESS(GPa)   VEL(m / s)  DENS(kg/m3)  ENERGY(J) 
0 200.941 5.67233 200 9052.42 -19496
1 388.582 5.67026 199.9 9052.31 -19528.6
2 576.224 5.66536 199.779 9052.03 -19507.3
3 763.873 5.65515 199.613 9051.38 -19466.5
4 951.535 5.63352 199.341 9050.06 -19378.7
5 1139.22 5.59162 198.86 9047.53 -19209.6
6 1326.97 5.51651 197.993 9042.95 -18898.8
7 1514.8 5.38598 196.447 9035.04 -18371.7
8 1702.8 5.16873 193.76 9021.9 -17521.4
9 1891.08 4.81856 189.225 9000.8 -16226
10 2079.8 4.26987 181.807 8967.91 -14375.4
11 2269.2 3.60531 170.081 8918.85 -11995
12 2459.66 3.25964 154.339 8866.63 -9729.26
13 2651.23 2.92266 138.754 8816.69 -7756.2
14 2843.88 2.59803 123.462 8769.34 -6066.68
15 3037.58 2.28729 108.532 8724.82 -4645.29
16 3232.27 1.99097 94.0798 8683.05 -3466.95
17 3427.89 1.70783 80.5158 8643.78 -2500.6
18 3624.4 1.15738 68.5286 8601.97 -1691.92
19 3821.87 2.18388 54.058 8588.78 -1435.02
20 4019.64 2.12312 54.1404 8586.07 -1355.96
21 4217.47 2.03147 52.9674 8581.99 -1241.03
22 4415.4 1.92074 50.9672 8577.07 -1108.96
23 4613.44 1.79419 48.4531 8571.45 -967.156
24 4811.61 1.65459 45.5275 8565.27 -822.003
25 5009.92 1.50535 42.2455 8558.68 -680.049
26 5208.38 1.35083 38.6835 8551.86 -547.236
27 5407.01 1.19518 34.9391 8545.02 -428.115
28 5605.79 1.04245 31.1176 8538.32 -325.505
29 5804.73 0.896344 27.3226 8531.92 -240.481
30 6003.82 0.759624 23.6484 8525.95 -172.616
31 6203.04 0.634507 20.175 8520.5 -120.383
32 6402.4 0.522509 16.9646 8515.62 -81.5738
33 6601.87 0.424045 14.0605 8511.35 -53.7144
34 6801.43 0.339293 11.4869 8507.67 -34.3763
35 7001.09 0.267721 9.25077 8504.57 -21.3863
36 7200.82 0.208241 7.34454 8501.99 -12.9368
37 7400.61 0.159763 5.7493 8499.9 -7.61082
38 7600.44 0.120877 4.43778 8498.22 -4.35582
39 7800.32 0.0902506 3.37816 8496.89 -2.42595
40 8000.23 0.066392 2.5365 8495.86 -1.3151
41 8200.16 0.0482795 1.87857 8495.08 -0.6942
42 8400.11 0.0346547 1.37268 8494.49 -0.356923
43 8600.08 0.0244945 0.989746 8494.06 -0.178799
44 8800.05 0.0170907 0.704157 8493.74 -0.0873085
45 9000.04 0.0118133 0.494439 8493.51 -0.0415737
46 9200.02 0.0080324 0.342671 8493.35 -0.0193136
47 9400.02 0.00543299 0.234403 8493.23 -0.00875859
48 9600.01 0.00362126 0.158258 8493.15 -0.00388094
49 9800.01 0.00236091 0.105398 8493.1 -0.00168286
50 10000 0.00157319 0.0693364 8493.07 -0.000713758
51 10200 0.00102179 0.0448931 8493.04 -0.000297338
52 10400 0.000627924 0.0286146 8493.03 -0.000122237
53 10600 0.000391606 0.0179363 8493.02 -4.96647e-05
54 10800 0.000234061 0.0110057 8493.01 -2.00087e-05
55 11000 0.000155296 0.00650525 8493.01 -8.17424e-06
56 11200 7.63863e-05 0.00378492 8493 -3.21585e-06
57 11400 7.63863e-05 0.00181314 8493 -1.48052e-06
58 11600 7.63863e-05 0.000840804 8493 -6.7506e-07
59 11800 7.63863e-05 0.000384648 8493 -3.06434e-07
60 12000 7.63863e-05 0.000175099 8493 -1.38607e-07
61 12200 7.63863e-05 7.9446e-05 8493 -6.24529e-08
62 12400 7.63863e-05 3.59136e-05 8493 -2.80264e-08
63 12600 7.63863e-05 1.61691e-05 8493 -1.25235e-08
64 12800 7.63863e-05 7.24933e-06 8493 -5.57161e-09
65 13000 7.63863e-05 3.23647e-06 8493 -2.46889e-09
66 13200 7.63863e-05 1.43873e-06 8493 -1.08919e-09
67 13400 7.63863e-05 6.36786e-07 8493 -4.78205e-10
68 13600 7.63863e-05 2.80593e-07 8493 -2.08913e-10
69 13800 7.63863e-05 1.23082e-07 8493 -9.12719e-11
70 14000 7.63863e-05 5.37416e-08 8493 -3.92387e-11
71 14200 7.63863e-05 2.33554e-08 8493 -1.70054e-11
72 14400 7.63863e-05 1.01016e-08 8493 -7.41047e-12
73 14600 7.63863e-05 4.34792e-09 8493 -3.1206e-12
74 14800 7.63863e-05 1.86222e-09 8493 -1.01323e-12
75 15000 7.63863e-05 7.93605e-10 8493 0
76 15200 7.63863e-05 3.36492e-10 8493 0
77 15400 7.63863e-05 1.41942e-10 8493 0
78 15600 7.63863e-05 5.95647e-11 8493 0
79 15800 7.63863e-05 2.48645e-11 8493 0
80 16000 7.63863e-05 1.03242e-11 8493 0
81 16200 7.63863e-05 4.26384e-12 8493 0
82 16400 7.63863e-05 1.75139e-12 8493 0
83 16600 7.63863e-05 7.15451e-13 8493 0
84 16800 7.63863e-05 2.90651e-13 8493 0
85 17000 7.63863e-05 1.17418e-13 8493 0
86 17200 7.63863e-05 4.71683e-14 8493 0
87 17400 7.63863e-05 1.88407e-14 8493 0
88 17600 7.63863e-05 7.48264e-15 8493 0
89 17800 7.63863e-05 2.95466e-15 8493 0
90 18000 7.63863e-05 1.15995e-15 8493 0
91 18200 7.63863e-05 4.52723e-16 8493 0
92 18400 7.63863e-05 1.75664e-16 8493 0
93 18600 7.63863e-05 6.7753e-17 8493 0
94 18800 7.63863e-05 2.59739e-17 8493 0
95 19000 7.63863e-05 9.90753e-18 8493 0
96 19200 7.63863e-05 3.74865e-18 8493 0
97 19400 7.63863e-05 1.40774e-18 8493 0
98 19600 7.63863e-05 5.11907e-19 8493 9.3424e-07
99 19800 7.63863e-05 1.64197e-19 8493 0.00130381
