NTS LL(mkm)  STRESS(GPa)   VEL(m / s)  DENS(kg/m3)  ENERGY(J) 
0 200.194 5.67193 200 9052.4 -19494.8
1 387.835 5.66986 199.898 9052.29 -19527.1
2 575.478 5.66532 199.777 9052 -19505.2
3 763.127 5.65452 199.608 9051.33 -19463.1
4 950.79 5.63169 199.331 9049.97 -19372.7
5 1138.48 5.58892 198.837 9047.38 -19198.8
6 1326.23 5.5114 197.946 9042.67 -18879.8
7 1514.07 5.37762 196.36 9034.55 -18339.5
8 1702.08 5.15518 193.607 9021.07 -17469.4
9 1890.37 4.79646 188.962 8999.46 -16146.6
10 2079.12 4.23478 181.359 8965.81 -14264.4
11 2268.57 3.58751 169.325 8916.09 -11870.4
12 2459.08 3.24156 153.547 8863.93 -9617.91
13 2650.71 2.90507 137.96 8814.07 -7658.32
14 2843.43 2.58047 122.684 8766.82 -5981.77
15 3037.18 2.27027 107.77 8722.4 -4572.83
16 3231.92 1.97481 93.2799 8680.79 -3407.61
17 3427.59 1.69354 79.5957 8641.82 -2455.98
18 3624.15 1.12619 67.6832 8599.67 -1656.42
19 3821.67 2.18481 53.8582 8588.82 -1436.16
20 4019.44 2.1186 54.2223 8585.87 -1350.17
21 4217.27 2.02406 52.9038 8581.66 -1231.9
22 4415.21 1.91154 50.8076 8576.66 -1098.27
23 4613.26 1.7835 48.2445 8570.98 -955.581
24 4811.44 1.64256 45.2815 8564.74 -810.052
25 5009.76 1.4923 41.9652 8558.1 -668.272
26 5208.24 1.33714 38.3743 8551.26 -536.15
27 5406.88 1.18116 34.6091 8544.4 -418.127
28 5605.67 1.02858 30.7763 8537.71 -316.872
29 5804.63 0.882856 26.9796 8531.33 -233.31
30 6003.73 0.746912 23.3125 8525.4 -166.884
31 6202.97 0.622808 19.8541 8519.99 -115.967
32 6402.33 0.511903 16.665 8515.16 -78.292
33 6601.81 0.414691 13.787 8510.94 -51.3591
34 6801.39 0.331194 11.2423 8507.32 -32.7425
35 7001.06 0.26072 9.03647 8504.27 -20.2901
36 7200.79 0.202418 7.16042 8501.74 -12.2248
37 7400.58 0.154961 5.59401 8499.69 -7.16286
38 7600.43 0.117019 4.3092 8498.05 -4.08262
39 7800.31 0.0871798 3.27361 8496.76 -2.26431
40 8000.22 0.0640296 2.4528 8495.76 -1.22233
41 8200.16 0.0464682 1.81279 8495 -0.642486
42 8400.11 0.033237 1.32185 8494.43 -0.328888
43 8600.07 0.0234706 0.950948 8494.01 -0.164044
44 8800.05 0.0163818 0.675075 8493.7 -0.0797555
45 9000.03 0.0112619 0.472976 8493.48 -0.0378101
46 9200.02 0.00763855 0.327034 8493.33 -0.0174897
47 9400.01 0.00511791 0.223216 8493.22 -0.00789639
48 9600.01 0.00338494 0.150327 8493.15 -0.00348466
49 9800.01 0.00228214 0.0999085 8493.1 -0.00150406
50 10000 0.00149442 0.0655324 8493.06 -0.000635572
51 10200 0.000943014 0.0423095 8493.04 -0.000263997
52 10400 0.000627924 0.0269345 8493.02 -0.000107873
53 10600 0.000391606 0.0167682 8493.01 -4.38708e-05
54 10800 0.000234061 0.0102413 8493.01 -1.77667e-05
55 11000 0.000155296 0.00602856 8493.01 -7.27577e-06
56 11200 7.63863e-05 0.00348405 8493 -2.8955e-06
57 11400 7.63863e-05 0.00164084 8493 -1.32436e-06
58 11600 7.63863e-05 0.000753466 8493 -6.02366e-07
59 11800 7.63863e-05 0.000343501 8493 -2.73138e-07
60 12000 7.63863e-05 0.000156202 8493 -1.2342e-07
61 12200 7.63863e-05 7.08086e-05 8493 -5.55433e-08
62 12400 7.63863e-05 3.19725e-05 8493 -2.48942e-08
63 12600 7.63863e-05 1.43766e-05 8493 -1.11094e-08
64 12800 7.63863e-05 6.43735e-06 8493 -4.93574e-09
65 13000 7.63863e-05 2.87019e-06 8493 -2.18422e-09
66 13200 7.63863e-05 1.2742e-06 8493 -9.62263e-10
67 13400 7.63863e-05 5.63187e-07 8493 -4.22038e-10
68 13600 7.63863e-05 2.47813e-07 8493 -1.83871e-10
69 13800 7.63863e-05 1.08547e-07 8493 -8.03517e-11
70 14000 7.63863e-05 4.7325e-08 8493 -3.44018e-11
71 14200 7.63863e-05 2.05357e-08 8493 -1.48999e-11
72 14400 7.63863e-05 8.86821e-09 8493 -6.47429e-12
73 14600 7.63863e-05 3.81098e-09 8493 -2.96457e-12
74 14800 7.63863e-05 1.62959e-09 8493 -5.45142e-13
75 15000 7.63863e-05 6.93314e-10 8493 0
76 15200 7.63863e-05 2.93469e-10 8493 0
77 15400 7.63863e-05 1.2358e-10 8493 0
78 15600 7.63863e-05 5.17675e-11 8493 0
79 15800 7.63863e-05 2.15708e-11 8493 0
80 16000 7.63863e-05 8.94024e-12 8493 0
81 16200 7.63863e-05 3.68537e-12 8493 0
82 16400 7.63863e-05 1.51091e-12 8493 0
83 16600 7.63863e-05 6.16021e-13 8493 0
84 16800 7.63863e-05 2.49766e-13 8493 0
85 17000 7.63863e-05 1.007e-13 8493 0
86 17200 7.63863e-05 4.03703e-14 8493 0
87 17400 7.63863e-05 1.60921e-14 8493 0
88 17600 7.63863e-05 6.37766e-15 8493 0
89 17800 7.63863e-05 2.513e-15 8493 0
90 18000 7.63863e-05 9.84435e-16 8493 0
91 18200 7.63863e-05 3.83381e-16 8493 0
92 18400 7.63863e-05 1.48432e-16 8493 0
93 18600 7.63863e-05 5.71203e-17 8493 0
94 18800 7.63863e-05 2.18467e-17 8493 0
95 19000 7.63863e-05 8.31316e-18 8493 0
96 19200 7.63863e-05 3.14076e-18 8493 0
97 19400 7.63863e-05 1.17845e-18 8493 0
98 19600 7.63863e-05 4.31922e-19 8493 9.3424e-07
99 19800 7.63863e-05 1.32203e-19 8493 0.00130381
