NTS LL(mkm)  STRESS(GPa)   VEL(m / s)  DENS(kg/m3)  ENERGY(J) 
0 400.721 5.72278 200 9055.5 -19710
1 588.298 5.7227 199.953 9055.5 -19749.8
2 775.874 5.72262 199.905 9055.49 -19748
3 963.451 5.72246 199.858 9055.48 -19751.1
4 1151.03 5.72222 199.81 9055.47 -19753.5
5 1338.61 5.7219 199.763 9055.46 -19756.7
6 1526.18 5.72151 199.716 9055.44 -19755.4
7 1713.76 5.72103 199.668 9055.41 -19754.8
8 1901.34 5.72103 199.621 9055.38 -19753
9 2088.92 5.72019 199.574 9055.34 -19751.3
10 2276.5 5.71883 199.522 9055.27 -19746.9
11 2464.08 5.71732 199.465 9055.18 -19740.1
12 2651.66 5.71515 199.4 9055.02 -19729.6
13 2839.25 5.71109 199.316 9054.78 -19713.8
14 3026.84 5.70469 199.204 9054.39 -19686.9
15 3214.44 5.69441 199.044 9053.77 -19643.1
16 3402.05 5.67821 198.806 9052.78 -19575.2
17 3589.69 5.65212 198.442 9051.22 -19468
18 3777.35 5.61231 197.879 9048.77 -19299
19 3965.07 5.5498 197.007 9044.97 -19040.5
20 4152.86 5.45315 195.66 9039.13 -18647.1
21 4340.78 5.30631 193.591 9030.21 -18059.4
22 4528.88 5.08273 190.421 9016.73 -17199.8
23 4717.26 4.74721 185.585 8996.5 -15974.1
24 4906.07 4.24351 178.261 8966.33 -14293.9
25 5095.51 3.62839 167.299 8922.29 -12153.4
26 5285.89 3.31649 152.806 8875.17 -10087.8
27 5477.28 3.013 138.658 8829.94 -8262.31
28 5669.65 2.71629 124.913 8786.5 -6658.61
29 5862.96 2.42601 111.584 8744.61 -5257.73
30 6057.21 2.14256 98.6464 8704.33 -4049.1
31 6252.35 1.86322 85.9748 8665.25 -3012.62
32 6448.38 1.50783 73.1845 8627.83 -2155.5
33 6645.25 2.24517 58.6227 8591.52 -1517.59
34 6842.96 2.25428 56.1649 8591.92 -1529.97
35 7040.66 2.24073 55.4324 8591.32 -1511.62
36 7238.37 2.22305 55.1012 8590.53 -1487.8
37 7436.1 2.19954 54.7349 8589.48 -1456.38
38 7633.85 2.16986 54.2291 8588.15 -1417.12
39 7831.64 2.13356 53.572 8586.54 -1369.98
40 8029.46 2.09039 52.7594 8584.61 -1314.88
41 8227.32 2.03996 51.7821 8582.37 -1251.95
42 8425.24 1.98204 50.6301 8579.79 -1181.64
43 8623.22 1.91677 49.2968 8576.89 -1104.76
44 8821.26 1.84421 47.78 8573.67 -1022.43
45 9019.38 1.76484 46.0828 8570.15 -936.081
46 9217.58 1.67935 44.2133 8566.37 -847.325
47 9415.87 1.58858 42.1849 8562.35 -757.916
48 9614.25 1.49347 40.0157 8558.15 -669.598
49 9812.72 1.39503 37.728 8553.81 -584.049
50 10011.3 1.29458 35.3477 8549.39 -502.761
51 10210 1.1933 32.9028 8544.93 -426.983
52 10408.8 1.09235 30.423 8540.5 -357.658
53 10607.7 0.992923 27.9385 8536.15 -295.415
54 10806.6 0.896187 25.4788 8531.91 -240.552
55 11005.7 0.803011 23.0717 8527.84 -193.076
56 11204.9 0.714343 20.7426 8523.97 -152.727
57 11404.2 0.630817 18.5137 8520.33 -119.051
58 11603.5 0.55291 16.4037 8516.94 -91.4392
59 11803 0.481102 14.4274 8513.82 -69.1967
60 12002.5 0.415477 12.5955 8510.97 -51.5908
61 12202.1 0.356121 10.9145 8508.4 -37.895
62 12401.7 0.30296 9.38753 8506.09 -27.4219
63 12601.4 0.255842 8.01402 8504.05 -19.5492
64 12801.1 0.214457 6.79041 8502.26 -13.7302
65 13000.9 0.178416 5.71071 8500.7 -9.5006
66 13200.7 0.147326 4.76696 8499.36 -6.47691
67 13400.6 0.120719 3.94959 8498.21 -4.35054
68 13600.5 0.0982028 3.24807 8497.24 -2.87944
69 13800.4 0.0793059 2.65142 8496.42 -1.87796
70 14000.3 0.0636358 2.14837 8495.74 -1.20699
71 14200.2 0.0506421 1.72792 8495.18 -0.764541
72 14400.2 0.0400102 1.37961 8494.72 -0.477285
73 14600.1 0.0313468 1.09347 8494.35 -0.293735
74 14800.1 0.0244158 0.860407 8494.05 -0.178186
75 15000.1 0.0189023 0.672053 8493.81 -0.106572
76 15200.1 0.0144914 0.521171 8493.62 -0.0628485
77 15400 0.0111044 0.4012 8493.48 -0.0365478
78 15600 0.00834748 0.306644 8493.36 -0.0209618
79 15800 0.00629946 0.232644 8493.27 -0.0118574
80 16000 0.00472405 0.175227 8493.2 -0.00661637
81 16200 0.00346371 0.13093 8493.15 -0.00364511
82 16400 0.00259723 0.0971536 8493.11 -0.00198143
83 16600 0.00188828 0.0715001 8493.08 -0.0010632
84 16800 0.00133688 0.0522134 8493.06 -0.000562969
85 17000 0.00102179 0.0377312 8493.04 -0.000294707
86 17200 0.000706697 0.0269884 8493.03 -0.000152758
87 17400 0.000549152 0.0192059 8493.02 -7.77749e-05
88 17600 0.000391606 0.0132797 8493.01 -3.95706e-05
89 17800 0.000234061 0.00919282 8493.01 -1.96802e-05
90 18000 0.000155296 0.00614413 8493.01 -9.65942e-06
91 18200 0.000155296 0.00382014 8493 -4.91064e-06
92 18400 7.63863e-05 0.00248143 8493 -2.32797e-06
93 18600 7.63863e-05 0.00122232 8493 -1.15853e-06
94 18800 7.63863e-05 0.000606398 8493 -5.78463e-07
95 19000 7.63863e-05 0.000302849 8493 -2.88825e-07
96 19200 7.63863e-05 0.00015088 8493 -1.4453e-07
97 19400 7.63863e-05 7.43706e-05 8493 -7.34004e-08
98 19600 7.63863e-05 3.52965e-05 8493 8.94602e-07
99 19800 7.63863e-05 1.40773e-05 8493 0.00130505
