NTS LL(mkm)  STRESS(GPa)   VEL(m / s)  DENS(kg/m3)  ENERGY(J) 
0 300.151 5.70115 200 9054.21 -19619.9
1 487.754 5.70099 199.94 9054.2 -19659.5
2 675.358 5.70075 199.88 9054.19 -19657.1
3 862.961 5.70099 199.82 9054.16 -19659.1
4 1050.57 5.70011 199.757 9054.12 -19659.5
5 1238.17 5.6986 199.687 9054.05 -19658.4
6 1425.78 5.69639 199.61 9053.91 -19649.1
7 1613.39 5.69256 199.514 9053.67 -19633.4
8 1801 5.68563 199.383 9053.24 -19603.8
9 1988.62 5.67316 199.19 9052.48 -19552.5
10 2176.26 5.65187 198.889 9051.18 -19462.8
11 2363.93 5.61595 198.405 9049 -19312.7
12 2551.64 5.55698 197.623 9045.42 -19069.3
13 2739.43 5.4623 196.361 9039.69 -18683.9
14 2927.33 5.31337 194.348 9030.65 -18087.2
15 3115.42 5.08144 191.167 9016.63 -17192.3
16 3303.81 4.72645 186.189 8995.25 -15900.4
17 3492.64 4.18848 178.489 8963.07 -14122.7
18 3682.15 3.59129 166.773 8916.68 -11898.6
19 3872.65 3.27148 151.893 8868.41 -9804.8
20 4064.18 2.9604 137.358 8822.2 -7965.17
21 4256.72 2.65758 123.212 8777.97 -6361.48
22 4450.23 2.36307 109.494 8735.62 -4975.91
23 4644.67 2.07664 96.2841 8695.07 -3791.1
24 4840.03 1.79597 83.6299 8655.94 -2784.89
25 5036.26 1.35753 71.2518 8616.76 -1942.29
26 5233.39 2.21262 56.3299 8590.06 -1473.51
27 5431.13 2.21534 54.9788 8590.18 -1477.18
28 5628.87 2.18396 54.5776 8588.79 -1435.53
29 5826.64 2.14041 53.9669 8586.84 -1378.59
30 6024.45 2.08556 53.0336 8584.4 -1308.58
31 6222.32 2.01985 51.8142 8581.47 -1227.1
32 6420.26 1.94336 50.3281 8578.07 -1135.58
33 6618.28 1.85646 48.577 8574.21 -1035.97
34 6816.38 1.76 46.5652 8569.94 -930.772
35 7014.59 1.65521 44.3072 8565.3 -822.882
36 7212.9 1.54357 41.8284 8560.36 -715.347
37 7411.32 1.42701 39.1636 8555.22 -611.094
38 7609.87 1.30741 36.3546 8549.95 -512.735
39 7808.54 1.18696 33.4489 8544.65 -422.356
40 8007.33 1.06744 30.4961 8539.41 -341.441
41 8206.24 0.950911 27.546 8534.31 -270.822
42 8405.27 0.838938 24.6468 8529.41 -210.712
43 8604.42 0.733022 21.8422 8524.79 -160.79
44 8803.67 0.634271 19.1699 8520.48 -120.323
45 9003.03 0.543405 16.6613 8516.53 -88.2918
46 9202.48 0.461063 14.3397 8512.95 -63.5283
47 9402.01 0.387334 12.2207 8509.75 -44.8212
48 9601.61 0.322228 10.3129 8506.93 -31.0077
49 9801.29 0.26544 8.61761 8504.47 -21.0356
50 10001 0.216503 7.13067 8502.35 -13.9947
51 10200.8 0.174953 5.84268 8500.55 -9.13136
52 10400.6 0.139927 4.74077 8499.04 -5.84397
53 10600.5 0.110878 3.80954 8497.79 -3.66876
54 10800.4 0.0870223 3.03169 8496.75 -2.2596
55 11000.3 0.0676519 2.38954 8495.92 -1.36549
56 11200.2 0.0521384 1.86547 8495.25 -0.809798
57 11400.2 0.039774 1.4425 8494.71 -0.471335
58 11600.1 0.0300866 1.10497 8494.3 -0.269304
59 11800.1 0.0225255 0.838398 8493.97 -0.151073
60 12000.1 0.0166969 0.630253 8493.72 -0.0832161
61 12200 0.0122859 0.469393 8493.53 -0.0450244
62 12400 0.00897763 0.346304 8493.38 -0.0239325
63 12600 0.006457 0.253113 8493.28 -0.0125024
64 12800 0.00464528 0.183305 8493.2 -0.00641981
65 13000 0.00330617 0.131504 8493.14 -0.00324128
66 13200 0.00236091 0.0934417 8493.1 -0.00160967
67 13400 0.00165196 0.0656847 8493.07 -0.00078743
68 13600 0.00110056 0.04571 8493.05 -0.000379519
69 13800 0.000785469 0.0314302 8493.03 -0.000180544
70 14000 0.000549152 0.0213575 8493.02 -8.47285e-05
71 14200 0.000391606 0.0142549 8493.01 -3.93965e-05
72 14400 0.000234061 0.00931465 8493.01 -1.82303e-05
73 14600 0.000155296 0.00596637 8493.01 -8.30775e-06
74 14800 0.000155296 0.00374173 8493 -3.6025e-06
75 15000 7.63863e-05 0.00191994 8493 -1.76782e-06
76 15200 7.63863e-05 0.000952365 8493 -8.56966e-07
77 15400 7.63863e-05 0.000463804 8493 -4.13161e-07
78 15600 7.63863e-05 0.000224128 8493 -1.98655e-07
79 15800 7.63863e-05 0.000107972 8493 -9.53041e-08
80 16000 7.63863e-05 5.19072e-05 8493 -4.56217e-08
81 16200 7.63863e-05 2.49e-05 8493 -2.17831e-08
82 16400 7.63863e-05 1.19164e-05 8493 -1.0377e-08
83 16600 7.63863e-05 5.68894e-06 8493 -4.93216e-09
84 16800 7.63863e-05 2.70917e-06 8493 -2.33627e-09
85 17000 7.63863e-05 1.2869e-06 8493 -1.1051e-09
86 17200 7.63863e-05 6.09734e-07 8493 -5.208e-10
87 17400 7.63863e-05 2.88141e-07 8493 -2.44798e-10
88 17600 7.63863e-05 1.35806e-07 8493 -1.14988e-10
89 17800 7.63863e-05 6.38363e-08 8493 -5.36724e-11
90 18000 7.63863e-05 2.99248e-08 8493 -2.5275e-11
91 18200 7.63863e-05 1.39892e-08 8493 -1.12342e-11
92 18400 7.63863e-05 6.52129e-09 8493 -6.55327e-12
93 18600 7.63863e-05 3.03131e-09 8493 -7.80151e-13
94 18800 7.63863e-05 1.40492e-09 8493 0
95 19000 7.63863e-05 6.49072e-10 8493 0
96 19200 7.63863e-05 2.98637e-10 8493 0
97 19400 7.63863e-05 1.36226e-10 8493 0
98 19600 7.63863e-05 6.02576e-11 8493 9.3424e-07
99 19800 7.63863e-05 2.28023e-11 8493 0.00130444
