NTS LL(mkm)  STRESS(GPa)   VEL(m / s)  DENS(kg/m3)  ENERGY(J) 
0 420.013 5.726 200 9055.71 -19725
1 607.585 5.72593 199.955 9055.71 -19764.7
2 795.157 5.72585 199.91 9055.71 -19762.9
3 982.73 5.72569 199.866 9055.7 -19765.9
4 1170.3 5.72545 199.821 9055.68 -19768.3
5 1357.87 5.72579 199.779 9055.67 -19771.5
6 1545.45 5.72539 199.735 9055.65 -19770.2
7 1733.02 5.72492 199.691 9055.63 -19769.7
8 1920.6 5.72436 199.647 9055.6 -19768.1
9 2108.17 5.72356 199.601 9055.56 -19766.9
10 2295.75 5.7231 199.557 9055.52 -19763.9
11 2483.32 5.72166 199.51 9055.45 -19759
12 2670.9 5.72051 199.455 9055.35 -19752.7
13 2858.48 5.71804 199.395 9055.21 -19743.7
14 3046.06 5.71443 199.319 9054.99 -19728.3
15 3233.65 5.70875 199.217 9054.64 -19703.3
16 3421.24 5.6994 199.075 9054.09 -19665.7
17 3608.85 5.68523 198.862 9053.22 -19606.2
18 3796.47 5.66307 198.542 9051.86 -19511.4
19 3984.13 5.62817 198.051 9049.73 -19365.5
20 4171.82 5.57364 197.294 9046.45 -19140.8
21 4359.59 5.49078 196.127 9041.41 -18799.8
22 4547.45 5.3645 194.334 9033.74 -18290.6
23 4735.48 5.17282 191.596 9022.14 -17540.6
24 4923.75 4.88358 187.45 9004.7 -16461.5
25 5112.39 4.44852 181.233 8978.6 -14955.4
26 5301.57 3.7964 171.948 8939.71 -12959.7
27 5491.58 3.43016 157.895 8892.26 -10818.3
28 5682.6 3.12485 143.72 8846.53 -8913.42
29 5874.61 2.82596 129.912 8802.51 -7232.38
30 6067.57 2.53502 116.439 8760.26 -5763.97
31 6261.47 2.24966 103.251 8719.48 -4487.99
32 6456.28 1.97331 90.3126 8680.59 -3402.81
33 6651.95 1.69878 77.9814 8642.53 -2472.07
34 6848.49 1.12921 67.03 8599.89 -1660.43
35 7046.01 2.2433 53.2155 8591.43 -1515.1
36 7243.72 2.25514 55.6828 8591.96 -1531.24
37 7441.41 2.23894 55.4684 8591.24 -1509.19
38 7639.13 2.21947 55.0952 8590.37 -1482.95
39 7836.86 2.19556 54.6577 8589.3 -1451.11
40 8034.62 2.16628 54.1296 8588 -1412.48
41 8232.4 2.13091 53.4775 8586.42 -1366.52
42 8430.23 2.08891 52.6817 8584.55 -1313.03
43 8628.1 2.04012 51.73 8582.37 -1252.17
44 8826.01 1.9843 50.6132 8579.89 -1184.33
45 9023.99 1.92145 49.3256 8577.1 -1110.23
46 9222.03 1.8517 47.8647 8574 -1030.87
47 9420.14 1.77554 46.2331 8570.63 -947.523
48 9618.33 1.69348 44.4376 8566.99 -861.655
49 9816.6 1.60616 42.4897 8563.13 -774.844
50 10015 1.5145 40.4052 8559.08 -688.709
51 10213.4 1.41951 38.2038 8554.89 -604.809
52 10412 1.32228 35.9086 8550.6 -524.569
53 10610.6 1.22383 33.5449 8546.28 -449.208
54 10809.4 1.12541 31.1399 8541.95 -379.692
55 11008.2 1.02803 28.7213 8537.68 -316.7
56 11207.2 0.932724 26.3164 8533.51 -260.615
57 11406.2 0.840507 23.9518 8529.48 -211.548
58 11605.4 0.752169 21.6517 8525.62 -169.362
59 11804.6 0.668424 19.4381 8521.97 -133.708
60 12003.9 0.589825 17.3298 8518.55 -104.085
61 12203.3 0.516852 15.3421 8515.38 -79.8882
62 12402.8 0.449668 13.4869 8512.46 -60.4518
63 12602.3 0.388435 11.772 8509.8 -45.0963
64 12802 0.33316 10.2023 8507.4 -33.1648
65 13001.6 0.283689 8.779 8505.26 -24.0438
66 13201.3 0.239872 7.50024 8503.36 -17.184
67 13401.1 0.201316 6.36209 8501.7 -12.1072
68 13600.9 0.167791 5.35817 8500.25 -8.40962
69 13800.7 0.138904 4.48053 8498.99 -5.75871
70 14000.6 0.114106 3.71996 8497.92 -3.88788
71 14200.5 0.0931638 3.0665 8497.02 -2.58802
72 14400.4 0.0754475 2.51001 8496.25 -1.69868
73 14600.3 0.0607221 2.03987 8495.62 -1.09937
74 14800.2 0.0485158 1.64634 8495.09 -0.701661
75 15000.2 0.0385138 1.31927 8494.66 -0.441629
76 15200.1 0.0303229 1.0497 8494.31 -0.274176
77 15400.1 0.0237069 0.829442 8494.02 -0.167894
78 15600.1 0.0184297 0.650831 8493.79 -0.10142
79 15800.1 0.0142551 0.507193 8493.61 -0.0604527
80 16000 0.0109469 0.392496 8493.47 -0.0355441
81 16200 0.00834748 0.301572 8493.36 -0.0206237
82 16400 0.00629946 0.230108 8493.27 -0.0118111
83 16600 0.00472405 0.17437 8493.2 -0.00667559
84 16800 0.00354249 0.131131 8493.15 -0.00372529
85 17000 0.00259723 0.0979089 8493.11 -0.00205313
86 17200 0.00196705 0.072587 8493.08 -0.00111706
87 17400 0.00141565 0.0532965 8493.06 -0.000601202
88 17600 0.00102179 0.0388859 8493.04 -0.000319392
89 17800 0.000785469 0.0281355 8493.03 -0.000167323
90 18000 0.000549152 0.0199712 8493.02 -8.71894e-05
91 18200 0.000391606 0.0141076 8493.02 -4.47972e-05
92 18400 0.000312834 0.0099011 8493.01 -2.24068e-05
93 18600 0.000234061 0.00662401 8493.01 -1.11654e-05
94 18800 0.000155296 0.00416576 8493 -5.7529e-06
95 19000 7.63863e-05 0.00279906 8493 -2.75965e-06
96 19200 7.63863e-05 0.00143122 8493 -1.39186e-06
97 19400 7.63863e-05 0.000709253 8493 -7.13602e-07
98 19600 7.63863e-05 0.000338319 8493 5.44186e-07
99 19800 7.63863e-05 0.000135679 8493 0.00130494
