NTS LL(mkm)  STRESS(GPa)   VEL(m / s)  DENS(kg/m3)  ENERGY(J) 
0 400.597 5.7227 200 9055.5 -19709.9
1 588.173 5.7227 199.953 9055.5 -19749.7
2 775.75 5.72254 199.905 9055.49 -19747.9
3 963.327 5.72238 199.858 9055.48 -19751
4 1150.9 5.72214 199.81 9055.47 -19753.4
5 1338.48 5.7219 199.763 9055.46 -19756.6
6 1526.06 5.72151 199.716 9055.44 -19755.3
7 1713.64 5.72095 199.668 9055.41 -19754.7
8 1901.21 5.72095 199.621 9055.38 -19752.9
9 2088.79 5.72019 199.574 9055.34 -19751.2
10 2276.37 5.71883 199.522 9055.27 -19746.8
11 2463.96 5.71761 199.465 9055.17 -19739.9
12 2651.54 5.71507 199.399 9055.02 -19729.4
13 2839.13 5.71101 199.316 9054.78 -19713.5
14 3026.72 5.70461 199.203 9054.39 -19686.5
15 3214.32 5.69425 199.043 9053.76 -19642.6
16 3401.93 5.67797 198.804 9052.77 -19574.5
17 3589.56 5.6518 198.438 9051.2 -19466.8
18 3777.23 5.61175 197.873 9048.75 -19297.2
19 3964.94 5.54895 196.998 9044.93 -19037.7
20 4152.74 5.4523 195.646 9039.07 -18643
21 4340.66 5.30458 193.569 9030.12 -18053.3
22 4528.76 5.08068 190.388 9016.58 -17190.8
23 4717.15 4.74348 185.535 8996.28 -15961.3
24 4905.96 4.23828 178.184 8966.01 -14276.8
25 5095.41 3.62567 167.177 8921.87 -12134.1
26 5285.79 3.31361 152.682 8874.76 -10070.6
27 5477.19 3.0102 138.535 8829.55 -8247.15
28 5669.57 2.71372 124.792 8786.13 -6645.36
29 5862.9 2.42339 111.466 8744.25 -5246.25
30 6057.15 2.13998 98.5345 8703.98 -4039.17
31 6252.3 1.86061 85.8757 8664.9 -3003.91
32 6448.33 1.50245 73.1064 8627.43 -2147.48
33 6645.22 2.24369 58.536 8591.45 -1515.58
34 6842.92 2.25381 56.118 8591.9 -1529.38
35 7040.62 2.24058 55.4163 8591.31 -1511.35
36 7238.33 2.22282 55.096 8590.52 -1487.5
37 7436.06 2.19922 54.7305 8589.47 -1455.97
38 7633.82 2.16947 54.2227 8588.14 -1416.6
39 7831.6 2.13309 53.5633 8586.52 -1369.34
40 8029.42 2.08984 52.7485 8584.59 -1314.13
41 8227.29 2.03926 51.7687 8582.34 -1251.09
42 8425.21 1.98126 50.6142 8579.76 -1180.67
43 8623.19 1.91583 49.2783 8576.85 -1103.69
44 8821.23 1.84312 47.7587 8573.62 -1021.29
45 9019.35 1.76375 46.0588 8570.1 -934.872
46 9217.55 1.67818 44.1866 8566.31 -846.078
47 9415.84 1.58725 42.1558 8562.29 -756.654
48 9614.22 1.49206 39.9843 8558.09 -668.346
49 9812.7 1.39362 37.6947 8553.75 -582.833
50 10011.3 1.29309 35.3127 8549.32 -501.602
51 10210 1.19173 32.8666 8544.87 -425.9
52 10408.7 1.09079 30.3861 8540.44 -356.665
53 10607.6 0.991434 27.9014 8536.08 -294.522
54 10806.6 0.894697 25.4418 8531.85 -239.764
55 11005.7 0.801599 23.0353 8527.78 -192.392
56 11204.9 0.713009 20.7072 8523.92 -152.145
57 11404.2 0.629482 18.4796 8520.28 -118.565
58 11603.5 0.551732 16.3713 8516.89 -91.0399
59 11803 0.479923 14.3969 8513.77 -68.8748
60 12002.5 0.414377 12.5671 8510.93 -51.3357
61 12202.1 0.355177 10.8882 8508.36 -37.6964
62 12401.7 0.302095 9.36356 8506.06 -27.27
63 12601.4 0.255056 7.99237 8504.02 -19.4349
64 12801.1 0.213749 6.77104 8502.23 -13.6457
65 13000.9 0.177786 5.69353 8500.68 -9.43919
66 13200.7 0.146775 4.75188 8499.34 -6.43301
67 13400.6 0.120326 3.93649 8498.19 -4.31966
68 13600.5 0.0978879 3.23676 8497.22 -2.85807
69 13800.4 0.0789909 2.64174 8496.41 -1.86343
70 14000.3 0.0633208 2.1402 8495.73 -1.19725
71 14200.2 0.0504058 1.72107 8495.17 -0.75812
72 14400.2 0.0398527 1.37392 8494.72 -0.473115
73 14600.1 0.031268 1.08877 8494.35 -0.29107
74 14800.1 0.024337 0.856553 8494.05 -0.17651
75 15000.1 0.0188235 0.668933 8493.81 -0.105534
76 15200.1 0.0144126 0.518646 8493.62 -0.0622164
77 15400 0.0110256 0.399214 8493.47 -0.0361666
78 15600 0.00834748 0.305058 8493.36 -0.020736
79 15800 0.00629946 0.231408 8493.27 -0.0117251
80 16000 0.00464528 0.174234 8493.2 -0.00654119
81 16200 0.00346371 0.130189 8493.15 -0.00360236
82 16400 0.00259723 0.096599 8493.11 -0.00195707
83 16600 0.00188828 0.0710529 8493.08 -0.0010499
84 16800 0.00133688 0.0518692 8493.06 -0.000555905
85 17000 0.00102179 0.0375085 8493.04 -0.000290689
86 17200 0.000706697 0.0267844 8493.03 -0.000150752
87 17400 0.000470379 0.0190647 8493.02 -7.67588e-05
88 17600 0.000391606 0.0131986 8493.01 -3.89836e-05
89 17800 0.000234061 0.00910306 8493.01 -1.94205e-05
90 18000 0.000155296 0.00609447 8493.01 -9.5278e-06
91 18200 0.000155296 0.00379182 8493 -4.83437e-06
92 18400 7.63863e-05 0.0024497 8493 -2.29291e-06
93 18600 7.63863e-05 0.00120345 8493 -1.14143e-06
94 18800 7.63863e-05 0.000597341 8493 -5.70033e-07
95 19000 7.63863e-05 0.000298453 8493 -2.84603e-07
96 19200 7.63863e-05 0.000148688 8493 -1.42404e-07
97 19400 7.63863e-05 7.32828e-05 8493 -7.23149e-08
98 19600 7.63863e-05 3.47778e-05 8493 8.95192e-07
99 19800 7.63863e-05 1.38698e-05 8493 0.00130504
