NTS LL(mkm)  STRESS(GPa)   VEL(m / s)  DENS(kg/m3)  ENERGY(J) 
0 201.564 5.67228 200 9052.44 -19497.1
1 389.204 5.67066 199.9 9052.33 -19529.8
2 576.846 5.66591 199.781 9052.05 -19509
3 764.494 5.65595 199.616 9051.42 -19469.3
4 952.155 5.63474 199.35 9050.13 -19383.6
5 1139.84 5.59382 198.88 9047.66 -19218.4
6 1327.58 5.52035 198.031 9043.18 -18914.2
7 1515.41 5.39248 196.517 9035.44 -18397.9
8 1703.41 5.17945 193.884 9022.56 -17564
9 1891.67 4.83673 189.439 9001.89 -16290.9
10 2080.36 4.29876 182.176 8969.62 -14466.4
11 2269.73 3.62079 170.703 8921.14 -12099
12 2460.14 3.27462 154.994 8868.87 -9822.5
13 2651.66 2.9377 139.413 8818.87 -7838.29
14 2844.27 2.61245 124.111 8771.45 -6137.93
15 3037.92 2.30148 109.174 8726.84 -4705.94
16 3232.56 2.00424 94.7565 8684.92 -3516.44
17 3428.14 1.71981 81.2569 8645.43 -2538.4
18 3624.62 1.1842 69.1459 8603.96 -1723.27
19 3822.04 2.18419 54.341 8588.79 -1435.35
20 4019.81 2.12654 54.0925 8586.22 -1360.34
21 4217.63 2.03747 53.0103 8582.26 -1248.33
22 4415.55 1.92831 51.091 8577.4 -1117.74
23 4613.59 1.80309 48.6227 8571.84 -976.739
24 4811.75 1.66451 45.7298 8565.71 -831.932
25 5010.05 1.51622 42.4767 8559.15 -689.868
26 5208.5 1.36218 38.939 8552.36 -556.512
27 5407.12 1.20676 35.2123 8545.53 -436.505
28 5605.89 1.05404 31.4009 8538.82 -332.784
29 5804.81 0.907556 27.608 8532.41 -246.549
30 6003.89 0.770217 23.9286 8526.41 -177.486
31 6203.11 0.6444 20.4433 8520.93 -124.148
32 6402.45 0.531386 17.2155 8516.01 -84.383
33 6601.91 0.431984 14.2901 8511.69 -55.7383
34 6801.47 0.346213 11.6926 8507.97 -35.7856
35 7001.12 0.273542 9.43138 8504.82 -22.3357
36 7200.84 0.213198 7.50008 8502.21 -13.5558
37 7400.62 0.163777 5.88069 8500.07 -8.00189
38 7600.46 0.124183 4.54686 8498.36 -4.59526
39 7800.33 0.0928489 3.46708 8497 -2.56815
40 8000.24 0.0684393 2.60774 8495.95 -1.39709
41 8200.17 0.0498546 1.93472 8495.15 -0.740098
42 8400.12 0.0358361 1.41624 8494.54 -0.381879
43 8600.08 0.0253609 1.02298 8494.09 -0.191993
44 8800.06 0.0177996 0.729152 8493.77 -0.0940883
45 9000.04 0.0122859 0.512913 8493.53 -0.0449664
46 9200.02 0.00842625 0.356138 8493.36 -0.020967
47 9400.02 0.0056693 0.244079 8493.24 -0.00954379
48 9600.01 0.0037788 0.16511 8493.16 -0.00424466
49 9800.01 0.00251846 0.110239 8493.11 -0.00184548
50 10000 0.00165196 0.0726134 8493.07 -0.000785662
51 10200 0.00102179 0.0471261 8493.04 -0.000328443
52 10400 0.000706697 0.0301684 8493.03 -0.000134843
53 10600 0.000391606 0.0189345 8493.02 -5.47602e-05
54 10800 0.000312834 0.0116586 8493.01 -2.19902e-05
55 11000 0.000155296 0.00691714 8493.01 -8.97007e-06
56 11200 7.63863e-05 0.00404252 8493 -3.49936e-06
57 11400 7.63863e-05 0.00196263 8493 -1.6216e-06
58 11600 7.63863e-05 0.000918744 8493 -7.41709e-07
59 11800 7.63863e-05 0.000422194 8493 -3.37153e-07
60 12000 7.63863e-05 0.000192513 8493 -1.52645e-07
61 12200 7.63863e-05 8.74252e-05 8493 -6.88443e-08
62 12400 7.63863e-05 3.95564e-05 8493 -3.09265e-08
63 12600 7.63863e-05 1.78272e-05 8493 -1.38344e-08
64 12800 7.63863e-05 8.00127e-06 8493 -6.1616e-09
65 13000 7.63863e-05 3.57606e-06 8493 -2.73342e-09
66 13200 7.63863e-05 1.59146e-06 8493 -1.20722e-09
67 13400 7.63863e-05 7.05183e-07 8493 -5.3063e-10
68 13600 7.63863e-05 3.11093e-07 8493 -2.31926e-10
69 13800 7.63863e-05 1.36623e-07 8493 -1.01726e-10
70 14000 7.63863e-05 5.97271e-08 8493 -4.36846e-11
71 14200 7.63863e-05 2.59892e-08 8493 -1.88777e-11
72 14400 7.63863e-05 1.12552e-08 8493 -8.19062e-12
73 14600 7.63863e-05 4.85081e-09 8493 -3.50972e-12
74 14800 7.63863e-05 2.0804e-09 8493 -1.40427e-12
75 15000 7.63863e-05 8.87806e-10 8493 0
76 15200 7.63863e-05 3.76962e-10 8493 0
77 15400 7.63863e-05 1.59241e-10 8493 0
78 15600 7.63863e-05 6.69217e-11 8493 0
79 15800 7.63863e-05 2.79772e-11 8493 0
80 16000 7.63863e-05 1.16343e-11 8493 0
81 16200 7.63863e-05 4.81231e-12 8493 0
82 16400 7.63863e-05 1.97978e-12 8493 0
83 16600 7.63863e-05 8.10045e-13 8493 0
84 16800 7.63863e-05 3.29615e-13 8493 0
85 17000 7.63863e-05 1.33379e-13 8493 0
86 17200 7.63863e-05 5.367e-14 8493 0
87 17400 7.63863e-05 2.14743e-14 8493 0
88 17600 7.63863e-05 8.54337e-15 8493 0
89 17800 7.63863e-05 3.37946e-15 8493 0
90 18000 7.63863e-05 1.32909e-15 8493 0
91 18200 7.63863e-05 5.19676e-16 8493 0
92 18400 7.63863e-05 2.02006e-16 8493 0
93 18600 7.63863e-05 7.80657e-17 8493 0
94 18800 7.63863e-05 2.99785e-17 8493 0
95 19000 7.63863e-05 1.14592e-17 8493 0
96 19200 7.63863e-05 4.34054e-18 8493 0
97 19400 7.63863e-05 1.63703e-18 8493 0
98 19600 7.63863e-05 5.97224e-19 8493 9.3424e-07
99 19800 7.63863e-05 1.90858e-19 8493 0.00130382
