NTS LL(mkm)  STRESS(GPa)   VEL(m / s)  DENS(kg/m3)  ENERGY(J) 
0 420.511 5.72616 200 9055.72 -19725.3
1 608.083 5.72608 199.955 9055.72 -19765.1
2 795.655 5.72593 199.911 9055.71 -19763.3
3 983.227 5.72577 199.866 9055.7 -19766.3
4 1170.8 5.72553 199.821 9055.69 -19768.7
5 1358.37 5.72584 199.778 9055.67 -19771.8
6 1545.95 5.72547 199.735 9055.66 -19770.6
7 1733.52 5.725 199.692 9055.63 -19770.1
8 1921.09 5.72444 199.648 9055.6 -19768.5
9 2108.67 5.72364 199.603 9055.57 -19767.3
10 2296.24 5.72318 199.557 9055.52 -19764.3
11 2483.82 5.72182 199.511 9055.45 -19759.5
12 2671.4 5.72059 199.456 9055.36 -19753.2
13 2858.98 5.7182 199.397 9055.22 -19744.4
14 3046.56 5.71467 199.321 9055 -19729.1
15 3234.14 5.70854 199.221 9054.65 -19704.5
16 3421.74 5.69988 199.08 9054.11 -19667.4
17 3609.34 5.68603 198.87 9053.26 -19608.8
18 3796.97 5.66373 198.555 9051.92 -19515.4
19 3984.62 5.62929 198.07 9049.82 -19371.7
20 4172.31 5.57585 197.324 9046.59 -19150.3
21 4360.07 5.4946 196.174 9041.62 -18814.1
22 4547.94 5.36933 194.408 9034.06 -18311.9
23 4735.96 5.18081 191.711 9022.63 -17571.8
24 4924.22 4.89545 187.629 9005.43 -16505.7
25 5112.84 4.46684 181.506 8979.69 -15015.7
26 5302 3.82381 172.338 8941.35 -13037.7
27 5491.97 3.44105 158.419 8893.9 -10889.7
28 5682.96 3.13524 144.212 8848.12 -8976.76
29 5874.93 2.83665 130.389 8804.04 -7288.3
30 6067.86 2.54535 116.899 8761.75 -5813.06
31 6261.73 2.25982 103.7 8720.92 -4530.67
32 6456.5 1.98296 90.7917 8681.95 -3438.41
33 6652.15 1.70749 78.5399 8643.74 -2499.48
34 6848.66 1.14979 67.5031 8601.41 -1683.84
35 7046.14 2.23738 53.2472 8591.17 -1507.1
36 7243.86 2.2556 55.6388 8591.98 -1531.87
37 7441.55 2.2398 55.4719 8591.28 -1510.39
38 7639.26 2.22048 55.1155 8590.41 -1484.37
39 7837 2.19689 54.6819 8589.36 -1452.8
40 8034.75 2.16783 54.1578 8588.07 -1414.54
41 8232.54 2.13278 53.5123 8586.5 -1368.99
42 8430.36 2.09125 52.7247 8584.65 -1315.94
43 8628.22 2.04285 51.7819 8582.5 -1255.5
44 8826.14 1.98742 50.6747 8580.03 -1188.07
45 9024.11 1.92496 49.397 8577.25 -1114.33
46 9222.15 1.85568 47.9465 8574.18 -1035.28
47 9420.25 1.77991 46.3252 8570.82 -952.187
48 9618.44 1.69817 44.5397 8567.2 -866.482
49 9816.7 1.61124 42.6013 8563.35 -779.746
50 10015.1 1.51989 40.5255 8559.31 -693.593
51 10213.5 1.42514 38.3317 8555.13 -609.584
52 10412.1 1.32799 36.0429 8550.86 -529.152
53 10610.7 1.2297 33.6842 8546.53 -453.526
54 10809.5 1.13128 31.2825 8542.21 -383.688
55 11008.3 1.03383 28.8655 8537.94 -320.331
56 11207.2 0.938446 26.4608 8533.76 -263.856
57 11406.3 0.846075 24.0945 8529.73 -214.391
58 11605.4 0.757584 21.7914 8525.86 -171.811
59 11804.7 0.673605 19.5733 8522.2 -135.782
60 12004 0.594695 17.4593 8518.76 -105.812
61 12203.4 0.521409 15.4649 8515.57 -81.3009
62 12402.8 0.453833 13.602 8512.64 -61.5885
63 12602.4 0.392287 11.8791 8509.97 -45.9956
64 12802 0.33662 10.3008 8507.55 -33.8646
65 13001.6 0.286836 8.86871 8505.4 -24.5794
66 13201.3 0.242625 7.58122 8503.48 -17.5874
67 13401.1 0.203834 6.4346 8501.8 -12.406
68 13600.9 0.169994 5.42238 8500.34 -8.62746
69 13800.7 0.140793 4.53687 8499.08 -5.91506
70 14000.6 0.11576 3.76906 8497.99 -3.99833
71 14200.5 0.0945023 3.10886 8497.08 -2.66482
72 14400.4 0.0766287 2.54627 8496.3 -1.75126
73 14600.3 0.0616671 2.07062 8495.66 -1.13481
74 14800.2 0.0493033 1.67221 8495.13 -0.725202
75 15000.2 0.0391439 1.3408 8494.69 -0.45704
76 15200.1 0.0308742 1.06759 8494.33 -0.284099
77 15400.1 0.0241795 0.844101 8494.04 -0.174192
78 15600.1 0.0188235 0.662789 8493.81 -0.105357
79 15800.1 0.0144914 0.516776 8493.62 -0.0628847
80 16000 0.0111044 0.400215 8493.48 -0.0370235
81 16200 0.00850502 0.307721 8493.36 -0.0215098
82 16400 0.006457 0.234971 8493.28 -0.0123338
83 16600 0.00480282 0.178162 8493.21 -0.00698039
84 16800 0.00362126 0.13408 8493.15 -0.0039005
85 17000 0.002676 0.100173 8493.11 -0.00215278
86 17200 0.00196705 0.074319 8493.08 -0.00117314
87 17400 0.00149442 0.0546775 8493.06 -0.000631484
88 17600 0.00110056 0.0398956 8493.04 -0.000335752
89 17800 0.000785469 0.0288004 8493.03 -0.000176747
90 18000 0.000549152 0.0205823 8493.02 -9.19837e-05
91 18200 0.000391606 0.0145335 8493.02 -4.72676e-05
92 18400 0.000312834 0.0101342 8493.01 -2.3913e-05
93 18600 0.000234061 0.00683794 8493.01 -1.2004e-05
94 18800 0.000155296 0.00440318 8493 -6.07787e-06
95 19000 7.63863e-05 0.00291823 8493 -2.91509e-06
96 19200 7.63863e-05 0.00150766 8493 -1.47461e-06
97 19400 7.63863e-05 0.000751219 8493 -7.56337e-07
98 19600 7.63863e-05 0.000358585 8493 5.20826e-07
99 19800 7.63863e-05 0.000143755 8493 0.00130493
