NTS LL(mkm)  STRESS(GPa)   VEL(m / s)  DENS(kg/m3)  ENERGY(J) 
0 401.966 5.72302 200 9055.51 -19711
1 589.542 5.72302 199.953 9055.51 -19750.8
2 777.118 5.72286 199.905 9055.51 -19749
3 964.695 5.7227 199.858 9055.5 -19752
4 1152.27 5.72246 199.811 9055.49 -19754.5
5 1339.85 5.72222 199.764 9055.47 -19757.7
6 1527.43 5.72182 199.717 9055.45 -19756.4
7 1715 5.72127 199.67 9055.43 -19755.8
8 1902.58 5.72127 199.622 9055.4 -19754
9 2090.16 5.72051 199.576 9055.35 -19752.4
10 2277.74 5.71915 199.525 9055.29 -19748.1
11 2465.32 5.71772 199.468 9055.2 -19741.4
12 2652.9 5.71498 199.404 9055.05 -19731.3
13 2840.49 5.71139 199.321 9054.81 -19716.1
14 3028.08 5.70503 199.213 9054.44 -19690.2
15 3215.68 5.69545 199.058 9053.84 -19648
16 3403.29 5.67979 198.828 9052.89 -19582.7
17 3590.92 5.65515 198.477 9051.39 -19479.4
18 3778.58 5.61601 197.934 9049.03 -19316.6
19 3966.29 5.55628 197.095 9045.37 -19067.3
20 4154.08 5.46325 195.797 9039.74 -18687.8
21 4341.98 5.32139 193.802 9031.14 -18120.1
22 4530.07 5.10647 190.742 9018.14 -17288.5
23 4718.42 4.78252 186.076 8998.63 -16099.5
24 4907.18 4.29668 179.026 8969.5 -14461.9
25 5096.56 3.65616 168.501 8926.52 -12346.5
26 5286.84 3.34363 154.045 8879.25 -10260.4
27 5478.14 3.0392 139.889 8833.87 -8414.76
28 5670.43 2.74236 126.122 8790.28 -6792
29 5863.66 2.45148 112.76 8748.25 -5373.57
30 6057.83 2.1675 99.7555 8707.87 -4149.61
31 6252.89 1.88865 86.9524 8668.8 -3101.18
32 6448.84 1.56163 73.9569 8631.79 -2236.98
33 6645.62 2.26121 59.4903 8592.23 -1539.41
34 6843.31 2.25965 56.6669 8592.16 -1537.29
35 7041 2.24314 55.6292 8591.42 -1514.85
36 7238.71 2.22531 55.1697 8590.63 -1490.85
37 7436.44 2.20257 54.783 8589.61 -1460.39
38 7634.19 2.17375 54.2926 8588.33 -1422.26
39 7831.97 2.13846 53.6575 8586.75 -1376.25
40 8029.79 2.09623 52.8675 8584.87 -1322.29
41 8227.64 2.0469 51.9138 8582.68 -1260.48
42 8425.56 1.99007 50.7871 8580.15 -1191.25
43 8623.52 1.92589 49.4804 8577.29 -1115.34
44 8821.56 1.85443 47.9908 8574.12 -1033.84
45 9019.67 1.77616 46.3208 8570.65 -948.118
46 9217.85 1.69161 44.4778 8566.91 -859.77
47 9416.13 1.60171 42.4743 8562.93 -770.523
48 9614.5 1.50731 40.3278 8558.76 -682.113
49 9812.96 1.4095 38.0598 8554.45 -596.231
50 10011.5 1.30945 35.6955 8550.04 -514.388
51 10210.2 1.20833 33.2627 8545.6 -437.869
52 10409 1.10747 30.7907 8541.17 -367.656
53 10607.8 1.00797 28.3096 8536.8 -304.426
54 10806.8 0.910849 25.8487 8532.56 -248.523
55 11005.9 0.817289 23.4362 8528.47 -199.997
56 11205 0.727999 21.0976 8524.57 -158.628
57 11404.3 0.643772 18.8556 8520.9 -123.992
58 11603.6 0.565085 16.7294 8517.47 -95.5015
59 11803.1 0.492338 14.7344 8514.31 -72.478
60 12002.6 0.425774 12.8817 8511.42 -54.1951
61 12202.1 0.365477 11.1788 8508.81 -39.9258
62 12401.8 0.311454 9.62894 8506.46 -28.9786
63 12601.5 0.263394 8.23243 8504.38 -20.7221
64 12801.2 0.221067 6.98608 8502.55 -14.599
65 13001 0.184239 5.88433 8500.95 -10.1334
66 13200.8 0.152364 4.91952 8499.58 -6.93027
67 13400.6 0.125049 4.08247 8498.4 -4.66998
68 13600.5 0.101903 3.36272 8497.4 -3.10085
69 13800.4 0.0824555 2.74944 8496.56 -2.02897
70 14000.3 0.0662345 2.23141 8495.86 -1.30834
71 14200.2 0.0527684 1.79764 8495.28 -0.831496
72 14400.2 0.0418216 1.43773 8494.8 -0.520815
73 14600.1 0.0328432 1.14144 8494.41 -0.321595
74 14800.1 0.0255972 0.899627 8494.1 -0.195753
75 15000.1 0.0198475 0.703915 8493.85 -0.117477
76 15200.1 0.0152791 0.54683 8493.66 -0.0695165
77 15400 0.0116558 0.421672 8493.5 -0.0405639
78 15600 0.00882009 0.322866 8493.38 -0.0233463
79 15800 0.00669331 0.245411 8493.29 -0.0132511
80 16000 0.00496036 0.185132 8493.21 -0.00742132
81 16200 0.00370003 0.138655 8493.16 -0.00410171
82 16400 0.00275477 0.103053 8493.12 -0.0022373
83 16600 0.00204582 0.0760274 8493.09 -0.0012041
84 16800 0.00149442 0.0555793 8493.06 -0.000640208
85 17000 0.00110056 0.0403137 8493.04 -0.00033595
86 17200 0.000785469 0.028897 8493.03 -0.000174614
87 17400 0.000549152 0.0205066 8493.02 -8.98077e-05
88 17600 0.000391606 0.0143805 8493.02 -4.56095e-05
89 17800 0.000312834 0.0100043 8493.01 -2.26304e-05
90 18000 0.000234061 0.00669267 8493.01 -1.11152e-05
91 18200 0.000155296 0.00416727 8493 -5.67473e-06
92 18400 7.63863e-05 0.00277967 8493 -2.69594e-06
93 18600 7.63863e-05 0.00141415 8493 -1.34421e-06
94 18800 7.63863e-05 0.000704604 8493 -6.70303e-07
95 19000 7.63863e-05 0.000350929 8493 -3.34657e-07
96 19200 7.63863e-05 0.000174695 8493 -1.67581e-07
97 19400 7.63863e-05 8.61597e-05 8493 -8.51778e-08
98 19600 7.63863e-05 4.09203e-05 8493 8.88203e-07
99 19800 7.63863e-05 1.63277e-05 8493 0.00130505
