NTS LL(mkm)  STRESS(GPa)   VEL(m / s)  DENS(kg/m3)  ENERGY(J) 
0 1893.31 30.4522 900 10948.7 -342427
1 2048.45 30.4521 899.91 10948.7 -343042
2 2203.59 30.4518 899.821 10948.7 -343156
3 2358.74 30.4513 899.73 10948.6 -343267
4 2513.88 30.4507 899.638 10948.6 -343407
5 2669.02 30.4499 899.545 10948.5 -343453
6 2824.17 30.449 899.451 10948.4 -343350
7 2979.31 30.4479 899.354 10948.3 -343376
8 3134.46 30.4465 899.255 10948.2 -343334
9 3289.61 30.4449 899.153 10948.1 -343347
10 3444.76 30.443 899.046 10947.9 -343310
11 3599.91 30.4407 898.935 10947.7 -343331
12 3755.07 30.4377 898.816 10947.5 -343217
13 3910.22 30.4339 898.685 10947.1 -343153
14 4065.39 30.4289 898.539 10946.7 -343050
15 4220.56 30.4222 898.369 10946.1 -342893
16 4375.74 30.413 898.163 10945.3 -342668
17 4530.93 30.4003 897.904 10944.2 -342440
18 4686.13 30.3827 897.571 10942.7 -342014
19 4841.36 30.3583 897.129 10940.6 -341510
20 4996.61 30.3248 896.538 10937.8 -340802
21 5151.91 30.2792 895.741 10933.8 -339824
22 5307.26 30.2176 894.667 10928.6 -338494
23 5462.69 30.1355 893.228 10921.5 -336719
24 5618.22 30.0274 891.313 10912.3 -334384
25 5773.88 29.887 888.79 10900.4 -331362
26 5929.71 29.7067 885.503 10885.1 -327505
27 6085.76 29.478 881.271 10865.8 -322729
28 6242.08 29.1915 875.883 10841.8 -316726
29 6398.75 28.8362 869.104 10812.2 -309452
30 6555.85 28.4005 860.668 10776.3 -300602
31 6713.48 27.871 850.281 10733.2 -290139
32 6871.73 27.2331 837.617 10681.9 -277783
33 7030.75 26.4704 822.32 10621.6 -263535
34 7190.67 25.5643 803.994 10551.3 -247172
35 7351.66 24.493 782.201 10470 -228773
36 7513.89 23.2308 756.446 10376.6 -208295
37 7677.59 21.7469 726.142 10270.1 -185835
38 7842.98 20.005 690.571 10149.3 -161588
39 8010.34 17.9549 648.924 10012.5 -136058
40 8179.99 15.5285 600.424 9857.71 -109825
41 8352.3 12.6251 544.308 9681.84 -83906.9
42 8527.74 9.1281 478.22 9482.26 -60290.2
43 8706.88 9.88542 395.628 9315.82 -43797.5
44 8889.21 8.15334 350.444 9205.8 -32237.9
45 9073.73 6.31869 305.099 9091.9 -22402.5
46 9260.55 4.38062 256.966 8974.53 -14723.7
47 9449.82 3.23522 205.447 8862.98 -9575.77
48 9641.47 2.64555 161.416 8776.24 -6299.5
49 9835.02 2.17882 127.03 8709.46 -4195.26
50 10030 1.80961 100.201 8657.83 -2831.37
51 10226.2 1.35744 79.1043 8616.75 -1943.12
52 10423.4 2.21425 59.437 8590.13 -1475.81
53 10621.1 2.10348 55.5672 8585.19 -1331.26
54 10819 1.98835 52.8504 8580.07 -1189.03
55 11016.9 1.86473 50.1446 8574.58 -1045.33
56 11215 1.73494 47.206 8568.83 -904.425
57 11413.3 1.60163 44.0791 8562.93 -770.369
58 11611.6 1.46705 40.8371 8556.98 -646.022
59 11810.1 1.33331 37.54 8551.09 -533.326
60 12008.8 1.20222 34.2401 8545.33 -433.421
61 12207.5 1.07559 30.9855 8539.77 -346.727
62 12406.4 0.954673 27.8204 8534.47 -273.043
63 12605.5 0.840742 24.7824 8529.49 -211.667
64 12804.6 0.73467 21.9031 8524.86 -161.535
65 13003.9 0.636863 19.2065 8520.6 -121.365
66 13203.2 0.547883 16.7105 8516.73 -89.7755
67 13402.7 0.467664 14.4257 8513.24 -65.3878
68 13602.2 0.396139 12.3568 8510.13 -46.8961
69 13801.8 0.332924 10.5027 8507.39 -33.1227
70 14001.5 0.277711 8.85833 8505 -23.0409
71 14201.2 0.229879 7.41413 8502.93 -15.7876
72 14400.9 0.188883 6.15812 8501.16 -10.657
73 14600.7 0.154095 5.07582 8499.65 -7.0882
74 14800.6 0.124734 4.15175 8498.38 -4.64658
75 15000.5 0.100329 3.36961 8497.33 -3.00352
76 15200.4 0.0800933 2.71313 8496.46 -1.91576
77 15400.3 0.0636358 2.16628 8495.74 -1.20722
78 15600.2 0.0502483 1.71352 8495.17 -0.753439
79 15800.2 0.0396164 1.3404 8494.71 -0.467773
80 16000.1 0.031268 1.03311 8494.35 -0.291295
81 16200.1 0.0248884 0.778668 8494.07 -0.184753
82 16400.1 0.0202413 0.564694 8493.87 -0.122556
83 16600 0.0172482 0.378417 8493.74 -0.0887927
84 16800 0.0158304 0.207027 8493.68 -0.0743902
85 17000 0.015988 0.0356302 8493.69 -0.0761671
86 17200 0.0181146 -0.153251 8493.78 -0.0974884
87 17400 0.0226042 -0.382449 8493.97 -0.152156
88 17600 0.0303229 -0.682747 8494.31 -0.274299
89 17799.9 0.0426092 -1.09741 8494.84 -0.541037
90 17999.9 0.0613521 -1.6878 8495.65 -1.12221
91 18199.8 0.0895419 -2.54298 8496.86 -2.38917
92 18399.7 0.131425 -3.78914 8498.67 -5.14544
93 18599.6 0.192975 -5.59787 8501.33 -11.093
94 18799.4 0.281802 -8.17863 8505.18 -23.6727
95 18999.1 0.406201 -11.7266 8510.57 -49.2147
96 19198.7 0.571526 -16.3023 8517.75 -97.4873
97 19398.1 0.775003 -21.6927 8526.62 -179.461
98 19597.3 1.00452 -27.4705 8536.66 -301.79
99 19796.3 1.7985 -33.479 8335.75 2797.66
