NTS LL(mkm)  STRESS(GPa)   VEL(m / s)  DENS(kg/m3)  ENERGY(J) 
0 992.051 30.322 900 10937.5 -339586
1 1147.35 30.3201 899.718 10937.3 -340162
2 1302.65 30.3155 899.423 10937 -340184
3 1457.96 30.3065 899.094 10936.2 -340110
4 1613.28 30.2901 898.695 10934.8 -339904
5 1768.62 30.2612 898.159 10932.3 -339339
6 1924 30.2125 897.384 10928.1 -338201
7 2079.43 30.1339 896.21 10921.4 -336552
8 2234.96 30.0119 894.411 10911 -333914
9 2390.64 29.8297 891.677 10895.5 -330061
10 2546.54 29.5666 887.61 10873.3 -324490
11 2702.75 29.1992 881.718 10842.4 -316877
12 2859.42 28.7009 873.421 10801 -306596
13 3016.68 28.0428 862.058 10747.1 -293435
14 3174.73 27.1939 846.903 10678.8 -276997
15 3333.79 26.1214 827.181 10594.3 -257090
16 3494.13 24.79 802.083 10492.3 -233709
17 3656.02 23.1603 770.767 10371.5 -207142
18 3819.79 21.1911 732.291 10231.1 -177760
19 3985.82 18.8302 685.578 10070.2 -146550
20 4154.49 16.014 629.539 9888.09 -114726
21 4326.27 12.6363 563.839 9682.5 -83997.3
22 4501.7 8.53225 488.251 9449.49 -57076.7
23 4681.46 9.29094 396.033 9277.75 -39566.9
24 4864.54 7.14381 342.736 9142.78 -26509
25 5050.33 4.9198 285.99 9006.89 -16576
26 5238.92 3.32856 225.926 8876.93 -10154.5
27 5430.27 2.64688 172.497 8776.4 -6303.27
28 5623.81 2.12241 131.362 8701.51 -3969.58
29 5819.02 1.72321 99.8108 8645.9 -2550.15
30 6015.48 1.13976 76.7689 8600.67 -1673.61
31 6212.98 2.07317 57.8617 8583.85 -1292.39
32 6410.86 1.84312 53.5079 8573.62 -1020.58
33 6608.98 1.6103 47.9973 8563.31 -778.277
34 6807.34 1.38603 42.2197 8553.41 -576.078
35 7005.92 1.17552 36.5836 8544.15 -414.054
36 7204.73 0.982499 31.237 8535.69 -288.99
37 7403.73 0.809209 26.2804 8528.12 -195.927
38 7602.9 0.65704 21.7884 8521.48 -129.08
39 7802.23 0.525966 17.8048 8515.77 -82.6715
40 8001.7 0.415241 14.3433 8510.96 -51.4935
41 8201.28 0.323329 11.3934 8506.98 -31.205
42 8400.95 0.248368 8.92552 8503.73 -18.4051
43 8600.7 0.188253 6.89718 8501.13 -10.5697
44 8800.51 0.140793 5.25841 8499.08 -5.91243
45 9000.36 0.10395 3.95605 8497.49 -3.22263
46 9200.26 0.0757625 2.9375 8496.27 -1.71221
47 9400.18 0.0545797 2.1531 8495.35 -0.887095
48 9600.12 0.0388289 1.55821 8494.67 -0.44832
49 9800.09 0.0272512 1.11344 8494.17 -0.221111
50 10000.1 0.0189023 0.78578 8493.81 -0.106464
51 10200 0.0129948 0.547725 8493.56 -0.0500682
52 10400 0.00882009 0.37714 8493.38 -0.0230084
53 10600 0.00590561 0.25654 8493.25 -0.010337
54 10800 0.00393634 0.172362 8493.17 -0.00454423
55 11000 0.00259723 0.114394 8493.11 -0.00195618
56 11200 0.00165196 0.0749275 8493.07 -0.000826438
57 11400 0.00110056 0.0484658 8493.04 -0.000342875
58 11600 0.000706697 0.0308584 8493.03 -0.000140383
59 11800 0.000470379 0.019384 8493.02 -5.65791e-05
60 12000 0.000312834 0.0118829 8493.01 -2.26609e-05
61 12200 0.000155296 0.00706565 8493.01 -9.17551e-06
62 12400 7.63863e-05 0.00411099 8493 -3.56913e-06
63 12600 7.63863e-05 0.0020004 8493 -1.65666e-06
64 12800 7.63863e-05 0.000938409 8493 -7.58695e-07
65 13000 7.63863e-05 0.00043186 8493 -3.45238e-07
66 13200 7.63863e-05 0.000197115 8493 -1.56482e-07
67 13400 7.63863e-05 8.95985e-05 8493 -7.06762e-08
68 13600 7.63863e-05 4.05864e-05 8493 -3.18029e-08
69 13800 7.63863e-05 1.83186e-05 8493 -1.42579e-08
70 14000 7.63863e-05 8.23705e-06 8493 -6.36638e-09
71 14200 7.63863e-05 3.6897e-06 8493 -2.83203e-09
72 14400 7.63863e-05 1.64636e-06 8493 -1.25519e-09
73 14600 7.63863e-05 7.31716e-07 8493 -5.54032e-10
74 14800 7.63863e-05 3.23901e-07 8493 -2.43238e-10
75 15000 7.63863e-05 1.42792e-07 8493 -1.06251e-10
76 15200 7.63863e-05 6.2688e-08 8493 -4.65721e-11
77 15400 7.63863e-05 2.74047e-08 8493 -2.0126e-11
78 15600 7.63863e-05 1.19289e-08 8493 -9.90695e-12
79 15800 7.63863e-05 5.16991e-09 8493 -4.05678e-12
80 16000 7.63863e-05 2.23073e-09 8493 0
81 16200 7.63863e-05 9.58224e-10 8493 0
82 16400 7.63863e-05 4.09751e-10 8493 0
83 16600 7.63863e-05 1.74414e-10 8493 0
84 16800 7.63863e-05 7.38972e-11 8493 0
85 17000 7.63863e-05 3.11629e-11 8493 0
86 17200 7.63863e-05 1.30794e-11 8493 0
87 17400 7.63863e-05 5.46336e-12 8493 0
88 17600 7.63863e-05 2.27106e-12 8493 0
89 17800 7.63863e-05 9.39457e-13 8493 0
90 18000 7.63863e-05 3.86708e-13 8493 0
91 18200 7.63863e-05 1.58391e-13 8493 0
92 18400 7.63863e-05 6.45521e-14 8493 0
93 18600 7.63863e-05 2.61797e-14 8493 0
94 18800 7.63863e-05 1.05747e-14 8493 0
95 19000 7.63863e-05 4.27861e-15 8493 0
96 19200 7.63863e-05 1.79644e-15 8493 0
97 19400 7.63863e-05 9.37655e-16 8493 5.34671e-07
98 19600 7.63863e-05 7.52897e-13 8493 7.3282e-06
99 19800 7.63863e-05 4.65316e-13 8493 0.0262891
