NTS LL(mkm)  STRESS(GPa)   VEL(m / s)  DENS(kg/m3)  ENERGY(J) 
0 765.235 30.246 900 10931 -337935
1 920.628 30.2348 899.512 10930 -338309
2 1076.04 30.2076 898.913 10927.7 -337843
3 1231.47 30.1531 898.055 10923 -336783
4 1386.98 30.0538 896.692 10914.6 -334794
5 1542.61 29.8864 894.445 10900.3 -331269
6 1698.44 29.6217 890.786 10877.9 -325562
7 1854.59 29.2249 885.019 10844.6 -317297
8 2011.22 28.6569 876.298 10797.4 -305627
9 2168.54 27.8756 863.646 10733.5 -290102
10 2326.79 26.8374 845.992 10650.5 -270227
11 2486.27 25.4967 822.223 10546.1 -245983
12 2647.34 23.8083 791.217 10419 -217429
13 2810.37 21.722 751.842 10268.3 -185394
14 2975.79 19.1874 702.799 10094 -151008
15 3144.07 16.1473 642.654 9896.48 -116076
16 3315.7 12.5089 570.858 9674.99 -82927.9
17 3491.27 8.05779 489.336 9423.65 -54659.2
18 3671.52 8.87125 394.124 9251.06 -36735.7
19 3855.13 6.50097 336.114 9103.09 -23253.8
20 4041.73 4.08515 273.129 8956.89 -13789.8
21 4231.37 3.01115 207.79 8829.71 -8248.63
22 4423.74 2.36698 156.153 8736.17 -4991.04
23 4618.17 1.87782 117.146 8667.28 -3063.59
24 4814.15 1.34127 88.02 8615.56 -1921.36
25 5011.31 2.11548 63.2501 8585.73 -1345.49
26 5209.15 1.82338 55.3705 8572.75 -998.433
27 5407.29 1.54044 48.1781 8560.22 -711.791
28 5605.72 1.27564 41.089 8548.55 -487.574
29 5804.42 1.03642 34.3237 8538.05 -321.571
30 6003.36 0.82678 28.1222 8528.88 -204.447
31 6202.52 0.647776 22.6165 8521.07 -125.392
32 6401.86 0.498546 17.8605 8514.58 -74.2382
33 6601.35 0.377114 13.8547 8509.31 -42.4549
34 6800.97 0.280464 10.5602 8505.12 -23.4662
35 7000.69 0.205094 7.91161 8501.86 -12.5442
36 7200.48 0.147562 5.82774 8499.37 -6.48911
37 7400.33 0.104423 4.22196 8497.51 -3.25023
38 7600.22 0.0727703 3.009 8496.14 -1.57718
39 7800.15 0.0499333 2.1103 8495.15 -0.741866
40 8000.1 0.0337096 1.4567 8494.45 -0.338473
41 8200.06 0.0224467 0.99004 8493.97 -0.14987
42 8400.04 0.0147277 0.662624 8493.63 -0.0644304
43 8600.03 0.00952902 0.436775 8493.41 -0.0269175
44 8800.02 0.00606315 0.283557 8493.26 -0.010938
45 9000.01 0.0037788 0.181311 8493.16 -0.00433049
46 9200.01 0.00236091 0.11423 8493.1 -0.00167235
47 9400 0.00149442 0.0708783 8493.06 -0.000630451
48 9600 0.000864242 0.0432206 8493.04 -0.000233386
49 9800 0.000549152 0.0258842 8493.02 -8.54458e-05
50 10000 0.000312834 0.0151913 8493.01 -3.10494e-05
51 10200 0.000234061 0.00876667 8493.01 -1.09993e-05
52 10400 0.000155296 0.00468023 8493 -4.1237e-06
53 10600 7.63863e-05 0.00233691 8493 -1.74237e-06
54 10800 7.63863e-05 0.00102091 8493 -7.63658e-07
55 11000 7.63863e-05 0.00045019 8493 -3.32217e-07
56 11200 7.63863e-05 0.000196707 8493 -1.43661e-07
57 11400 7.63863e-05 8.53779e-05 8493 -6.18055e-08
58 11600 7.63863e-05 3.6868e-05 8493 -2.64542e-08
59 11800 7.63863e-05 1.58405e-05 8493 -1.1263e-08
60 12000 7.63863e-05 6.77043e-06 8493 -4.76958e-09
61 12200 7.63863e-05 2.87823e-06 8493 -2.00917e-09
62 12400 7.63863e-05 1.21688e-06 8493 -8.408e-10
63 12600 7.63863e-05 5.1162e-07 8493 -3.49956e-10
64 12800 7.63863e-05 2.13888e-07 8493 -1.45177e-10
65 13000 7.63863e-05 8.89063e-08 8493 -5.95997e-11
66 13200 7.63863e-05 3.67409e-08 8493 -2.46508e-11
67 13400 7.63863e-05 1.5094e-08 8493 -9.82797e-12
68 13600 7.63863e-05 6.164e-09 8493 -4.05678e-12
69 13800 7.63863e-05 2.50202e-09 8493 -1.63735e-12
70 14000 7.63863e-05 1.00938e-09 8493 0
71 14200 7.63863e-05 4.04689e-10 8493 0
72 14400 7.63863e-05 1.61236e-10 8493 0
73 14600 7.63863e-05 6.38331e-11 8493 0
74 14800 7.63863e-05 2.51099e-11 8493 0
75 15000 7.63863e-05 9.81376e-12 8493 0
76 15200 7.63863e-05 3.81058e-12 8493 0
77 15400 7.63863e-05 1.4699e-12 8493 0
78 15600 7.63863e-05 5.63256e-13 8493 0
79 15800 7.63863e-05 2.14399e-13 8493 0
80 16000 7.63863e-05 8.10625e-14 8493 0
81 16200 7.63863e-05 3.04424e-14 8493 0
82 16400 7.63863e-05 1.13549e-14 8493 0
83 16600 7.63863e-05 4.20645e-15 8493 0
84 16800 7.63863e-05 1.54762e-15 8493 0
85 17000 7.63863e-05 5.65475e-16 8493 0
86 17200 7.63863e-05 2.05187e-16 8493 0
87 17400 7.63863e-05 7.39405e-17 8493 0
88 17600 7.63863e-05 2.64569e-17 8493 0
89 17800 7.63863e-05 9.39966e-18 8493 0
90 18000 7.63863e-05 3.32409e-18 8493 0
91 18200 7.63863e-05 1.16464e-18 8493 0
92 18400 7.63863e-05 4.17331e-19 8493 0
93 18600 7.63863e-05 1.55286e-19 8493 0
94 18800 7.63863e-05 6.30839e-20 8493 0
95 19000 7.63863e-05 0 8493 0
96 19200 7.63863e-05 0 8493 0
97 19400 7.63863e-05 0 8493 5.34671e-07
98 19600 7.63863e-05 7.3661e-11 8493 7.3282e-06
99 19800 7.63863e-05 4.5525e-11 8493 0.0262888
