NTS LL(mkm)  STRESS(GPa)   VEL(m / s)  DENS(kg/m3)  ENERGY(J) 
0 1891.27 30.452 900 10948.7 -342424
1 2046.41 30.4519 899.91 10948.7 -343038
2 2201.56 30.4516 899.82 10948.7 -343152
3 2356.7 30.4512 899.73 10948.6 -343263
4 2511.84 30.4505 899.638 10948.6 -343403
5 2666.98 30.4498 899.545 10948.5 -343450
6 2822.13 30.4488 899.45 10948.4 -343346
7 2977.28 30.4477 899.353 10948.3 -343372
8 3132.42 30.4463 899.253 10948.2 -343330
9 3287.57 30.4447 899.151 10948.1 -343343
10 3442.72 30.4428 899.044 10947.9 -343305
11 3597.87 30.4404 898.932 10947.7 -343326
12 3753.03 30.4375 898.813 10947.4 -343212
13 3908.19 30.4337 898.682 10947.1 -343147
14 4063.35 30.4286 898.535 10946.7 -343043
15 4218.52 30.4219 898.364 10946.1 -342884
16 4373.7 30.4125 898.156 10945.3 -342658
17 4528.89 30.3997 897.896 10944.2 -342426
18 4684.1 30.3819 897.558 10942.7 -341996
19 4839.33 30.3573 897.113 10940.5 -341486
20 4994.58 30.3233 896.515 10937.6 -340770
21 5149.88 30.2772 895.71 10933.7 -339781
22 5305.24 30.2149 894.624 10928.3 -338436
23 5460.67 30.1319 893.169 10921.2 -336642
24 5616.2 30.0228 891.233 10911.9 -334283
25 5771.86 29.8809 888.684 10899.8 -331231
26 5927.7 29.6988 885.364 10884.4 -327337
27 6083.76 29.4679 881.089 10864.9 -322516
28 6240.1 29.1787 875.649 10840.7 -316461
29 6396.79 28.8203 868.806 10810.9 -309127
30 6553.9 28.3807 860.294 10774.7 -300208
31 6711.55 27.8468 849.816 10731.2 -289667
32 6869.84 27.2038 837.046 10679.6 -277226
33 7028.89 26.4351 821.625 10618.8 -262886
34 7188.85 25.522 803.153 10548 -246427
35 7349.89 24.4426 781.193 10466.2 -227931
36 7512.18 23.171 755.245 10372.3 -207355
37 7675.94 21.6759 724.722 10265.1 -184802
38 7841.42 19.9208 688.895 10143.5 -160476
39 8008.87 17.8552 646.92 10006 -134896
40 8178.63 15.4114 597.991 9850.42 -108664
41 8351.07 12.4849 541.467 9673.58 -82801.7
42 8526.66 8.9489 475.295 9472.36 -59297.1
43 8705.99 9.80487 392.655 9310.64 -43209.8
44 8888.42 8.07256 348.193 9200.69 -31748.7
45 9073.04 6.23166 302.96 9086.59 -22000.3
46 9259.97 4.28808 254.743 8969 -14426.5
47 9449.36 3.20426 203.128 8858.4 -9388.12
48 9641.11 2.62123 159.611 8772.73 -6179.6
49 9834.73 2.15982 125.606 8706.77 -4118.24
50 10029.8 1.79455 99.0952 8655.74 -2781.17
51 10226.1 1.33118 78.3483 8614.81 -1908.16
52 10423.2 2.206 58.8951 8589.77 -1464.83
53 10621 2.09756 55.3094 8584.93 -1323.82
54 10818.8 1.98235 52.7025 8579.81 -1181.89
55 11016.8 1.85826 50.0061 8574.29 -1038.02
56 11214.9 1.72799 47.0528 8568.52 -897.198
57 11413.2 1.59444 43.9132 8562.61 -763.459
58 11611.5 1.45978 40.6633 8556.66 -639.591
59 11810 1.32596 37.3618 8550.77 -527.481
60 12008.7 1.19502 34.0604 8545.01 -428.227
61 12207.5 1.06854 30.8071 8539.46 -342.211
62 12406.4 0.947932 27.6458 8534.18 -269.199
63 12605.4 0.834389 24.6138 8529.21 -208.46
64 12804.6 0.728627 21.7422 8524.6 -158.913
65 13003.8 0.631366 19.0551 8520.36 -119.262
66 13203.2 0.542777 16.5696 8516.51 -88.1207
67 13402.6 0.463106 14.2959 8513.04 -64.1098
68 13602.2 0.391973 12.2387 8509.95 -45.9268
69 13801.8 0.329306 10.3965 8507.24 -32.4005
70 14001.4 0.274486 8.76367 8504.86 -22.5123
71 14201.2 0.227126 7.33063 8502.81 -15.4073
72 14400.9 0.186522 6.08522 8501.05 -10.3879
73 14600.7 0.152049 5.01275 8499.56 -6.90095
74 14800.6 0.123002 4.09777 8498.31 -4.51833
75 15000.5 0.0988327 3.32385 8497.27 -2.91704
76 15200.4 0.0789122 2.67475 8496.4 -1.85824
77 15400.3 0.0626121 2.13434 8495.7 -1.16947
78 15600.2 0.0494608 1.6874 8495.13 -0.728872
79 15800.2 0.0389076 1.31929 8494.68 -0.451848
80 16000.1 0.0307167 1.01645 8494.32 -0.2809
81 16200.1 0.0244158 0.765985 8494.05 -0.177792
82 16400.1 0.0198475 0.555584 8493.86 -0.117637
83 16600 0.0168544 0.372858 8493.73 -0.0849424
84 16800 0.0154366 0.205023 8493.66 -0.0708795
85 17000 0.0155941 0.03769 8493.67 -0.0722576
86 17200 0.0175633 -0.146334 8493.76 -0.0921399
87 17400 0.0219741 -0.369041 8493.94 -0.143396
88 17600 0.0294565 -0.660662 8494.27 -0.258093
89 17799.9 0.0413491 -1.06286 8494.78 -0.508624
90 17999.9 0.0595409 -1.63546 8495.57 -1.05464
91 18199.8 0.0867861 -2.46492 8496.75 -2.24541
92 18399.7 0.127411 -3.67485 8498.5 -4.83878
93 18599.6 0.18723 -5.43517 8501.09 -10.4489
94 18799.4 0.273935 -7.95805 8504.84 -22.3735
95 18999.1 0.396061 -11.4509 8510.13 -46.7848
96 19198.7 0.559508 -15.9943 8517.23 -93.4368
97 19398.2 0.762213 -21.3813 8526.06 -173.562
98 19597.4 0.991277 -27.1448 8536.08 -293.868
99 19796.4 1.7741 -33.0688 8338.89 2717.17
