NTS LL(mkm)  STRESS(GPa)   VEL(m / s)  DENS(kg/m3)  ENERGY(J) 
0 1801.11 30.4443 900 10948 -342256
1 1956.26 30.4442 899.902 10948 -342870
2 2111.42 30.4438 899.804 10948 -342982
3 2266.57 30.4433 899.706 10947.9 -343091
4 2421.72 30.4425 899.606 10947.9 -343228
5 2576.87 30.4416 899.504 10947.8 -343271
6 2732.03 30.4405 899.4 10947.7 -343163
7 2887.18 30.4391 899.293 10947.6 -343184
8 3042.34 30.4375 899.183 10947.4 -343136
9 3197.5 30.4354 899.069 10947.3 -343140
10 3352.66 30.4329 898.948 10947 -343089
11 3507.83 30.4297 898.818 10946.8 -343092
12 3663 30.4255 898.676 10946.4 -342951
13 3818.17 30.4199 898.513 10945.9 -342847
14 3973.35 30.4122 898.322 10945.3 -342684
15 4128.54 30.4014 898.088 10944.3 -342438
16 4283.75 30.3863 897.789 10943 -342084
17 4438.97 30.365 897.397 10941.2 -341670
18 4594.22 30.3353 896.872 10938.7 -340982
19 4749.5 30.2943 896.162 10935.1 -340117
20 4904.83 30.2382 895.196 10930.3 -338920
21 5060.24 30.1624 893.888 10923.8 -337293
22 5215.73 30.0613 892.126 10915.2 -335118
23 5371.35 29.9283 889.778 10903.9 -332263
24 5527.13 29.7557 886.682 10889.2 -328576
25 5683.12 29.5349 882.65 10870.6 -323892
26 5839.37 29.2556 877.465 10847.1 -318029
27 5995.97 28.9068 870.881 10818.1 -310877
28 6152.98 28.4761 862.619 10782.5 -302110
29 6310.52 27.9496 852.374 10739.5 -291681
30 6468.68 27.312 839.808 10688.2 -279294
31 6627.6 26.5462 824.549 10627.5 -264942
32 6787.43 25.633 806.186 10556.5 -248401
33 6948.34 24.5498 784.267 10474.2 -229750
34 7110.51 23.271 758.276 10379.6 -208889
35 7274.16 21.7646 727.62 10271.3 -186057
36 7439.53 19.9927 691.554 10148.4 -161459
37 7606.91 17.9067 649.202 10009.3 -135538
38 7776.61 15.4428 599.756 9852.38 -108961
39 7949.01 12.4885 542.674 9673.79 -82816.9
40 8124.6 8.91669 475.951 9470.59 -59110
41 8303.95 9.77042 392.698 9308.44 -42959.7
42 8486.43 8.01324 347.745 9196.98 -31395.4
43 8671.13 6.14761 301.856 9081.44 -21614.9
44 8858.17 4.18115 253.005 8962.61 -14091.1
45 9047.69 3.16464 200.851 8852.42 -9146.27
46 9239.57 2.58528 157.587 8767.5 -6004.32
47 9433.31 2.12976 123.749 8702.53 -3997.07
48 9628.49 1.76898 97.4523 8652.2 -2695.51
49 9824.81 1.27934 77.1491 8610.99 -1841.11
50 10022.1 2.18824 58.0163 8588.97 -1441.16
51 10219.8 2.07605 54.8677 8583.97 -1296.6
52 10417.7 1.95272 52.2675 8578.49 -1146.64
53 10615.7 1.82041 49.3824 8572.62 -996.048
54 10813.9 1.68302 46.2182 8566.53 -850.873
55 11012.1 1.54318 42.8898 8560.34 -715.003
56 11210.6 1.4034 39.4756 8554.18 -590.997
57 11409.1 1.2657 36.0352 8548.12 -480.474
58 11607.9 1.13214 32.6233 8542.25 -384.201
59 11806.7 1.00429 29.2903 8536.64 -302.174
60 12005.7 0.883484 26.0806 8531.36 -233.764
61 12204.8 0.770844 23.031 8526.44 -177.886
62 12404 0.667089 20.1706 8521.92 -133.161
63 12603.3 0.572625 17.5206 8517.8 -98.0643
64 12802.7 0.487467 15.0942 8514.1 -71.0528
65 13002.2 0.411704 12.8982 8510.81 -50.6555
66 13201.8 0.344876 10.9324 8507.91 -35.5371
67 13401.5 0.2866 9.19168 8505.39 -24.5356
68 13601.2 0.236252 7.66621 8503.21 -16.6728
69 13800.9 0.19329 6.34299 8501.35 -11.1528
70 14000.7 0.15685 5.20681 8499.77 -7.34445
71 14200.6 0.126309 4.24052 8498.45 -4.76202
72 14400.5 0.100958 3.42655 8497.35 -3.04046
73 14600.4 0.0800146 2.7473 8496.45 -1.91199
74 14800.3 0.0630058 2.18571 8495.72 -1.18441
75 15000.2 0.0492245 1.72539 8495.12 -0.722942
76 15200.2 0.0381988 1.35129 8494.65 -0.435035
77 15400.1 0.0294565 1.04985 8494.27 -0.258273
78 15600.1 0.0225255 0.808717 8493.97 -0.151481
79 15800.1 0.0171695 0.616912 8493.74 -0.0880311
80 16000 0.0130736 0.465348 8493.56 -0.050951
81 16200 0.0100016 0.345232 8493.43 -0.0296797
82 16400 0.00771732 0.249658 8493.33 -0.0177453
83 16600 0.00614192 0.172218 8493.26 -0.011276
84 16800 0.00519668 0.106956 8493.22 -0.00804689
85 17000 0.00480282 0.0482598 8493.21 -0.00690411
86 17200 0.00503914 -0.00984512 8493.21 -0.00750854
87 17400 0.00590561 -0.0741927 8493.25 -0.010381
88 17600 0.00763855 -0.153108 8493.33 -0.0173674
89 17800 0.010553 -0.257794 8493.45 -0.032909
90 18000 0.014964 -0.404066 8493.65 -0.0670004
91 18200 0.0218166 -0.61378 8493.94 -0.141563
92 18399.9 0.0319769 -0.919672 8494.38 -0.304798
93 18599.9 0.047177 -1.36872 8495.03 -0.662098
94 18799.9 0.0696205 -2.03113 8496 -1.44456
95 18999.8 0.102927 -3.00961 8497.44 -3.15804
96 19199.7 0.152285 -4.45637 8499.57 -6.9101
97 19399.5 0.225316 -6.59626 8502.73 -15.1254
98 19599.3 0.333238 -9.7618 8507.41 -33.1108
99 19799 1.05028 -14.4445 8447.83 329.662
