NTS LL(mkm)  STRESS(GPa)   VEL(m / s)  DENS(kg/m3)  ENERGY(J) 
0 991.541 30.3218 900 10937.5 -339583
1 1146.84 30.3199 899.718 10937.3 -340159
2 1302.14 30.3154 899.423 10936.9 -340180
3 1457.45 30.3064 899.093 10936.2 -340106
4 1612.77 30.2898 898.693 10934.8 -339899
5 1768.11 30.2608 898.156 10932.3 -339331
6 1923.49 30.2119 897.378 10928.1 -338189
7 2078.92 30.1331 896.201 10921.3 -336534
8 2234.45 30.0107 894.395 10910.9 -333886
9 2390.13 29.8278 891.652 10895.3 -330021
10 2546.03 29.5639 887.571 10873 -324432
11 2702.25 29.1954 881.66 10842.1 -316796
12 2858.92 28.6956 873.337 10800.6 -306487
13 3016.19 28.0356 861.94 10746.5 -293294
14 3174.25 27.1844 846.742 10678 -276818
15 3333.33 26.1093 826.967 10593.4 -256871
16 3493.67 24.7747 801.805 10491.2 -233450
17 3655.58 23.1414 770.415 10370.1 -206845
18 3819.38 21.1677 731.855 10229.4 -177430
19 3985.43 18.8017 685.041 10068.3 -146198
20 4154.14 15.98 628.859 9885.95 -114376
21 4325.96 12.5963 562.973 9680.13 -83679.7
22 4501.43 8.48204 487.32 9446.75 -56816
23 4681.24 9.26709 395.25 9276.23 -39402.5
24 4864.35 7.11821 342.118 9141.2 -26374.3
25 5050.17 4.89285 285.338 9005.26 -16478
26 5238.79 3.31925 225.218 8875.53 -10095.4
27 5430.17 2.63946 171.941 8775.35 -6267.12
28 5623.74 2.11686 130.932 8700.72 -3947.34
29 5818.96 1.71896 99.4505 8645.32 -2536.96
30 6015.44 1.13349 76.4577 8600.21 -1666.51
31 6212.94 2.07083 57.7894 8583.74 -1289.4
32 6410.83 1.84008 53.4635 8573.49 -1017.19
33 6608.95 1.6071 47.9263 8563.17 -775.18
34 6807.31 1.38291 42.1409 8553.27 -573.48
35 7005.9 1.17255 36.5056 8544.02 -411.965
36 7204.71 0.979678 31.1622 8535.57 -287.372
37 7403.71 0.806777 26.2102 8528.01 -194.72
38 7602.89 0.654842 21.7241 8521.38 -128.211
39 7802.22 0.52408 17.7472 8515.69 -82.0674
40 8001.69 0.413591 14.2928 8510.89 -51.0872
41 8201.27 0.321914 11.3499 8506.92 -30.9406
42 8400.94 0.247188 8.88883 8503.68 -18.2382
43 8600.69 0.187309 6.86678 8501.09 -10.4676
44 8800.5 0.140084 5.23366 8499.05 -5.85173
45 9000.36 0.103399 3.93623 8497.46 -3.18759
46 9200.26 0.0753688 2.92189 8496.25 -1.69254
47 9400.18 0.0542647 2.141 8495.34 -0.876359
48 9600.12 0.0385138 1.54895 8494.66 -0.442624
49 9800.08 0.0270937 1.1065 8494.17 -0.218159
50 10000.1 0.0187448 0.780603 8493.81 -0.104981
51 10200 0.0128373 0.543955 8493.55 -0.0493404
52 10400 0.00874133 0.374442 8493.37 -0.0226581
53 10600 0.00582684 0.254596 8493.25 -0.0101741
54 10800 0.00385757 0.171007 8493.17 -0.00446995
55 11000 0.00251846 0.113454 8493.11 -0.00192317
56 11200 0.00165196 0.0742922 8493.07 -0.000811925
57 11400 0.00110056 0.048047 8493.04 -0.000336438
58 11600 0.000706697 0.030563 8493.03 -0.000137693
59 11800 0.000470379 0.0192 8493.02 -5.54076e-05
60 12000 0.000312834 0.0117595 8493.01 -2.21596e-05
61 12200 0.000155296 0.00696223 8493.01 -9.02398e-06
62 12400 7.63863e-05 0.00406299 8493 -3.51564e-06
63 12600 7.63863e-05 0.00197246 8493 -1.62979e-06
64 12800 7.63863e-05 0.000923662 8493 -7.45892e-07
65 13000 7.63863e-05 0.00042467 8493 -3.39309e-07
66 13200 7.63863e-05 0.000193757 8493 -1.53768e-07
67 13400 7.63863e-05 8.80554e-05 8493 -6.94388e-08
68 13600 7.63863e-05 3.98812e-05 8493 -3.12407e-08
69 13800 7.63863e-05 1.79973e-05 8493 -1.40034e-08
70 14000 7.63863e-05 8.09117e-06 8493 -6.25163e-09
71 14200 7.63863e-05 3.62371e-06 8493 -2.78046e-09
72 14400 7.63863e-05 1.61662e-06 8493 -1.2321e-09
73 14600 7.63863e-05 7.18363e-07 8493 -5.43734e-10
74 14800 7.63863e-05 3.1793e-07 8493 -2.38634e-10
75 15000 7.63863e-05 1.40132e-07 8493 -1.04222e-10
76 15200 7.63863e-05 6.15078e-08 8493 -4.5713e-11
77 15400 7.63863e-05 2.68833e-08 8493 -1.97369e-11
78 15600 7.63863e-05 1.16995e-08 8493 -9.75092e-12
79 15800 7.63863e-05 5.06939e-09 8493 -3.90075e-12
80 16000 7.63863e-05 2.18688e-09 8493 0
81 16200 7.63863e-05 9.39179e-10 8493 0
82 16400 7.63863e-05 4.01516e-10 8493 0
83 16600 7.63863e-05 1.70869e-10 8493 0
84 16800 7.63863e-05 7.23783e-11 8493 0
85 17000 7.63863e-05 3.05151e-11 8493 0
86 17200 7.63863e-05 1.28044e-11 8493 0
87 17400 7.63863e-05 5.34716e-12 8493 0
88 17600 7.63863e-05 2.2222e-12 8493 0
89 17800 7.63863e-05 9.19008e-13 8493 0
90 18000 7.63863e-05 3.78192e-13 8493 0
91 18200 7.63863e-05 1.54862e-13 8493 0
92 18400 7.63863e-05 6.3097e-14 8493 0
93 18600 7.63863e-05 2.55826e-14 8493 0
94 18800 7.63863e-05 1.03306e-14 8493 0
95 19000 7.63863e-05 4.17864e-15 8493 0
96 19200 7.63863e-05 1.75389e-15 8493 0
97 19400 7.63863e-05 9.15161e-16 8493 5.34671e-07
98 19600 7.63863e-05 7.60691e-13 8493 7.3282e-06
99 19800 7.63863e-05 4.70133e-13 8493 0.0262891
