NTS LL(mkm)  STRESS(GPa)   VEL(m / s)  DENS(kg/m3)  ENERGY(J) 
0 1349.76 30.3919 900 10943.5 -341109
1 1504.97 30.3914 899.834 10943.5 -341718
2 1660.19 30.3906 899.667 10943.4 -341820
3 1815.4 30.3893 899.497 10943.3 -341911
4 1970.62 30.3872 899.323 10943.1 -342019
5 2125.84 30.3842 899.14 10942.9 -342016
6 2281.07 30.3796 898.943 10942.5 -341834
7 2436.3 30.3727 898.721 10941.9 -341733
8 2591.54 30.3621 898.455 10941 -341490
9 2746.79 30.3458 898.119 10939.6 -341184
10 2902.06 30.3211 897.67 10937.4 -340650
11 3057.36 30.2839 897.044 10934.2 -339913
12 3212.71 30.229 896.154 10929.5 -338673
13 3368.12 30.1496 894.88 10922.7 -336974
14 3523.63 30.0372 893.063 10913.1 -334557
15 3679.28 29.8814 890.502 10899.9 -331208
16 3835.12 29.6701 886.949 10882 -326690
17 3991.21 29.389 882.107 10858.3 -320823
18 4147.64 29.0224 875.628 10827.7 -313169
19 4304.52 28.5523 867.116 10788.8 -303611
20 4461.96 27.9593 856.131 10740.3 -291819
21 4620.11 27.2222 842.188 10681 -277572
22 4779.14 26.3175 824.764 10609.6 -260709
23 4939.24 25.2195 803.292 10524.9 -241160
24 5100.63 23.8987 777.164 10425.7 -218955
25 5263.55 22.3211 745.705 10310.9 -194273
26 5428.29 20.4469 708.117 10179.5 -167485
27 5595.16 18.2245 663.423 10030.1 -139261
28 5764.51 15.5923 610.645 9861.69 -110456
29 5936.75 12.4315 549.432 9670.44 -82416.5
30 6112.4 8.60574 478.784 9453.51 -57453.8
31 6292.08 9.50432 391.78 9291.37 -41052.6
32 6474.89 7.57581 343.874 9169.65 -28866.9
33 6660.13 5.54849 293.246 9044.89 -19015.3
34 6847.93 3.60735 239.424 8919.15 -12002.8
35 7038.37 2.90415 186.101 8813.94 -7649.5
36 7231.09 2.35287 144.405 8734.16 -4930.26
37 7425.57 1.92483 111.993 8673.83 -3227.28
38 7621.4 1.50921 86.4602 8627.93 -2157.86
39 7818.27 2.25646 64.1278 8592.02 -1532.45
40 8015.97 2.072 57.6192 8583.79 -1291.24
41 8213.85 1.89625 52.8593 8575.98 -1080.77
42 8411.92 1.71909 48.5598 8568.12 -887.681
43 8610.16 1.5413 44.2473 8560.26 -713.114
44 8808.59 1.36656 39.8789 8552.55 -560.157
45 9007.2 1.19815 35.5375 8545.15 -430.325
46 9205.98 1.03892 31.3161 8538.16 -323.372
47 9404.92 0.89109 27.2917 8531.69 -237.736
48 9604.01 0.756014 23.524 8525.79 -171.019
49 9803.24 0.634507 20.0559 8520.49 -120.401
50 10002.6 0.52683 16.9146 8515.81 -82.972
51 10202.1 0.432848 14.1126 8511.73 -55.9801
52 10401.6 0.351875 11.6499 8508.21 -36.9852
53 10601.3 0.283139 9.51592 8505.23 -23.9331
54 10801 0.225473 7.6919 8502.74 -15.1718
55 11000.7 0.177707 6.1534 8500.67 -9.42419
56 11200.6 0.138668 4.87242 8498.98 -5.7372
57 11400.4 0.107099 3.81917 8497.62 -3.4238
58 11600.3 0.0819831 2.96349 8496.54 -2.00333
59 11800.2 0.0620609 2.27684 8495.68 -1.14956
60 12000.2 0.0465469 1.73211 8495.01 -0.64707
61 12200.1 0.0346547 1.3049 8494.49 -0.357349
62 12400.1 0.0255185 0.973637 8494.1 -0.193666
63 12600.1 0.0185872 0.719455 8493.8 -0.103029
64 12800 0.0134674 0.526528 8493.58 -0.0538231
65 13000 0.00960779 0.381885 8493.41 -0.0276037
66 13200 0.00685085 0.274164 8493.29 -0.0139114
67 13400 0.00480282 0.195007 8493.21 -0.00689149
68 13600 0.00338494 0.137405 8493.14 -0.00335661
69 13800 0.00236091 0.0958369 8493.1 -0.0016092
70 14000 0.00157319 0.0662134 8493.07 -0.000759232
71 14200 0.00110056 0.045225 8493.05 -0.000353145
72 14400 0.000706697 0.0305502 8493.03 -0.00016196
73 14600 0.000470379 0.0203227 8493.02 -7.35349e-05
74 14800 0.000312834 0.0133125 8493.01 -3.30864e-05
75 15000 0.000234061 0.00846127 8493.01 -1.49978e-05
76 15200 0.000155296 0.00528801 8493 -6.72346e-06
77 15400 7.63863e-05 0.00322623 8493 -2.90769e-06
78 15600 7.63863e-05 0.0015851 8493 -1.39245e-06
79 15800 7.63863e-05 0.000761471 8493 -6.64107e-07
80 16000 7.63863e-05 0.000363602 8493 -3.16271e-07
81 16200 7.63863e-05 0.000173383 8493 -1.50404e-07
82 16400 7.63863e-05 8.24441e-05 8493 -7.15295e-08
83 16600 7.63863e-05 3.88557e-05 8493 -3.43556e-08
84 16800 7.63863e-05 1.76805e-05 8493 -1.74413e-08
85 17000 7.63863e-05 6.72029e-06 8493 -1.10112e-08
86 17200 7.63863e-05 -3.69499e-07 8493 -1.1364e-08
87 17400 7.63863e-05 -7.60664e-06 8493 -1.86355e-08
88 17600 7.63863e-05 -1.88024e-05 8493 -3.66072e-08
89 17800 7.63863e-05 -3.93913e-05 8493 -7.42413e-08
90 18000 7.63863e-05 -7.89153e-05 8493 -1.49635e-07
91 18200 7.63863e-05 -0.000155466 8493 -2.98154e-07
92 18400 7.63863e-05 -0.000304442 8493 -5.89008e-07
93 18600 7.63863e-05 -0.000597154 8493 -1.15971e-06
94 18800 7.63863e-05 -0.00118672 8493 -2.29435e-06
95 19000 0.000155296 -0.0024047 8493 -4.77546e-06
96 19200 0.000155296 -0.00372937 8493.01 -9.33793e-06
97 19400 0.000234061 -0.00605267 8493.01 -1.8631e-05
98 19600 0.000391606 -0.00915938 8493.01 -3.12936e-05
99 19800 0.00110056 -0.0139969 8492.96 0.0266216
