NTS LL(mkm)  STRESS(GPa)   VEL(m / s)  DENS(kg/m3)  ENERGY(J) 
0 899.803 30.2959 900 10935.3 -339019
1 1055.14 30.2923 899.659 10935 -339558
2 1210.47 30.2834 899.286 10934.2 -339485
3 1365.82 30.2653 898.839 10932.7 -339214
4 1521.19 30.2318 898.235 10929.8 -338638
5 1676.6 30.173 897.34 10924.7 -337429
6 1832.08 30.0757 895.946 10916.4 -335247
7 1987.68 29.9223 893.753 10903.4 -332004
8 2143.47 29.6909 890.355 10883.7 -327064
9 2299.54 29.3555 885.233 10855.5 -320054
10 2456.01 28.8866 877.756 10816.4 -310359
11 2613.05 28.2516 867.192 10764.1 -297606
12 2770.85 27.4162 852.725 10696.5 -281218
13 2929.65 26.3436 833.483 10611.6 -261138
14 3089.72 24.9956 808.557 10507.9 -237255
15 3251.37 23.3311 777.019 10383.9 -209806
16 3414.95 21.3051 737.875 10239 -179369
17 3580.84 18.865 689.961 10072.5 -146995
18 3749.48 15.956 631.973 9884.45 -114083
19 3921.33 12.466 563.56 9672.47 -82622.3
20 4096.94 8.20839 485.705 9431.83 -55405.7
21 4277.03 9.06799 392.911 9263.57 -38050.4
22 4460.4 6.83525 338.52 9123.7 -24912.3
23 4646.57 4.53628 279.448 8983.86 -15234.7
24 4835.64 3.183 217.151 8855.2 -9256.86
25 5027.46 2.52073 164.873 8758.21 -5694.06
26 5221.41 2.01508 124.944 8686.43 -3554.75
27 5416.95 1.58557 94.0158 8633.55 -2272.66
28 5613.7 2.26674 68.2511 8592.48 -1545.86
29 5811.38 1.98781 59.082 8580.05 -1187.65
30 6009.35 1.72885 51.8905 8568.55 -897.409
31 6207.59 1.4819 45.4049 8557.64 -658.704
32 6406.08 1.24974 39.2081 8547.42 -468.074
33 6604.8 1.03696 33.3148 8538.08 -321.967
34 6803.75 0.846703 27.845 8529.75 -214.501
35 7002.89 0.680591 22.8996 8522.5 -138.49
36 7202.19 0.538692 18.5359 8516.33 -86.6978
37 7401.65 0.419879 14.7715 8511.17 -52.6512
38 7601.22 0.322464 11.5922 8506.94 -31.0337
39 7800.89 0.243963 8.96085 8503.54 -17.7617
40 8000.64 0.181957 6.82449 8500.86 -9.87553
41 8200.46 0.133787 5.12184 8498.77 -5.33658
42 8400.32 0.0970218 3.78906 8497.18 -2.80398
43 8600.22 0.0693843 2.76352 8495.99 -1.43311
44 8800.15 0.0489095 1.98744 8495.11 -0.712829
45 9000.1 0.0340246 1.40976 8494.47 -0.34519
46 9200.07 0.0233919 0.986378 8494.01 -0.16283
47 9400.05 0.0158304 0.680955 8493.68 -0.0748473
48 9600.03 0.0106318 0.46384 8493.46 -0.0335479
49 9800.02 0.00700839 0.311801 8493.3 -0.0146705
50 10000 0.00456651 0.206826 8493.2 -0.00626467
51 10200 0.00299109 0.135401 8493.13 -0.0026152
52 10400 0.00188828 0.0874265 8493.08 -0.00106904
53 10600 0.00117933 0.0556932 8493.05 -0.000428504
54 10800 0.000785469 0.0349371 8493.03 -0.000168857
55 11000 0.000470379 0.0215143 8493.02 -6.60071e-05
56 11200 0.000312834 0.0129869 8493.01 -2.56622e-05
57 11400 0.000155296 0.00770659 8493.01 -9.80913e-06
58 11600 0.000155296 0.00431765 8493 -3.7415e-06
59 11800 7.63863e-05 0.00211374 8493 -1.68795e-06
60 12000 7.63863e-05 0.000967474 8493 -7.6159e-07
61 12200 7.63863e-05 0.000439076 8493 -3.41092e-07
62 12400 7.63863e-05 0.000197342 8493 -1.52053e-07
63 12600 7.63863e-05 8.82517e-05 8493 -6.75034e-08
64 12800 7.63863e-05 3.9307e-05 8493 -2.98422e-08
65 13000 7.63863e-05 1.74347e-05 8493 -1.31358e-08
66 13200 7.63863e-05 7.69996e-06 8493 -5.75579e-09
67 13400 7.63863e-05 3.38572e-06 8493 -2.51163e-09
68 13600 7.63863e-05 1.48209e-06 8493 -1.09012e-09
69 13800 7.63863e-05 6.45848e-07 8493 -4.71184e-10
70 14000 7.63863e-05 2.80146e-07 8493 -2.02828e-10
71 14200 7.63863e-05 1.2095e-07 8493 -8.6903e-11
72 14400 7.63863e-05 5.19716e-08 8493 -3.69772e-11
73 14600 7.63863e-05 2.22246e-08 8493 -1.57571e-11
74 14800 7.63863e-05 9.45758e-09 8493 -6.63032e-12
75 15000 7.63863e-05 4.00477e-09 8493 -3.19765e-12
76 15200 7.63863e-05 1.68733e-09 8493 -3.89112e-13
77 15400 7.63863e-05 7.07327e-10 8493 0
78 15600 7.63863e-05 2.94993e-10 8493 0
79 15800 7.63863e-05 1.22391e-10 8493 0
80 16000 7.63863e-05 5.05137e-11 8493 0
81 16200 7.63863e-05 2.07379e-11 8493 0
82 16400 7.63863e-05 8.46825e-12 8493 0
83 16600 7.63863e-05 3.43931e-12 8493 0
84 16800 7.63863e-05 1.38924e-12 8493 0
85 17000 7.63863e-05 5.58069e-13 8493 0
86 17200 7.63863e-05 2.22938e-13 8493 0
87 17400 7.63863e-05 8.85616e-14 8493 0
88 17600 7.63863e-05 3.49826e-14 8493 0
89 17800 7.63863e-05 1.374e-14 8493 0
90 18000 7.63863e-05 5.36578e-15 8493 0
91 18200 7.63863e-05 2.0834e-15 8493 0
92 18400 7.63863e-05 8.04274e-16 8493 0
93 18600 7.63863e-05 3.0869e-16 8493 0
94 18800 7.63863e-05 1.17882e-16 8493 0
95 19000 7.63863e-05 4.49899e-17 8493 0
96 19200 7.63863e-05 1.77233e-17 8493 0
97 19400 7.63863e-05 8.67e-18 8493 5.34671e-07
98 19600 7.63863e-05 4.85608e-12 8493 7.3282e-06
99 19800 7.63863e-05 3.00122e-12 8493 0.026289
