NTS LL(mkm)  STRESS(GPa)   VEL(m / s)  DENS(kg/m3)  ENERGY(J) 
0 1805.19 30.4447 900 10948.1 -342264
1 1960.34 30.4445 899.903 10948 -342878
2 2115.49 30.4442 899.805 10948 -342990
3 2270.64 30.4436 899.707 10948 -343100
4 2425.79 30.4429 899.607 10947.9 -343236
5 2580.95 30.442 899.506 10947.8 -343280
6 2736.1 30.4409 899.402 10947.7 -343172
7 2891.26 30.4395 899.296 10947.6 -343193
8 3046.41 30.4379 899.187 10947.5 -343145
9 3201.57 30.4359 899.073 10947.3 -343149
10 3356.73 30.4334 898.953 10947.1 -343100
11 3511.9 30.4303 898.824 10946.8 -343103
12 3667.07 30.4261 898.682 10946.5 -342964
13 3822.24 30.4206 898.522 10946 -342863
14 3977.42 30.4131 898.334 10945.3 -342703
15 4132.61 30.4025 898.103 10944.4 -342462
16 4287.81 30.3877 897.809 10943.2 -342115
17 4443.03 30.367 897.425 10941.4 -341712
18 4598.28 30.338 896.911 10938.9 -341039
19 4753.56 30.2979 896.216 10935.4 -340194
20 4908.89 30.243 895.271 10930.7 -339025
21 5064.28 30.1689 893.992 10924.4 -337433
22 5219.77 30.0699 892.268 10915.9 -335304
23 5375.38 29.9397 889.97 10904.8 -332508
24 5531.14 29.7706 886.939 10890.5 -328893
25 5687.11 29.554 882.989 10872.2 -324296
26 5843.35 29.28 877.906 10849.2 -318538
27 5999.91 28.9376 871.446 10820.6 -311508
28 6156.89 28.5144 863.336 10785.7 -302881
29 6314.38 27.9968 853.272 10743.4 -292609
30 6472.49 27.3697 840.921 10692.8 -280396
31 6631.34 26.616 825.914 10633 -266232
32 6791.09 25.7169 807.846 10563 -249890
33 6951.89 24.6502 786.266 10481.8 -231441
34 7113.95 23.3907 760.667 10388.3 -210781
35 7277.46 21.907 730.455 10281.4 -188140
36 7442.67 20.162 694.911 10160 -163707
37 7609.85 18.1071 653.224 10022.4 -137890
38 7779.33 15.6785 604.641 9867.07 -111310
39 7951.48 12.7711 548.365 9690.45 -85057.6
40 8126.77 9.27756 481.826 9490.53 -61123.4
41 8305.75 9.93516 398.725 9319 -44158.2
42 8488.02 8.17871 352.343 9207.36 -32386.7
43 8672.5 6.32271 306.216 9092.17 -22424.2
44 8859.32 4.36844 257.52 8973.78 -14683.1
45 9048.61 3.22591 205.506 8861.58 -9518.83
46 9240.29 2.63387 161.196 8774.51 -6242.03
47 9433.87 2.16785 126.606 8707.9 -4149.25
48 9628.94 1.7988 99.6999 8656.33 -2793.61
49 9825.16 1.33132 78.6959 8614.82 -1908.43
50 10022.3 2.20343 59.059 8589.65 -1461.3
51 10220.1 2.08782 55.3274 8584.5 -1311.49
52 10418 1.96543 52.5509 8579.05 -1161.66
53 10615.9 1.8343 49.6757 8573.23 -1011.36
54 10814.1 1.69762 46.5472 8567.17 -865.809
55 11012.3 1.55826 43.2426 8561.01 -729.081
56 11210.8 1.41857 39.8419 8554.85 -603.916
57 11409.3 1.28081 36.4078 8548.78 -492.045
58 11608 1.14686 32.9962 8542.9 -394.325
59 11806.8 1.01855 29.6577 8537.27 -310.834
60 12005.8 0.89705 26.4372 8531.95 -241.012
61 12204.9 0.783633 23.3724 8527 -183.826
62 12404.1 0.678943 20.4932 8522.43 -137.929
63 12603.4 0.583464 17.8215 8518.27 -101.817
64 12802.8 0.497289 15.3715 8514.53 -73.948
65 13002.3 0.420508 13.1508 8511.19 -52.8468
66 13201.9 0.352661 11.1599 8508.25 -37.1647
67 13401.5 0.293443 9.39439 8505.68 -25.7224
68 13601.2 0.242232 7.8449 8503.46 -17.5226
69 13801 0.198405 6.49885 8501.57 -11.7505
70 14000.8 0.161179 5.34136 8499.96 -7.75749
71 14200.6 0.130008 4.35556 8498.61 -5.04257
72 14400.5 0.104029 3.52397 8497.49 -3.22778
73 14600.4 0.082613 2.82906 8496.56 -2.03495
74 14800.3 0.0650533 2.25351 8495.81 -1.26385
75 15000.2 0.0509571 1.78122 8495.2 -0.773453
76 15200.2 0.0395377 1.39682 8494.7 -0.466653
77 15400.1 0.0304804 1.08657 8494.31 -0.277793
78 15600.1 0.0233919 0.838053 8494.01 -0.163385
79 15800.1 0.0178783 0.640123 8493.77 -0.0952158
80 16000.1 0.013625 0.483304 8493.59 -0.0552872
81 16200 0.0103955 0.358915 8493.45 -0.0323204
82 16400 0.0080324 0.259715 8493.35 -0.0194038
83 16600 0.006457 0.179127 8493.28 -0.0123911
84 16800 0.00543299 0.110914 8493.23 -0.00889882
85 17000 0.00511791 0.049389 8493.22 -0.00768826
86 17200 0.00535422 -0.0118393 8493.23 -0.00841834
87 17400 0.00629946 -0.0798347 8493.27 -0.011695
88 17600 0.00811117 -0.163564 8493.35 -0.0196266
89 17800 0.0111832 -0.274885 8493.48 -0.037262
90 18000 0.015988 -0.430306 8493.69 -0.0758942
91 18200 0.0232343 -0.653617 8494 -0.160419
92 18399.9 0.0340246 -0.979179 8494.47 -0.345434
93 18599.9 0.0501696 -1.45728 8495.16 -0.750435
94 18799.8 0.0741089 -2.16244 8496.2 -1.6373
95 18999.8 0.109619 -3.20416 8497.73 -3.57939
96 19199.7 0.162124 -4.74434 8500 -7.8319
97 19399.5 0.239872 -7.0224 8503.36 -17.1426
98 19599.2 0.354784 -10.3921 8508.34 -37.5247
99 19798.9 1.11797 -15.3766 8444.92 373.602
