NTS LL(mkm)  STRESS(GPa)   VEL(m / s)  DENS(kg/m3)  ENERGY(J) 
0 1352.81 30.3924 900 10943.6 -341119
1 1508.03 30.392 899.835 10943.5 -341728
2 1663.24 30.3911 899.668 10943.4 -341830
3 1818.46 30.3897 899.499 10943.3 -341922
4 1973.68 30.3877 899.326 10943.2 -342030
5 2128.9 30.3847 899.144 10942.9 -342028
6 2284.12 30.3802 898.948 10942.5 -341847
7 2439.35 30.3734 898.728 10941.9 -341749
8 2594.59 30.363 898.465 10941 -341511
9 2749.84 30.3471 898.133 10939.7 -341211
10 2905.11 30.3228 897.691 10937.6 -340687
11 3060.41 30.2864 897.076 10934.5 -339967
12 3215.75 30.2325 896.202 10929.8 -338749
13 3371.16 30.1546 894.951 10923.2 -337083
14 3526.67 30.0443 893.167 10913.8 -334709
15 3682.3 29.8913 890.653 10900.7 -331419
16 3838.13 29.6836 887.163 10883.1 -326975
17 3994.21 29.4071 882.404 10859.8 -321201
18 4150.62 29.0461 876.031 10829.6 -313660
19 4307.46 28.5831 867.654 10791.3 -304234
20 4464.87 27.9987 856.836 10743.5 -292593
21 4622.97 27.2717 843.096 10685 -278514
22 4781.94 26.3789 825.915 10614.4 -261833
23 4941.97 25.2949 804.73 10530.6 -242471
24 5103.27 23.9904 778.937 10432.5 -220451
25 5266.09 22.4321 747.861 10318.9 -195944
26 5430.7 20.5807 710.709 10188.7 -169306
27 5597.42 18.3849 666.558 10040.7 -141178
28 5766.59 15.7817 614.534 9873.52 -112361
29 5938.62 12.656 554.161 9683.65 -84183.8
30 6114.03 8.89007 483.711 9469.12 -58975.6
31 6293.42 9.63507 396.359 9299.74 -41978.7
32 6476.07 7.71238 347.365 9178.16 -29639.1
33 6661.14 5.69264 296.802 9053.67 -19616.7
34 6848.75 3.66384 243.386 8927.69 -12392.5
35 7039.01 2.94877 189.388 8820.48 -7895.2
36 7231.59 2.38794 147.012 8739.16 -5085.22
37 7425.95 1.95273 113.963 8677.72 -3327.35
38 7621.7 1.55462 87.8134 8631.27 -2226.45
39 7818.49 1.03635 65.6053 8593.02 -1560.15
40 8016.16 2.08797 57.8724 8584.51 -1311.35
41 8214.03 1.9106 53.2963 8576.62 -1097.28
42 8412.08 1.73338 48.9166 8568.76 -902.571
43 8610.31 1.55584 44.5946 8560.9 -726.62
44 8808.73 1.38095 40.2325 8553.19 -572.069
45 9007.32 1.21216 35.8933 8545.76 -440.496
46 9206.09 1.0524 31.6662 8538.75 -331.791
47 9405.01 0.903636 27.629 8532.24 -244.505
48 9604.09 0.767549 23.8429 8526.3 -176.313
49 9803.31 0.645028 20.3522 8520.95 -124.43
50 10002.7 0.536257 17.1853 8516.22 -85.9603
51 10202.1 0.441101 14.3561 8512.09 -58.1407
52 10401.7 0.35903 11.8656 8508.53 -38.5092
53 10601.3 0.289274 9.70429 8505.5 -24.9824
54 10801 0.230588 7.85405 8502.96 -15.8775
55 11000.8 0.182036 6.29112 8500.86 -9.88796
56 11200.6 0.14221 4.9879 8499.14 -6.03515
57 11400.4 0.110012 3.91472 8497.75 -3.61106
58 11600.3 0.0842665 3.04167 8496.64 -2.11843
59 11800.2 0.0639508 2.33994 8495.76 -1.21882
60 12000.2 0.0480432 1.78245 8495.07 -0.687895
61 12200.1 0.0357573 1.34469 8494.54 -0.380899
62 12400.1 0.0263848 1.00463 8494.14 -0.206987
63 12600.1 0.0192174 0.743369 8493.83 -0.110414
64 12800 0.01394 0.544775 8493.6 -0.0578362
65 13000 0.0100016 0.395662 8493.43 -0.0297439
66 13200 0.00708716 0.284481 8493.3 -0.0150291
67 13400 0.00503914 0.202635 8493.21 -0.0074641
68 13600 0.00346371 0.142941 8493.15 -0.0036463
69 13800 0.00243968 0.0998826 8493.1 -0.00175249
70 14000 0.00165196 0.0691153 8493.07 -0.000828872
71 14200 0.00110056 0.0473092 8493.05 -0.00038611
72 14400 0.000785469 0.0319615 8493.03 -0.000177791
73 14600 0.000549152 0.0213673 8493.02 -8.06817e-05
74 14800 0.000312834 0.0140357 8493.01 -3.61998e-05
75 15000 0.000234061 0.0088987 8493.01 -1.65058e-05
76 15200 0.000155296 0.00562347 8493.01 -7.38072e-06
77 15400 7.63863e-05 0.00345279 8493 -3.1655e-06
78 15600 7.63863e-05 0.00171866 8493 -1.52307e-06
79 15800 7.63863e-05 0.000831827 8493 -7.27591e-07
80 16000 7.63863e-05 0.000398199 8493 -3.46684e-07
81 16200 7.63863e-05 0.000189974 8493 -1.64948e-07
82 16400 7.63863e-05 9.03594e-05 8493 -7.85012e-08
83 16600 7.63863e-05 4.2602e-05 8493 -3.77435e-08
84 16800 7.63863e-05 1.93885e-05 8493 -1.91952e-08
85 17000 7.63863e-05 7.36865e-06 8493 -1.21446e-08
86 17200 7.63863e-05 -3.90866e-07 8493 -1.25173e-08
87 17400 7.63863e-05 -8.26131e-06 8493 -2.04136e-08
88 17600 7.63863e-05 -2.03587e-05 8493 -3.98715e-08
89 17800 7.63863e-05 -4.25317e-05 8493 -8.05051e-08
90 18000 7.63863e-05 -8.50632e-05 8493 -1.61773e-07
91 18200 7.63863e-05 -0.000167517 8493 -3.21809e-07
92 18400 7.63863e-05 -0.000328468 8493 -6.35646e-07
93 18600 7.63863e-05 -0.000646781 8493 -1.25381e-06
94 18800 7.63863e-05 -0.00128899 8493 -2.48572e-06
95 19000 0.000155296 -0.0025745 8493 -5.18596e-06
96 19200 0.000155296 -0.00389883 8493.01 -1.00787e-05
97 19400 0.000234061 -0.00634762 8493.01 -2.01535e-05
98 19600 0.000391606 -0.00973668 8493.01 -3.51029e-05
99 19800 0.00110056 -0.0146327 8492.95 0.0266539
