NTS LL(mkm)  STRESS(GPa)   VEL(m / s)  DENS(kg/m3)  ENERGY(J) 
0 809.585 30.2645 900 10932.6 -338337
1 964.955 30.2569 899.571 10931.9 -338789
2 1120.33 30.2384 899.071 10930.3 -338509
3 1275.74 30.2008 898.399 10927.1 -337815
4 1431.19 30.1315 897.383 10921.2 -336469
5 1586.72 30.0129 895.754 10911.1 -333979
6 1742.39 29.8221 893.116 10894.9 -329812
7 1898.3 29.5306 888.937 10870.2 -323690
8 2054.56 29.1055 882.54 10834.6 -314812
9 2211.34 28.5103 873.117 10785.3 -302712
10 2368.83 27.7057 859.745 10719.8 -286789
11 2527.29 26.6504 841.428 10635.7 -266818
12 2686.99 25.3028 817.125 10531.2 -242542
13 2848.29 23.6177 785.798 10405 -214376
14 3011.53 21.5479 746.366 10256.1 -182880
15 3177.15 19.0427 697.598 10084.3 -149181
16 3345.59 16.0435 638.123 9889.95 -114978
17 3517.34 12.4439 567.429 9671.17 -82467
18 3692.98 8.07059 487.051 9424.34 -54678
19 3873.21 8.91682 392.859 9253.97 -37038
20 4056.77 6.59503 336.297 9108.88 -23712.3
21 4243.24 4.21853 274.736 8964.85 -14203.6
22 4432.72 3.06335 210.392 8837.41 -8547.7
23 4624.92 2.41396 158.719 8742.9 -5202.51
24 4819.21 1.92064 119.573 8673.24 -3212.31
25 5015.05 1.41751 89.9315 8621.18 -2025.63
26 5212.08 2.16355 64.7523 8587.87 -1407.69
27 5409.87 1.87932 56.4855 8575.23 -1060.9
28 5607.95 1.60561 49.4079 8563.1 -773.597
29 5806.31 1.34645 42.5835 8551.67 -543.458
30 6004.94 1.10872 36.0131 8541.22 -368.124
31 6203.81 0.896971 29.8944 8531.95 -240.71
32 6402.9 0.713166 24.3745 8523.92 -152.056
33 6602.17 0.557466 19.5294 8517.14 -92.8522
34 6801.61 0.428604 15.3812 8511.54 -54.8424
35 7001.17 0.324116 11.9116 8507.01 -31.3494
36 7200.84 0.241209 9.07318 8503.42 -17.353
37 7400.6 0.176684 6.79949 8500.63 -9.30649
38 7600.42 0.127411 5.01466 8498.5 -4.83837
39 7800.29 0.0904868 3.64058 8496.9 -2.4397
40 8000.2 0.0633208 2.60236 8495.73 -1.19378
41 8200.13 0.043633 1.83208 8494.88 -0.567134
42 8400.09 0.0296141 1.27047 8494.28 -0.261749
43 8600.06 0.0198475 0.868173 8493.86 -0.117405
44 8800.04 0.0131524 0.58457 8493.56 -0.0512155
45 9000.02 0.00858379 0.387924 8493.37 -0.0217487
46 9200.01 0.00551176 0.253822 8493.24 -0.00899125
47 9400.01 0.00346371 0.163632 8493.15 -0.00362671
48 9600.01 0.00220337 0.103985 8493.09 -0.00142839
49 9800 0.00133688 0.0651127 8493.06 -0.000550501
50 10000 0.000864242 0.0401229 8493.03 -0.000208223
51 10200 0.000549152 0.0243006 8493.02 -7.75966e-05
52 10400 0.000312834 0.0143264 8493.01 -2.91532e-05
53 10600 0.000155296 0.00839744 8493.01 -1.05796e-05
54 10800 0.000155296 0.00455204 8493 -3.99489e-06
55 11000 7.63863e-05 0.00226318 8493 -1.7253e-06
56 11200 7.63863e-05 0.00100282 8493 -7.64287e-07
57 11400 7.63863e-05 0.000446976 8493 -3.3604e-07
58 11600 7.63863e-05 0.000197334 8493 -1.4693e-07
59 11800 7.63863e-05 8.65902e-05 8493 -6.39336e-08
60 12000 7.63863e-05 3.78144e-05 8493 -2.76856e-08
61 12200 7.63863e-05 1.64348e-05 8493 -1.1929e-08
62 12400 7.63863e-05 7.10759e-06 8493 -5.11361e-09
63 12600 7.63863e-05 3.05835e-06 8493 -2.1811e-09
64 12800 7.63863e-05 1.30927e-06 8493 -9.25363e-10
65 13000 7.63863e-05 5.57597e-07 8493 -3.90599e-10
66 13200 7.63863e-05 2.36224e-07 8493 -1.63978e-10
67 13400 7.63863e-05 9.95417e-08 8493 -6.84934e-11
68 13600 7.63863e-05 4.17187e-08 8493 -2.84726e-11
69 13800 7.63863e-05 1.73887e-08 8493 -1.17023e-11
70 14000 7.63863e-05 7.20746e-09 8493 -4.60193e-12
71 14200 7.63863e-05 2.9706e-09 8493 -2.34045e-12
72 14400 7.63863e-05 1.21737e-09 8493 0
73 14600 7.63863e-05 4.96006e-10 8493 0
74 14800 7.63863e-05 2.00913e-10 8493 0
75 15000 7.63863e-05 8.09021e-11 8493 0
76 15200 7.63863e-05 3.23826e-11 8493 0
77 15400 7.63863e-05 1.28837e-11 8493 0
78 15600 7.63863e-05 5.09467e-12 8493 0
79 15800 7.63863e-05 2.00225e-12 8493 0
80 16000 7.63863e-05 7.82033e-13 8493 0
81 16200 7.63863e-05 3.03538e-13 8493 0
82 16400 7.63863e-05 1.17075e-13 8493 0
83 16600 7.63863e-05 4.487e-14 8493 0
84 16800 7.63863e-05 1.70873e-14 8493 0
85 17000 7.63863e-05 6.46545e-15 8493 0
86 17200 7.63863e-05 2.43061e-15 8493 0
87 17400 7.63863e-05 9.07852e-16 8493 0
88 17600 7.63863e-05 3.36868e-16 8493 0
89 17800 7.63863e-05 1.24186e-16 8493 0
90 18000 7.63863e-05 4.54809e-17 8493 0
91 18200 7.63863e-05 1.65561e-17 8493 0
92 18400 7.63863e-05 5.99262e-18 8493 0
93 18600 7.63863e-05 2.14473e-18 8493 0
94 18800 7.63863e-05 7.66667e-19 8493 0
95 19000 7.63863e-05 2.7173e-19 8493 0
96 19200 7.63863e-05 1.26159e-19 8493 0
97 19400 7.63863e-05 3.39656e-20 8493 5.34671e-07
98 19600 7.63863e-05 3.00631e-11 8493 7.3282e-06
99 19800 7.63863e-05 1.858e-11 8493 0.0262889
