NTS LL(mkm)  STRESS(GPa)   VEL(m / s)  DENS(kg/m3)  ENERGY(J) 
0 1807.73 30.4449 900 10948.1 -342269
1 1962.89 30.4447 899.903 10948.1 -342883
2 2118.04 30.4444 899.806 10948 -342995
3 2273.19 30.4439 899.708 10948 -343105
4 2428.34 30.4432 899.608 10947.9 -343241
5 2583.49 30.4422 899.507 10947.9 -343285
6 2738.65 30.4411 899.404 10947.8 -343177
7 2893.8 30.4398 899.298 10947.6 -343198
8 3048.96 30.4381 899.189 10947.5 -343151
9 3204.12 30.4362 899.075 10947.3 -343155
10 3359.28 30.4337 898.956 10947.1 -343106
11 3514.44 30.4306 898.827 10946.8 -343111
12 3669.61 30.4265 898.687 10946.5 -342972
13 3824.78 30.4211 898.528 10946 -342872
14 3979.96 30.4136 898.34 10945.4 -342714
15 4135.15 30.4032 898.112 10944.5 -342477
16 4290.35 30.3885 897.822 10943.2 -342135
17 4445.57 30.3681 897.442 10941.5 -341738
18 4600.81 30.3395 896.935 10939 -341074
19 4756.09 30.3 896.249 10935.6 -340242
20 4911.42 30.246 895.318 10931 -339089
21 5066.81 30.1728 894.055 10924.7 -337519
22 5222.3 30.0752 892.356 10916.4 -335418
23 5377.9 29.9467 890.088 10905.4 -332658
24 5533.65 29.7798 887.096 10891.3 -329088
25 5689.61 29.5659 883.197 10873.2 -324545
26 5845.83 29.295 878.176 10850.4 -318852
27 6002.38 28.9565 871.793 10822.2 -311897
28 6159.34 28.538 863.777 10787.6 -303357
29 6316.79 28.0258 853.826 10745.7 -293183
30 6474.87 27.4052 841.607 10695.6 -281078
31 6633.68 26.6591 826.756 10636.4 -267030
32 6793.38 25.7687 808.869 10567 -250810
33 6954.12 24.7121 787.499 10486.4 -232489
34 7116.1 23.4645 762.141 10393.7 -211955
35 7279.53 21.9949 732.206 10287.7 -189434
36 7444.64 20.2664 696.989 10167.1 -165104
37 7611.71 18.2304 655.716 10030.5 -139352
38 7781.05 15.824 607.638 9876.17 -112780
39 7953.04 12.9469 551.797 9700.86 -86479.9
40 8128.14 9.50202 485.4 9502.99 -62418.6
41 8306.88 10.0407 402.572 9325.78 -44936.4
42 8489.02 8.2825 355.338 9213.89 -33020.1
43 8673.37 6.43236 308.975 9098.88 -22940.5
44 8860.06 4.48487 260.33 8980.76 -15065.3
45 9049.19 3.26495 208.452 8867.42 -9759.89
46 9240.75 2.66446 163.5 8778.98 -6395.61
47 9434.23 2.19204 128.421 8711.32 -4247.61
48 9629.22 1.81786 101.107 8658.98 -2857.5
49 9825.39 1.36445 79.6576 8617.27 -1952.73
50 10022.5 2.21418 59.7488 8590.13 -1475.68
51 10220.2 2.09569 55.6618 8584.85 -1321.39
52 10418.1 1.97338 52.7482 8579.41 -1171.1
53 10616.1 1.84296 49.8611 8573.61 -1020.91
54 10814.2 1.70676 46.7508 8567.58 -875.154
55 11012.5 1.56764 43.4614 8561.43 -737.919
56 11210.9 1.42811 40.0698 8555.27 -612.049
57 11409.4 1.29028 36.6402 8549.2 -499.346
58 11608.1 1.15618 33.229 8543.3 -400.728
59 11806.9 1.02748 29.8874 8537.66 -316.324
60 12005.9 0.905596 26.6606 8532.33 -245.617
61 12205 0.791636 23.5865 8527.35 -187.608
62 12404.1 0.6864 20.6957 8522.76 -140.972
63 12603.4 0.590297 18.0107 8518.57 -104.216
64 12802.8 0.503496 15.5462 8514.8 -75.8035
65 13002.3 0.42601 13.31 8511.43 -54.2544
66 13201.9 0.357615 11.3035 8508.46 -38.2125
67 13401.5 0.297769 9.52245 8505.87 -26.4881
68 13601.2 0.246008 7.95792 8503.63 -18.0721
69 13801 0.201631 6.59756 8501.71 -12.1378
70 14000.8 0.163934 5.42673 8500.08 -8.02569
71 14200.6 0.132291 4.42858 8498.71 -5.22515
72 14400.5 0.105919 3.58589 8497.57 -3.34995
73 14600.4 0.0841878 2.881 8496.63 -2.11537
74 14800.3 0.066392 2.29679 8495.86 -1.31589
75 15000.2 0.0519809 1.81681 8495.24 -0.806617
76 15200.2 0.040404 1.42588 8494.74 -0.487463
77 15400.1 0.0311893 1.11005 8494.35 -0.290665
78 15600.1 0.0239432 0.856822 8494.03 -0.171253
79 15800.1 0.0182722 0.65498 8493.79 -0.0999784
80 16000.1 0.01394 0.494799 8493.6 -0.058171
81 16200 0.0107105 0.367716 8493.46 -0.0340799
82 16400 0.00826871 0.266162 8493.36 -0.0205132
83 16600 0.00661454 0.183529 8493.28 -0.0131421
84 16800 0.0056693 0.11346 8493.24 -0.00947419
85 17000 0.00527545 0.0500557 8493.22 -0.008222
86 17200 0.00551176 -0.0131646 8493.24 -0.00903934
87 17400 0.00653577 -0.0836077 8493.28 -0.0125991
88 17600 0.00842625 -0.170448 8493.36 -0.0211838
89 17800 0.0116558 -0.286094 8493.5 -0.040261
90 18000 0.0166181 -0.447657 8493.71 -0.0820495
91 18200 0.0241007 -0.679798 8494.04 -0.173463
92 18399.9 0.0354423 -1.0183 8494.53 -0.373538
93 18599.9 0.0522171 -1.51552 8495.25 -0.811533
94 18799.8 0.0771011 -2.24878 8496.33 -1.77061
95 18999.8 0.114028 -3.33209 8497.92 -3.87081
96 19199.6 0.168578 -4.93371 8500.28 -8.46947
97 19399.5 0.249391 -7.30253 8503.77 -18.5376
98 19599.2 0.368937 -10.8065 8508.95 -40.5771
99 19798.8 1.16245 -15.9894 8443.02 403.988
