NTS LL(mkm)  STRESS(GPa)   VEL(m / s)  DENS(kg/m3)  ENERGY(J) 
0 1355.87 30.3928 900 10943.6 -341129
1 1511.08 30.3924 899.835 10943.6 -341738
2 1666.3 30.3916 899.669 10943.5 -341841
3 1821.51 30.3902 899.501 10943.4 -341932
4 1976.73 30.3882 899.329 10943.2 -342041
5 2131.95 30.3853 899.148 10942.9 -342040
6 2287.17 30.3808 898.953 10942.6 -341860
7 2442.4 30.3741 898.735 10942 -341765
8 2597.64 30.3639 898.475 10941.1 -341531
9 2752.89 30.3483 898.147 10939.8 -341238
10 2908.16 30.3245 897.711 10937.7 -340724
11 3063.46 30.2887 897.107 10934.7 -340019
12 3218.8 30.236 896.248 10930.1 -338824
13 3374.2 30.1596 895.02 10923.6 -337189
14 3529.7 30.0513 893.269 10914.3 -334859
15 3685.33 29.901 890.801 10901.5 -331625
16 3841.14 29.6968 887.372 10884.2 -327255
17 3997.2 29.4249 882.695 10861.3 -321573
18 4153.59 29.0695 876.427 10831.6 -314142
19 4310.41 28.6135 868.184 10793.8 -304848
20 4467.78 28.0374 857.53 10746.7 -293357
21 4625.84 27.3204 843.991 10688.9 -279445
22 4784.75 26.4395 827.049 10619.2 -262944
23 4944.71 25.3693 806.148 10536.3 -243769
24 5105.92 24.0811 780.685 10439.2 -221936
25 5268.63 22.5418 749.987 10326.7 -197605
26 5433.12 20.7127 713.274 10197.8 -171117
27 5599.69 18.5428 669.673 10051.1 -143084
28 5768.68 15.9685 618.373 9885.23 -114265
29 5940.51 12.8795 558.722 9696.86 -85977.9
30 6115.68 9.17444 488.455 9484.82 -60550.1
31 6294.77 9.76886 401.098 9308.31 -42938.8
32 6477.25 7.8491 351.024 9186.69 -30425
33 6662.15 5.83618 300.403 9062.41 -20229.1
34 6849.58 3.73995 247.349 8936.36 -12793.4
35 7039.66 2.9937 192.7 8827.13 -8148.7
36 7232.09 2.42349 149.644 8744.26 -5245.56
37 7426.34 1.98129 115.959 8681.69 -3431.02
38 7622 1.59793 89.3732 8634.46 -2293.77
39 7818.72 1.05621 68.5797 8594.49 -1580.94
40 8016.36 2.10036 56.6965 8585.06 -1327.07
41 8214.21 1.92503 53.5715 8577.26 -1113.97
42 8412.25 1.74775 49.2767 8569.39 -917.626
43 8610.47 1.5703 44.9443 8561.54 -740.237
44 8808.86 1.39534 40.5858 8553.82 -584.101
45 9007.44 1.22626 36.2486 8546.38 -450.798
46 9206.19 1.0658 32.0163 8539.34 -340.345
47 9405.11 0.916259 27.967 8532.79 -251.403
48 9604.18 0.77924 24.1631 8526.81 -181.722
49 9803.38 0.655627 20.6501 8521.41 -128.559
50 10002.7 0.545683 17.4579 8516.63 -89.0309
51 10202.2 0.449432 14.6018 8512.45 -60.367
52 10401.7 0.366342 12.0836 8508.84 -40.084
53 10601.3 0.295488 9.89488 8505.77 -26.0698
54 10801 0.235859 8.01841 8503.19 -16.6108
55 11000.8 0.186443 6.43095 8501.05 -10.3712
56 11200.6 0.145831 5.10531 8499.29 -6.34646
57 11400.5 0.113004 4.01202 8497.87 -3.80723
58 11600.3 0.0866287 3.12137 8496.74 -2.23936
59 11800.3 0.0658407 2.40433 8495.84 -1.29182
60 12000.2 0.0495396 1.83405 8495.13 -0.730999
61 12200.1 0.0368599 1.38535 8494.59 -0.405857
62 12400.1 0.0272512 1.03644 8494.17 -0.221137
63 12600.1 0.0199262 0.767909 8493.86 -0.118283
64 12800 0.0144126 0.563601 8493.62 -0.0621171
65 13000 0.0103955 0.409819 8493.45 -0.0320354
66 13200 0.00740224 0.295104 8493.32 -0.0162306
67 13400 0.00519668 0.2105 8493.22 -0.0080824
68 13600 0.00362126 0.148719 8493.16 -0.00395819
69 13800 0.00251846 0.104068 8493.11 -0.00190713
70 14000 0.00173074 0.0721007 8493.07 -0.000904678
71 14200 0.00117933 0.049442 8493.05 -0.00042261
72 14400 0.000785469 0.0334946 8493.03 -0.000194826
73 14600 0.000549152 0.0223793 8493.02 -8.88904e-05
74 14800 0.000391606 0.0147383 8493.01 -4.01467e-05
75 15000 0.000234061 0.00948274 8493.01 -1.80918e-05
76 15200 0.000155296 0.00596632 8493.01 -8.07195e-06
77 15400 7.63863e-05 0.00368206 8493 -3.43735e-06
78 15600 7.63863e-05 0.00185685 8493 -1.66338e-06
79 15800 7.63863e-05 0.000906519 8493 -7.96652e-07
80 16000 7.63863e-05 0.000435663 8493 -3.7995e-07
81 16200 7.63863e-05 0.000208104 8493 -1.80876e-07
82 16400 7.63863e-05 9.90262e-05 8493 -8.61392e-08
83 16600 7.63863e-05 4.67046e-05 8493 -4.14576e-08
84 16800 7.63863e-05 2.12601e-05 8493 -2.11178e-08
85 17000 7.63863e-05 8.08233e-06 8493 -1.33848e-08
86 17200 7.63863e-05 -4.05836e-07 8493 -1.37712e-08
87 17400 7.63863e-05 -8.96035e-06 8493 -2.23345e-08
88 17600 7.63863e-05 -2.20284e-05 8493 -4.3387e-08
89 17800 7.63863e-05 -4.59092e-05 8493 -8.72474e-08
90 18000 7.63863e-05 -9.16958e-05 8493 -1.74852e-07
91 18200 7.63863e-05 -0.000180591 8493 -3.47386e-07
92 18400 7.63863e-05 -0.000354737 8493 -6.86344e-07
93 18600 7.63863e-05 -0.00070048 8493 -1.35578e-06
94 18800 7.63863e-05 -0.00139302 8493 -2.68655e-06
95 19000 0.000155296 -0.00273608 8493 -5.60076e-06
96 19200 0.000155296 -0.00408685 8493.01 -1.08591e-05
97 19400 0.000234061 -0.00666381 8493.01 -2.17952e-05
98 19600 0.000391606 -0.010284 8493.02 -3.89734e-05
99 19800 0.00117933 -0.0153093 8492.95 0.0266885
