NTS LL(mkm)  STRESS(GPa)   VEL(m / s)  DENS(kg/m3)  ENERGY(J) 
0 1354.34 30.3925 900 10943.6 -341124
1 1509.56 30.3922 899.835 10943.5 -341733
2 1664.77 30.3913 899.669 10943.5 -341836
3 1819.99 30.39 899.5 10943.4 -341927
4 1975.2 30.388 899.327 10943.2 -342036
5 2130.42 30.3849 899.146 10942.9 -342034
6 2285.65 30.3805 898.951 10942.5 -341854
7 2440.88 30.3738 898.731 10942 -341757
8 2596.11 30.3635 898.47 10941.1 -341521
9 2751.36 30.3477 898.14 10939.7 -341225
10 2906.63 30.3237 897.701 10937.7 -340706
11 3061.93 30.2876 897.091 10934.6 -339993
12 3217.27 30.2342 896.225 10930 -338787
13 3372.68 30.1571 894.985 10923.4 -337136
14 3528.18 30.0478 893.218 10914 -334784
15 3683.82 29.8961 890.727 10901.1 -331522
16 3839.64 29.6902 887.268 10883.7 -327115
17 3995.7 29.416 882.55 10860.6 -321387
18 4152.1 29.0579 876.23 10830.6 -313902
19 4308.94 28.5984 867.92 10792.6 -304542
20 4466.32 28.0181 857.184 10745.1 -292976
21 4624.41 27.2961 843.545 10686.9 -278981
22 4783.35 26.4094 826.484 10616.8 -262390
23 4943.34 25.3322 805.441 10533.5 -243121
24 5104.6 24.0359 779.814 10435.9 -221195
25 5267.36 22.4871 748.928 10322.8 -196776
26 5431.91 20.647 711.995 10193.3 -170213
27 5598.55 18.4642 668.119 10045.9 -142132
28 5767.63 15.8754 616.461 9879.39 -113313
29 5939.57 12.7679 556.462 9690.26 -85077.5
30 6114.86 9.03231 486.102 9476.96 -59756.6
31 6294.09 9.70137 398.712 9304 -42454.5
32 6476.66 7.78089 349.175 9182.42 -30030.2
33 6661.64 5.76454 298.596 9058.05 -19921.5
34 6849.17 3.69318 245.368 8932.01 -12591.5
35 7039.34 2.97104 191.04 8823.79 -8020.97
36 7231.84 2.40565 148.325 8741.69 -5164.71
37 7426.15 1.96696 114.955 8679.7 -3378.78
38 7621.85 1.5766 88.5578 8632.89 -2260.43
39 7818.6 1.04527 67.2028 8593.68 -1569.42
40 8016.26 2.09475 57.1657 8584.81 -1319.95
41 8214.12 1.91786 53.4638 8576.94 -1105.65
42 8412.17 1.74056 49.0983 8569.07 -910.078
43 8610.39 1.56303 44.7691 8561.22 -733.414
44 8808.8 1.38815 40.4092 8553.51 -578.07
45 9007.38 1.21921 36.071 8546.07 -445.63
46 9206.14 1.05906 31.8412 8539.05 -336.051
47 9405.06 0.909987 27.7979 8532.52 -247.938
48 9604.13 0.773433 24.0028 8526.55 -179.003
49 9803.35 0.650288 20.5009 8521.18 -126.482
50 10002.7 0.54097 17.3213 8516.42 -87.4853
51 10202.1 0.445266 14.4787 8512.27 -59.2455
52 10401.7 0.362647 11.9743 8508.68 -39.2902
53 10601.3 0.292342 9.79929 8505.63 -25.5213
54 10801 0.233263 7.93599 8503.08 -16.2407
55 11000.8 0.184239 6.36077 8500.95 -10.1271
56 11200.6 0.14402 5.04636 8499.22 -6.18911
57 11400.4 0.111508 3.96315 8497.81 -3.70801
58 11600.3 0.0854476 3.08133 8496.69 -2.17815
59 11800.2 0.0648958 2.37197 8495.8 -1.25485
60 12000.2 0.048752 1.80809 8495.1 -0.709157
61 12200.1 0.0363086 1.36491 8494.56 -0.393198
62 12400.1 0.0267787 1.02044 8494.15 -0.213954
63 12600.1 0.0196112 0.755568 8493.84 -0.114284
64 12800 0.0141763 0.554101 8493.61 -0.0599423
65 13000 0.0101592 0.402693 8493.44 -0.0308702
66 13200 0.0072447 0.289763 8493.31 -0.0156184
67 13400 0.00511791 0.206529 8493.22 -0.00776735
68 13600 0.00354249 0.145805 8493.15 -0.00379914
69 13800 0.00243968 0.101956 8493.11 -0.00182821
70 14000 0.00173074 0.0705994 8493.07 -0.000865846
71 14200 0.00117933 0.0483576 8493.05 -0.000403986
72 14400 0.000785469 0.032714 8493.03 -0.000186203
73 14600 0.000549152 0.021869 8493.02 -8.4741e-05
74 14800 0.000391606 0.0143956 8493.01 -3.80975e-05
75 15000 0.000234061 0.00918085 8493.01 -1.72836e-05
76 15200 0.000155296 0.005792 8493.01 -7.72194e-06
77 15400 7.63863e-05 0.00356701 8493 -3.29969e-06
78 15600 7.63863e-05 0.0017872 8493 -1.59202e-06
79 15800 7.63863e-05 0.000868643 8493 -7.61411e-07
80 16000 7.63863e-05 0.000416571 8493 -3.62948e-07
81 16200 7.63863e-05 0.000198841 8493 -1.72732e-07
82 16400 7.63863e-05 9.45949e-05 8493 -8.22332e-08
83 16600 7.63863e-05 4.46068e-05 8493 -3.95579e-08
84 16800 7.63863e-05 2.03029e-05 8493 -2.01344e-08
85 17000 7.63863e-05 7.71693e-06 8493 -1.27507e-08
86 17200 7.63863e-05 -3.99233e-07 8493 -1.31312e-08
87 17400 7.63863e-05 -8.6051e-06 8493 -2.13555e-08
88 17600 7.63863e-05 -2.11789e-05 8493 -4.15968e-08
89 17800 7.63863e-05 -4.41895e-05 8493 -8.3814e-08
90 18000 7.63863e-05 -8.83159e-05 8493 -1.68189e-07
91 18200 7.63863e-05 -0.000173919 8493 -3.34346e-07
92 18400 7.63863e-05 -0.000341316 8493 -6.60471e-07
93 18600 7.63863e-05 -0.000673164 8493 -1.30383e-06
94 18800 7.63863e-05 -0.00134086 8493 -2.58504e-06
95 19000 0.000155296 -0.00265596 8493 -5.39232e-06
96 19200 0.000155296 -0.00399076 8493.01 -1.04639e-05
97 19400 0.000234061 -0.0065036 8493.01 -2.09609e-05
98 19600 0.000391606 -0.0100131 8493.01 -3.70271e-05
99 19800 0.00110056 -0.0149466 8492.95 0.0266706
