NTS LL(mkm)  STRESS(GPa)   VEL(m / s)  DENS(kg/m3)  ENERGY(J) 
0 1361.47 30.3936 900 10943.7 -341147
1 1516.69 30.3932 899.836 10943.6 -341756
2 1671.9 30.3924 899.672 10943.6 -341859
3 1827.12 30.3911 899.505 10943.5 -341951
4 1982.33 30.3891 899.334 10943.3 -342061
5 2137.55 30.3863 899.155 10943 -342061
6 2292.77 30.3819 898.962 10942.7 -341885
7 2448 30.3754 898.747 10942.1 -341794
8 2603.24 30.3656 898.492 10941.3 -341567
9 2758.48 30.3505 898.172 10940 -341286
10 2913.75 30.3275 897.748 10938 -340791
11 3069.04 30.2931 897.162 10935 -340113
12 3224.38 30.2421 896.331 10930.7 -338958
13 3379.78 30.1684 895.144 10924.3 -337379
14 3535.26 30.0637 893.452 10915.4 -335126
15 3690.88 29.9182 891.064 10903 -331995
16 3846.67 29.7204 887.747 10886.2 -327756
17 4002.7 29.4566 883.215 10864 -322239
18 4159.05 29.1115 877.137 10835.1 -315009
19 4315.82 28.6679 869.132 10798.3 -305951
20 4473.12 28.107 858.774 10752.3 -294732
21 4631.1 27.408 845.595 10695.9 -281123
22 4789.91 26.5484 829.085 10627.7 -264949
23 4949.74 25.5032 808.695 10546.6 -246115
24 5110.79 24.2441 783.827 10451.4 -224624
25 5273.32 22.7391 753.814 10340.9 -200618
26 5437.58 20.9502 717.908 10214.3 -174407
27 5603.87 18.8264 675.313 10069.9 -146553
28 5772.55 16.3051 625.244 9906.44 -117757
29 5944.02 13.287 566.695 9721.08 -89335.1
30 6118.75 9.6929 496.824 9513.64 -63556.3
31 6297.3 10.0212 410.048 9324.55 -44787.6
32 6479.46 8.09963 358.114 9202.42 -31907.5
33 6664.04 6.09743 307.139 9078.35 -21383.3
34 6851.15 4.01142 254.388 8952.5 -13573
35 7040.88 3.07832 199.084 8839.64 -8635.24
36 7233.04 2.49061 154.567 8753.87 -5553.66
37 7427.08 2.03423 119.774 8689.12 -3628.51
38 7622.56 1.67362 92.6452 8640.03 -2415.55
39 7819.16 1.10849 72.4651 8598.36 -1637.49
40 8016.71 2.11657 56.2823 8585.78 -1347.7
41 8214.55 1.94991 53.7802 8578.36 -1143.11
42 8412.56 1.77398 49.8672 8570.55 -945.468
43 8610.75 1.59678 45.5834 8562.71 -765.502
44 8809.12 1.42177 41.2331 8554.99 -606.47
45 9007.67 1.25209 36.8989 8547.52 -470.025
46 9206.39 1.09055 32.6586 8540.43 -356.375
47 9405.28 0.939622 28.5886 8533.81 -264.383
48 9604.33 0.800815 24.7531 8527.75 -191.941
49 9803.51 0.675253 21.2005 8522.27 -136.392
50 10002.8 0.563279 17.9628 8517.4 -94.8785
51 10202.3 0.464992 15.0575 8513.12 -64.6238
52 10401.8 0.379865 12.489 8509.43 -43.1068
53 10601.4 0.307128 10.2501 8506.27 -28.1652
54 10801.1 0.245772 8.32541 8503.62 -18.0296
55 11000.8 0.194627 6.69274 8501.41 -11.3098
56 11200.6 0.152679 5.32551 8499.59 -6.95357
57 11400.5 0.118515 4.19497 8498.11 -4.19129
58 11600.4 0.0911167 3.27148 8496.93 -2.47708
59 11800.3 0.0693843 2.52605 8495.99 -1.4358
60 12000.2 0.0522959 1.93149 8495.26 -0.816416
61 12200.1 0.0390651 1.46253 8494.68 -0.45548
62 12400.1 0.0289052 1.09685 8494.25 -0.249388
63 12600.1 0.0211865 0.814656 8493.91 -0.13405
64 12800.1 0.0154366 0.599457 8493.66 -0.0707361
65 13000 0.0111044 0.436911 8493.48 -0.0366637
66 13200 0.00795363 0.31543 8493.34 -0.0186683
67 13400 0.00559053 0.225603 8493.24 -0.00934164
68 13600 0.00393634 0.159792 8493.17 -0.00459757
69 13800 0.00275477 0.112163 8493.12 -0.00222482
70 14000 0.00188828 0.0779066 8493.08 -0.00106013
71 14200 0.0012581 0.0535698 8493.05 -0.00049758
72 14400 0.000864242 0.0364069 8493.04 -0.000230482
73 14600 0.000627924 0.0244682 8493.02 -0.000105229
74 14800 0.000391606 0.0161114 8493.02 -4.78709e-05
75 15000 0.000234061 0.0105507 8493.01 -2.12858e-05
76 15200 0.000155296 0.00662965 8493.01 -9.46736e-06
77 15400 0.000155296 0.00397029 8493 -4.27142e-06
78 15600 7.63863e-05 0.00226743 8493 -1.95937e-06
79 15800 7.63863e-05 0.00106599 8493 -9.39101e-07
80 16000 7.63863e-05 0.000512375 8493 -4.49016e-07
81 16200 7.63863e-05 0.000245613 8493 -2.14082e-07
82 16400 7.63863e-05 0.000117073 8493 -1.02085e-07
83 16600 7.63863e-05 5.52631e-05 8493 -4.92158e-08
84 16800 7.63863e-05 2.51696e-05 8493 -2.51363e-08
85 17000 7.63863e-05 9.58275e-06 8493 -1.59671e-08
86 17200 7.63863e-05 -4.1204e-07 8493 -1.63589e-08
87 17400 7.63863e-05 -1.03675e-05 8493 -2.62647e-08
88 17600 7.63863e-05 -2.54152e-05 8493 -5.05521e-08
89 17800 7.63863e-05 -5.27886e-05 8493 -1.00984e-07
90 18000 7.63863e-05 -0.000105279 8493 -2.01569e-07
91 18200 7.63863e-05 -0.000207547 8493 -3.9987e-07
92 18400 7.63863e-05 -0.000408838 8493 -7.90519e-07
93 18600 7.63863e-05 -0.000807552 8493 -1.56205e-06
94 18800 7.63863e-05 -0.00158795 8493 -3.07827e-06
95 19000 0.000155296 -0.0030498 8493 -6.44839e-06
96 19200 0.000234061 -0.00467784 8493.01 -1.30145e-05
97 19400 0.000312834 -0.00728033 8493.01 -2.59531e-05
98 19600 0.000391606 -0.0110705 8493.02 -4.66236e-05
99 19800 0.0012581 -0.0167389 8492.95 0.0267612
