NTS LL(mkm)  STRESS(GPa)   VEL(m / s)  DENS(kg/m3)  ENERGY(J) 
0 1803.15 30.4445 900 10948 -342260
1 1958.3 30.4443 899.903 10948 -342874
2 2113.45 30.444 899.805 10948 -342986
3 2268.6 30.4434 899.706 10948 -343095
4 2423.76 30.4427 899.606 10947.9 -343232
5 2578.91 30.4418 899.505 10947.8 -343276
6 2734.06 30.4407 899.401 10947.7 -343168
7 2889.22 30.4393 899.295 10947.6 -343188
8 3044.38 30.4377 899.185 10947.5 -343140
9 3199.54 30.4356 899.071 10947.3 -343144
10 3354.7 30.4331 898.95 10947.1 -343094
11 3509.86 30.43 898.821 10946.8 -343098
12 3665.03 30.4259 898.679 10946.4 -342958
13 3820.2 30.4203 898.518 10946 -342855
14 3975.39 30.4126 898.328 10945.3 -342693
15 4130.58 30.4019 898.095 10944.4 -342450
16 4285.78 30.387 897.799 10943.1 -342100
17 4441 30.366 897.411 10941.3 -341691
18 4596.25 30.3367 896.892 10938.8 -341011
19 4751.53 30.2961 896.189 10935.3 -340156
20 4906.86 30.2406 895.234 10930.5 -338973
21 5062.26 30.1657 893.94 10924.1 -337363
22 5217.75 30.0656 892.198 10915.6 -335211
23 5373.36 29.934 889.875 10904.4 -332386
24 5529.14 29.7633 886.811 10889.9 -328736
25 5685.12 29.5445 882.82 10871.4 -324095
26 5841.36 29.2679 877.687 10848.2 -318285
27 5997.94 28.9222 871.165 10819.4 -311194
28 6154.94 28.4953 862.979 10784.1 -302497
29 6312.45 27.9733 852.825 10741.5 -292147
30 6470.58 27.3409 840.367 10690.5 -279847
31 6629.47 26.5813 825.235 10630.3 -265589
32 6789.26 25.6751 807.019 10559.8 -249148
33 6950.12 24.6002 785.271 10478 -230598
34 7112.23 23.3311 759.476 10383.9 -209837
35 7275.81 21.8361 729.043 10276.4 -187101
36 7441.1 20.0777 693.238 10154.2 -162585
37 7608.38 18.0074 651.218 10015.9 -136716
38 7777.97 15.5611 602.211 9859.75 -110135
39 7950.24 12.6299 545.552 9682.12 -83931.7
40 8125.68 9.0973 478.916 9480.55 -60107.2
41 8304.85 9.85206 395.688 9313.68 -43551.8
42 8487.22 8.09589 350.012 9202.16 -31887.9
43 8671.81 6.23546 304.029 9086.8 -22017
44 8858.74 4.27484 255.267 8968.2 -14384
45 9048.14 3.19486 203.168 8856.97 -9330.55
46 9239.93 2.6094 159.379 8770.98 -6121.97
47 9433.59 2.14864 125.17 8705.2 -4072.39
48 9628.71 1.78374 98.5758 8654.25 -2743.94
49 9824.99 1.30513 77.9247 8612.89 -1874.21
50 10022.2 2.19549 58.5274 8589.3 -1450.79
51 10220 2.08182 55.0855 8584.23 -1303.91
52 10417.8 1.95911 52.4046 8578.77 -1154.14
53 10615.8 1.82744 49.5288 8572.92 -1003.71
54 10814 1.69036 46.3833 8566.85 -858.338
55 11012.2 1.55076 43.0666 8560.68 -722.032
56 11210.7 1.41098 39.659 8554.51 -597.442
57 11409.2 1.2733 36.2216 8548.45 -486.242
58 11607.9 1.1395 32.8098 8542.57 -389.244
59 11806.8 1.01142 29.474 8536.96 -306.485
60 12005.7 0.890306 26.2588 8531.66 -237.37
61 12204.8 0.777278 23.2016 8526.72 -180.839
62 12404 0.672977 20.3316 8522.17 -135.53
63 12603.4 0.577966 17.6708 8518.04 -99.9271
64 12802.8 0.492417 15.2326 8514.31 -72.4891
65 13002.3 0.416027 13.0241 8511 -51.7419
66 13201.8 0.348729 11.0458 8508.08 -36.3435
67 13401.5 0.289982 9.29268 8505.53 -25.1232
68 13601.2 0.239242 7.75523 8503.33 -17.0933
69 13801 0.195808 6.42058 8501.46 -11.4483
70 14000.8 0.159054 5.27378 8499.86 -7.54854
71 14200.6 0.128119 4.29778 8498.53 -4.90054
72 14400.5 0.102454 3.47501 8497.42 -3.13288
73 14600.4 0.0812744 2.78796 8496.51 -1.97261
74 14800.3 0.0640296 2.21939 8495.76 -1.22356
75 15000.2 0.0500908 1.75314 8495.16 -0.747812
76 15200.2 0.0388289 1.37391 8494.68 -0.450589
77 15400.1 0.0300079 1.06808 8494.29 -0.267869
78 15600.1 0.022998 0.823272 8493.99 -0.15733
79 15800.1 0.0174845 0.628457 8493.75 -0.0915542
80 16000 0.0133099 0.474204 8493.57 -0.0530811
81 16200 0.0101592 0.352046 8493.44 -0.0309736
82 16400 0.00787486 0.254632 8493.34 -0.0185581
83 16600 0.00629946 0.175655 8493.27 -0.0118212
84 16800 0.00535422 0.108945 8493.23 -0.00846157
85 17000 0.00496036 0.0488195 8493.21 -0.00728554
86 17200 0.00519668 -0.0108154 8493.22 -0.00795024
87 17400 0.00606315 -0.0769832 8493.26 -0.0110198
88 17600 0.00787486 -0.15822 8493.34 -0.0184612
89 17800 0.0108681 -0.266235 8493.47 -0.0350208
90 18000 0.0154366 -0.416947 8493.67 -0.0713064
91 18200 0.0225255 -0.633393 8493.97 -0.150695
92 18399.9 0.0330008 -0.948965 8494.42 -0.324481
93 18599.9 0.0486733 -1.41231 8495.1 -0.704886
94 18799.8 0.0718254 -2.09573 8496.1 -1.5379
95 18999.8 0.106233 -3.10539 8497.58 -3.36213
96 19199.7 0.157165 -4.5981 8499.78 -7.35658
97 19399.5 0.232476 -6.80601 8503.04 -16.1025
98 19599.3 0.343854 -10.072 8507.87 -35.2488
99 19798.9 1.08358 -14.9033 8446.4 350.946
