NTS LL(mkm)  STRESS(GPa)   VEL(m / s)  DENS(kg/m3)  ENERGY(J) 
0 1800.09 30.4443 900 10948 -342254
1 1955.25 30.4441 899.902 10948 -342868
2 2110.4 30.4438 899.804 10948 -342980
3 2265.55 30.4432 899.705 10947.9 -343089
4 2420.7 30.4424 899.605 10947.9 -343226
5 2575.85 30.4415 899.503 10947.8 -343269
6 2731.01 30.4403 899.399 10947.7 -343161
7 2886.17 30.439 899.293 10947.6 -343182
8 3041.32 30.4373 899.182 10947.4 -343133
9 3196.48 30.4353 899.068 10947.3 -343137
10 3351.64 30.4328 898.947 10947 -343087
11 3506.81 30.4296 898.817 10946.8 -343089
12 3661.98 30.4254 898.674 10946.4 -342948
13 3817.15 30.4198 898.511 10945.9 -342843
14 3972.33 30.412 898.319 10945.2 -342679
15 4127.53 30.4011 898.084 10944.3 -342432
16 4282.73 30.3859 897.784 10943 -342076
17 4437.95 30.3645 897.39 10941.2 -341659
18 4593.2 30.3347 896.862 10938.6 -340968
19 4748.49 30.2935 896.148 10935.1 -340098
20 4903.82 30.237 895.177 10930.2 -338894
21 5059.22 30.1607 893.861 10923.7 -337258
22 5214.72 30.0591 892.09 10915 -335070
23 5370.34 29.9254 889.729 10903.6 -332202
24 5526.12 29.752 886.617 10888.9 -328496
25 5682.12 29.53 882.565 10870.2 -323790
26 5838.38 29.2494 877.354 10846.6 -317901
27 5994.98 28.8991 870.737 10817.4 -310717
28 6152.01 28.4664 862.438 10781.7 -301915
29 6309.55 27.9377 852.147 10738.6 -291446
30 6467.73 27.2975 839.527 10687 -279015
31 6626.67 26.5286 824.204 10626.1 -264616
32 6786.52 25.6117 805.767 10554.9 -248026
33 6947.45 24.5244 783.761 10472.3 -229324
34 7109.65 23.2408 757.672 10377.3 -208413
35 7273.33 21.7287 726.904 10268.8 -185534
36 7438.75 19.95 690.709 10145.5 -160895
37 7606.17 17.856 648.191 10006 -134948
38 7775.93 15.3833 598.519 9848.68 -108374
39 7948.4 12.4177 541.209 9669.63 -82263.7
40 8124.06 8.8263 474.444 9465.62 -58619
41 8303.51 9.73019 391.225 9305.86 -42669.1
42 8486.04 7.97162 346.637 9194.39 -31151.3
43 8670.78 6.1038 300.774 9078.75 -21415.7
44 8857.88 4.13424 251.868 8959.82 -13946.9
45 9047.46 3.14948 199.702 8850.17 -9055.62
46 9239.39 2.57324 156.7 8765.77 -5946.37
47 9433.17 2.1202 123.044 8701.2 -3959.97
48 9628.38 1.76166 96.8904 8651.2 -2671.75
49 9824.72 1.26657 76.7585 8610.04 -1824.98
50 10022 2.18481 57.7694 8588.82 -1436.69
51 10219.8 2.07317 54.7684 8583.85 -1293.03
52 10417.7 1.94952 52.2022 8578.35 -1142.88
53 10615.7 1.81698 49.3091 8572.46 -992.209
54 10813.8 1.67935 46.1352 8566.36 -847.143
55 11012.1 1.53943 42.8011 8560.18 -711.497
56 11210.5 1.39956 39.3837 8554.01 -587.785
57 11409.1 1.26195 35.9419 8547.95 -477.602
58 11607.8 1.12838 32.53 8542.09 -381.693
59 11806.7 1.00068 29.1985 8536.49 -300.032
60 12005.6 0.880112 25.9916 8531.21 -231.975
61 12204.8 0.767706 22.9459 8526.3 -176.422
62 12404 0.664184 20.0903 8521.79 -131.988
63 12603.3 0.569876 17.4457 8517.68 -97.1429
64 12802.7 0.485031 15.0253 8513.99 -70.3431
65 13002.2 0.409503 12.8354 8510.71 -50.1192
66 13201.8 0.342911 10.8759 8507.83 -35.1394
67 13401.5 0.284869 9.14141 8505.31 -24.2462
68 13601.2 0.234836 7.62199 8503.14 -16.4659
69 13800.9 0.19203 6.30442 8501.29 -11.0075
70 14000.7 0.155748 5.17351 8499.72 -7.24423
71 14200.6 0.125443 4.21213 8498.41 -4.69405
72 14400.5 0.100171 3.4025 8497.32 -2.99515
73 14600.3 0.0794634 2.72715 8496.43 -1.8823
74 14800.3 0.0625334 2.16902 8495.69 -1.16525
75 15000.2 0.0488308 1.71162 8495.1 -0.710791
76 15200.2 0.0378838 1.34011 8494.63 -0.427436
77 15400.1 0.0291415 1.0408 8494.26 -0.253595
78 15600.1 0.0222892 0.80152 8493.96 -0.148633
79 15800.1 0.0170119 0.611219 8493.73 -0.0863162
80 16000 0.0129161 0.460942 8493.56 -0.0499185
81 16200 0.00984409 0.341875 8493.42 -0.0290531
82 16400 0.00763855 0.247192 8493.33 -0.0173532
83 16600 0.00606315 0.170546 8493.26 -0.0110119
84 16800 0.00511791 0.105974 8493.22 -0.00784634
85 17000 0.00472405 0.0479631 8493.2 -0.00672083
86 17200 0.00496036 -0.00938517 8493.21 -0.00729732
87 17400 0.00582684 -0.0728453 8493.25 -0.0100769
88 17600 0.00755978 -0.150586 8493.32 -0.016844
89 17800 0.0103167 -0.25373 8493.44 -0.0319073
90 18000 0.0148065 -0.397711 8493.64 -0.0649417
91 18200 0.0215015 -0.604193 8493.92 -0.137197
92 18399.9 0.0315043 -0.905398 8494.36 -0.295409
93 18599.9 0.0463894 -1.34744 8495 -0.641692
94 18799.9 0.0685968 -1.99955 8495.96 -1.40003
95 18999.8 0.101352 -2.96286 8497.37 -3.0607
96 19199.7 0.149924 -4.38713 8499.47 -6.69712
97 19399.5 0.221775 -6.49384 8502.58 -14.6593
98 19599.3 0.328127 -9.61026 8507.18 -32.0909
99 19799 1.03399 -14.2204 8448.53 319.508
