NTS LL(mkm)  STRESS(GPa)   VEL(m / s)  DENS(kg/m3)  ENERGY(J) 
0 1895.86 30.4524 900 10948.7 -342432
1 2051 30.4523 899.911 10948.7 -343046
2 2206.14 30.452 899.821 10948.7 -343161
3 2361.28 30.4515 899.731 10948.7 -343272
4 2516.42 30.4509 899.639 10948.6 -343411
5 2671.57 30.4502 899.546 10948.5 -343458
6 2826.71 30.4492 899.452 10948.5 -343355
7 2981.86 30.4481 899.356 10948.4 -343381
8 3137 30.4468 899.257 10948.2 -343340
9 3292.15 30.4452 899.155 10948.1 -343353
10 3447.3 30.4433 899.049 10947.9 -343315
11 3602.45 30.4409 898.938 10947.7 -343337
12 3757.61 30.438 898.819 10947.5 -343223
13 3912.77 30.4343 898.69 10947.2 -343161
14 4067.93 30.4293 898.544 10946.7 -343059
15 4223.1 30.4227 898.375 10946.2 -342903
16 4378.28 30.4136 898.171 10945.4 -342681
17 4533.47 30.4011 897.915 10944.3 -342457
18 4688.67 30.3837 897.585 10942.8 -342036
19 4843.9 30.3597 897.15 10940.8 -341540
20 4999.15 30.3267 896.566 10937.9 -340842
21 5154.45 30.2817 895.78 10934.1 -339878
22 5309.79 30.2209 894.72 10928.8 -338566
23 5465.22 30.14 893.3 10921.9 -336815
24 5620.74 30.0333 891.411 10912.8 -334510
25 5776.39 29.8947 888.921 10901 -331525
26 5932.21 29.7166 885.676 10885.9 -327714
27 6088.25 29.4906 881.496 10866.8 -322992
28 6244.56 29.2072 876.173 10843.1 -317053
29 6401.21 28.8559 869.472 10813.8 -309855
30 6558.29 28.4248 861.13 10778.3 -301091
31 6715.88 27.9008 850.855 10735.6 -290724
32 6874.1 27.2693 838.324 10684.8 -278474
33 7033.08 26.5141 823.181 10625 -264340
34 7192.95 25.6167 805.034 10555.3 -248097
35 7353.87 24.5555 783.45 10474.6 -229821
36 7516.03 23.305 757.933 10382 -209464
37 7679.64 21.835 727.901 10276.3 -187120
38 7844.94 20.1094 692.652 10156.4 -162972
39 8012.18 18.0781 651.414 10020.5 -137505
40 8181.69 15.6737 603.428 9866.77 -111276
41 8353.85 12.8 547.77 9692.16 -85303.7
42 8529.1 9.35155 481.804 9494.63 -61557.5
43 8708 9.9879 399.405 9322.42 -44552.1
44 8890.21 8.25578 353.345 9212.22 -32858.3
45 9074.59 6.42672 307.793 9098.53 -22912.3
46 9261.28 4.49604 259.739 8981.44 -15103.2
47 9450.41 3.27423 208.369 8868.79 -9815.98
48 9641.93 2.67634 163.705 8780.68 -6452.85
49 9835.38 2.20308 128.829 8712.88 -4293.84
50 10030.3 1.82883 101.586 8660.49 -2895.91
51 10226.5 1.39064 80.05 8619.2 -1988.32
52 10423.5 2.22539 60.1366 8590.63 -1490.76
53 10621.3 2.11112 55.9193 8585.54 -1341.06
54 10819.1 1.99584 53.0506 8580.4 -1198.04
55 11017.1 1.87285 50.3209 8574.94 -1054.45
56 11215.2 1.74353 47.3967 8569.21 -913.458
57 11413.4 1.61053 44.2852 8563.32 -779.025
58 11611.7 1.47619 41.0536 8557.39 -654.094
59 11810.2 1.34246 37.7622 8551.49 -540.674
60 12008.9 1.2113 34.4644 8545.72 -439.961
61 12207.6 1.08436 31.2085 8540.15 -352.421
62 12406.5 0.963139 28.0389 8534.84 -277.898
63 12605.5 0.848742 24.9936 8529.84 -215.722
64 12804.7 0.742125 22.1046 8525.19 -164.856
65 13003.9 0.64385 19.3966 8520.9 -124.032
66 13203.3 0.554246 16.8875 8517 -91.8771
67 13402.7 0.473401 14.5886 8513.49 -67.0134
68 13602.2 0.401249 12.5052 8510.36 -48.1309
69 13801.8 0.337563 10.6364 8507.59 -34.0439
70 14001.5 0.281723 8.97757 8505.18 -23.7163
71 14201.2 0.23342 7.51941 8503.08 -16.2742
72 14401 0.191952 6.25005 8501.29 -11.0018
73 14600.8 0.156693 5.1554 8499.76 -7.32848
74 14800.6 0.126938 4.21993 8498.48 -4.81138
75 15000.5 0.102139 3.42746 8497.41 -3.11484
76 15200.4 0.0816681 2.76176 8496.52 -1.98986
77 15400.3 0.0648958 2.20661 8495.8 -1.25597
78 15600.2 0.0512721 1.74665 8495.21 -0.785208
79 15800.2 0.0404828 1.36714 8494.74 -0.48841
80 16000.1 0.0319769 1.05424 8494.38 -0.304794
81 16200.1 0.0255185 0.794768 8494.1 -0.193811
82 16400.1 0.0207927 0.576182 8493.9 -0.128988
83 16600 0.0177208 0.385442 8493.76 -0.0938436
84 16800 0.016303 0.209417 8493.7 -0.079028
85 17000 0.0165393 0.0329043 8493.71 -0.0813484
86 17200 0.0187448 -0.162349 8493.81 -0.104621
87 17400 0.0234706 -0.399783 8494.01 -0.163847
88 17600 0.0315043 -0.711422 8494.36 -0.295985
89 17799.9 0.044263 -1.14214 8494.91 -0.584444
90 17999.9 0.0637933 -1.75558 8495.75 -1.21275
91 18199.8 0.0930851 -2.64377 8497.02 -2.58152
92 18399.7 0.136542 -3.93617 8498.89 -5.55444
93 18599.6 0.200215 -5.80582 8501.65 -11.9467
94 18799.4 0.291791 -8.45784 8505.61 -25.3778
95 18999.1 0.419014 -12.072 8511.13 -52.3636
96 19198.7 0.586448 -16.6867 8518.4 -102.677
97 19398.1 0.791087 -22.0853 8527.32 -186.999
98 19597.2 1.02129 -27.8885 8537.39 -312
99 19796.2 1.82946 -34.0003 8331.78 2901.26
