NTS LL(mkm)  STRESS(GPa)   VEL(m / s)  DENS(kg/m3)  ENERGY(J) 
0 1802.64 30.4445 900 10948 -342259
1 1957.79 30.4443 899.903 10948 -342873
2 2112.94 30.444 899.805 10948 -342985
3 2268.09 30.4434 899.706 10948 -343094
4 2423.25 30.4427 899.606 10947.9 -343231
5 2578.4 30.4417 899.505 10947.8 -343274
6 2733.55 30.4406 899.401 10947.7 -343167
7 2888.71 30.4392 899.294 10947.6 -343187
8 3043.87 30.4376 899.185 10947.5 -343139
9 3199.03 30.4356 899.07 10947.3 -343143
10 3354.19 30.4331 898.95 10947.1 -343093
11 3509.35 30.4299 898.82 10946.8 -343096
12 3664.52 30.4258 898.678 10946.4 -342956
13 3819.7 30.4202 898.517 10946 -342853
14 3974.88 30.4125 898.327 10945.3 -342691
15 4130.07 30.4018 898.093 10944.4 -342447
16 4285.27 30.3868 897.796 10943.1 -342096
17 4440.49 30.3657 897.407 10941.3 -341686
18 4595.74 30.3363 896.887 10938.7 -341004
19 4751.02 30.2957 896.182 10935.3 -340146
20 4906.35 30.24 895.225 10930.5 -338960
21 5061.75 30.1648 893.927 10924 -337346
22 5217.25 30.0646 892.18 10915.5 -335188
23 5372.86 29.9326 889.851 10904.2 -332356
24 5528.63 29.7613 886.779 10889.7 -328696
25 5684.62 29.5421 882.778 10871.2 -324045
26 5840.86 29.2648 877.632 10847.9 -318221
27 5997.45 28.9184 871.094 10819 -311115
28 6154.45 28.4905 862.889 10783.7 -302400
29 6311.96 27.9674 852.713 10741 -292031
30 6470.11 27.3337 840.228 10689.9 -279709
31 6629 26.5725 825.064 10629.6 -265428
32 6788.8 25.6646 806.812 10559 -248962
33 6949.67 24.5876 785.02 10477.1 -230387
34 7111.8 23.3161 759.177 10382.8 -209601
35 7275.39 21.8183 728.688 10275.1 -186840
36 7440.7 20.0565 692.818 10152.8 -162304
37 7608.01 17.9823 650.715 10014.3 -136422
38 7777.63 15.5316 601.6 9857.91 -109842
39 7949.94 12.5946 544.839 9680.04 -83652
40 8125.41 9.05217 478.18 9478.06 -59856
41 8304.62 9.83187 394.935 9312.36 -43402.4
42 8487.03 8.07509 349.439 9200.86 -31764.2
43 8671.64 6.21335 303.485 9085.46 -21916
44 8858.6 4.25135 254.703 8966.8 -14310.2
45 9048.03 3.18745 202.587 8855.83 -9284.1
46 9239.84 2.60336 158.929 8770.11 -6092.33
47 9433.52 2.14388 124.814 8704.52 -4053.42
48 9628.66 1.77998 98.2949 8653.73 -2731.71
49 9824.94 1.29865 77.7314 8612.41 -1865.83
50 10022.2 2.19362 58.3975 8589.22 -1448.3
51 10219.9 2.08034 55.0287 8584.17 -1302.06
52 10417.8 1.95748 52.3695 8578.7 -1152.26
53 10615.8 1.82564 49.4922 8572.85 -1001.8
54 10813.9 1.68848 46.3422 8566.77 -856.471
55 11012.2 1.54888 43.0225 8560.59 -720.273
56 11210.6 1.40911 39.6131 8554.43 -595.828
57 11409.2 1.27134 36.175 8548.37 -484.797
58 11607.9 1.13762 32.7631 8542.49 -387.98
59 11806.8 1.00962 29.4281 8536.88 -305.404
60 12005.7 0.888581 26.2142 8531.58 -236.465
61 12204.8 0.77563 23.1589 8526.65 -180.097
62 12404 0.671564 20.2913 8522.11 -134.935
63 12603.3 0.576631 17.6331 8517.98 -99.4589
64 12802.8 0.49116 15.198 8514.26 -72.1279
65 13002.3 0.414927 12.9926 8510.95 -51.4686
66 13201.8 0.347786 11.0174 8508.04 -36.1405
67 13401.5 0.289117 9.26736 8505.5 -24.9753
68 13601.2 0.238455 7.73292 8503.3 -16.9873
69 13800.9 0.195178 6.40113 8501.43 -11.3738
70 14000.8 0.158503 5.25699 8499.84 -7.49706
71 14200.6 0.127647 4.2834 8498.51 -4.86559
72 14400.5 0.102061 3.46285 8497.4 -3.10955
73 14600.4 0.0809594 2.77776 8496.49 -1.95729
74 14800.3 0.0637933 2.21093 8495.75 -1.21366
75 15000.2 0.0498546 1.74617 8495.15 -0.741523
76 15200.2 0.0386714 1.36822 8494.67 -0.446656
77 15400.1 0.0298504 1.06351 8494.29 -0.265439
78 15600.1 0.0228405 0.8196 8493.98 -0.15585
79 15800.1 0.0174058 0.625562 8493.75 -0.0906616
80 16000 0.0133099 0.471983 8493.57 -0.0525404
81 16200 0.0101592 0.350334 8493.44 -0.0306446
82 16400 0.00787486 0.253379 8493.34 -0.0183513
83 16600 0.00622069 0.174775 8493.27 -0.0116834
84 16800 0.00527545 0.108454 8493.23 -0.00835618
85 17000 0.00488159 0.0486737 8493.21 -0.00718887
86 17200 0.00511791 -0.0105633 8493.22 -0.0078378
87 17400 0.00606315 -0.0762671 8493.26 -0.0108562
88 17600 0.00779609 -0.156932 8493.34 -0.0181818
89 17800 0.0107893 -0.264101 8493.46 -0.0344811
90 18000 0.0153578 -0.413677 8493.66 -0.0702031
91 18200 0.0222892 -0.628447 8493.96 -0.148361
92 18399.9 0.0327645 -0.941543 8494.41 -0.319443
93 18599.9 0.0482795 -1.40128 8495.08 -0.693934
94 18799.8 0.0712741 -2.0794 8496.07 -1.51401
95 18999.8 0.105446 -3.08115 8497.55 -3.30989
96 19199.7 0.155906 -4.56226 8499.73 -7.24233
97 19399.5 0.230666 -6.75295 8502.96 -15.8524
98 19599.3 0.341181 -9.99355 8507.75 -34.7017
99 19798.9 1.07512 -14.7872 8446.76 345.5
