NTS LL(mkm)  STRESS(GPa)   VEL(m / s)  DENS(kg/m3)  ENERGY(J) 
0 1805.7 30.4447 900 10948.1 -342265
1 1960.85 30.4446 899.903 10948.1 -342879
2 2116 30.4442 899.805 10948 -342991
3 2271.15 30.4437 899.707 10948 -343101
4 2426.3 30.443 899.607 10947.9 -343237
5 2581.45 30.4421 899.506 10947.8 -343281
6 2736.61 30.4409 899.403 10947.7 -343173
7 2891.76 30.4396 899.297 10947.6 -343194
8 3046.92 30.4379 899.187 10947.5 -343146
9 3202.08 30.436 899.073 10947.3 -343151
10 3357.24 30.4335 898.953 10947.1 -343101
11 3512.41 30.4303 898.825 10946.8 -343105
12 3667.57 30.4263 898.683 10946.5 -342966
13 3822.75 30.4207 898.523 10946 -342865
14 3977.93 30.4131 898.335 10945.3 -342705
15 4133.12 30.4026 898.104 10944.4 -342465
16 4288.32 30.3879 897.812 10943.2 -342119
17 4443.54 30.3672 897.428 10941.4 -341717
18 4598.78 30.3383 896.916 10938.9 -341046
19 4754.06 30.2983 896.222 10935.5 -340204
20 4909.39 30.2436 895.281 10930.8 -339037
21 5064.79 30.1697 894.004 10924.5 -337450
22 5220.28 30.071 892.286 10916 -335327
23 5375.88 29.9411 889.994 10905 -332538
24 5531.65 29.7725 886.97 10890.6 -328932
25 5687.61 29.5564 883.031 10872.4 -324346
26 5843.85 29.2831 877.96 10849.4 -318601
27 6000.41 28.9414 871.516 10820.9 -311586
28 6157.38 28.5191 863.424 10786 -302976
29 6314.86 28.0026 853.384 10743.8 -292725
30 6472.96 27.3768 841.059 10693.4 -280533
31 6631.81 26.6247 826.083 10633.7 -266392
32 6791.54 25.7273 808.051 10563.8 -250074
33 6952.34 24.6626 786.514 10482.7 -231651
34 7114.38 23.4055 760.963 10389.4 -211016
35 7277.87 21.9247 730.807 10282.7 -188400
36 7443.06 20.183 695.328 10161.4 -163987
37 7610.22 18.1319 653.724 10024.1 -138182
38 7779.68 15.7077 605.244 9868.89 -111604
39 7951.79 12.8062 549.059 9692.53 -85340.7
40 8127.04 9.32248 482.546 9493.02 -61380.3
41 8305.97 9.95616 399.49 9320.35 -44312
42 8488.22 8.19933 352.935 9208.66 -32512.5
43 8672.68 6.34443 306.766 9093.51 -22526.8
44 8859.47 4.39163 258.082 8975.18 -14758.8
45 9048.72 3.23345 206.093 8862.74 -9566.53
46 9240.38 2.63978 161.654 8775.4 -6272.43
47 9433.94 2.1725 126.968 8708.58 -4168.72
48 9628.99 1.80257 99.9811 8656.85 -2806.23
49 9825.21 1.33791 78.8883 8615.31 -1917.15
50 10022.4 2.20545 59.1948 8589.74 -1464.06
51 10220.1 2.08938 55.3916 8584.57 -1313.43
52 10418 1.96699 52.589 8579.12 -1163.54
53 10616 1.8361 49.7126 8573.31 -1013.28
54 10814.1 1.6995 46.588 8567.26 -867.677
55 11012.4 1.56014 43.2865 8561.09 -730.846
56 11210.8 1.42052 39.8875 8554.93 -605.539
57 11409.3 1.28269 36.4543 8548.86 -493.501
58 11608 1.14874 33.0428 8542.98 -395.601
59 11806.9 1.02027 29.7036 8537.35 -311.927
60 12005.8 0.898775 26.4819 8532.03 -241.929
61 12204.9 0.785202 23.4152 8527.07 -184.578
62 12404.1 0.680434 20.5336 8522.5 -138.534
63 12603.4 0.584799 17.8592 8518.33 -102.293
64 12802.8 0.498546 15.4064 8514.58 -74.3162
65 13002.3 0.421608 13.1826 8511.24 -53.126
66 13201.9 0.353683 11.1886 8508.29 -37.3724
67 13401.5 0.294308 9.41991 8505.72 -25.8741
68 13601.2 0.24294 7.86742 8503.5 -17.6314
69 13801 0.199034 6.51851 8501.59 -11.8271
70 14000.8 0.16173 5.35837 8499.98 -7.8105
71 14200.6 0.130481 4.37008 8498.63 -5.07865
72 14400.5 0.104423 3.53629 8497.5 -3.2519
73 14600.4 0.0829279 2.8394 8496.58 -2.05082
74 14800.3 0.0653682 2.26213 8495.82 -1.2741
75 15000.2 0.0511146 1.78827 8495.2 -0.779991
76 15200.2 0.0396952 1.40261 8494.71 -0.470748
77 15400.1 0.030638 1.09124 8494.32 -0.280321
78 15600.1 0.0235494 0.841771 8494.01 -0.164931
79 15800.1 0.0179571 0.643062 8493.77 -0.096152
80 16000.1 0.0137037 0.48559 8493.59 -0.0558531
81 16200 0.0104742 0.360666 8493.45 -0.0326648
82 16400 0.00811117 0.261002 8493.35 -0.01962
83 16600 0.006457 0.179984 8493.28 -0.0125383
84 16800 0.00551176 0.111435 8493.24 -0.00901057
85 17000 0.00511791 0.0495019 8493.22 -0.007793
86 17200 0.00535422 -0.0120994 8493.23 -0.00854007
87 17400 0.00629946 -0.0805714 8493.27 -0.0118714
88 17600 0.00818994 -0.164907 8493.35 -0.0199287
89 17800 0.0112619 -0.277091 8493.48 -0.0378434
90 18000 0.0160667 -0.433727 8493.69 -0.0770885
91 18200 0.0233919 -0.658773 8494.01 -0.16295
92 18399.9 0.0343397 -0.986864 8494.48 -0.350876
93 18599.9 0.0505633 -1.46875 8495.18 -0.762269
94 18799.8 0.0747389 -2.17944 8496.22 -1.66313
95 18999.8 0.110485 -3.22936 8497.77 -3.63587
96 19199.7 0.163383 -4.78162 8500.05 -7.95544
97 19399.5 0.241681 -7.07757 8503.44 -17.413
98 19599.2 0.357536 -10.4737 8508.46 -38.1163
99 19798.9 1.12674 -15.4973 8444.55 379.491
