NTS LL(mkm)  STRESS(GPa)   VEL(m / s)  DENS(kg/m3)  ENERGY(J) 
0 1894.84 30.4523 900 10948.7 -342430
1 2049.98 30.4521 899.911 10948.7 -343045
2 2205.12 30.4519 899.821 10948.7 -343159
3 2360.26 30.4514 899.73 10948.6 -343270
4 2515.41 30.4508 899.639 10948.6 -343409
5 2670.55 30.4501 899.546 10948.5 -343456
6 2825.69 30.4491 899.452 10948.4 -343353
7 2980.84 30.448 899.355 10948.3 -343379
8 3135.98 30.4466 899.256 10948.2 -343338
9 3291.13 30.4451 899.154 10948.1 -343351
10 3446.28 30.4432 899.048 10947.9 -343313
11 3601.44 30.4408 898.936 10947.7 -343334
12 3756.59 30.4379 898.818 10947.5 -343221
13 3911.75 30.4341 898.688 10947.2 -343158
14 4066.91 30.4292 898.542 10946.7 -343055
15 4222.08 30.4225 898.373 10946.2 -342899
16 4377.26 30.4134 898.168 10945.4 -342676
17 4532.45 30.4007 897.911 10944.3 -342450
18 4687.65 30.3833 897.579 10942.8 -342028
19 4842.88 30.3592 897.141 10940.7 -341528
20 4998.14 30.326 896.555 10937.9 -340826
21 5153.43 30.2807 895.764 10934 -339856
22 5308.78 30.2196 894.699 10928.7 -338537
23 5464.21 30.1382 893.271 10921.8 -336776
24 5619.73 30.031 891.372 10912.6 -334460
25 5775.39 29.8916 888.869 10900.8 -331460
26 5931.21 29.7126 885.607 10885.6 -327631
27 6087.25 29.4856 881.406 10866.4 -322887
28 6243.57 29.2009 876.057 10842.6 -316923
29 6400.23 28.8481 869.325 10813.2 -309695
30 6557.31 28.4151 860.946 10777.5 -300896
31 6714.92 27.8888 850.626 10734.6 -290491
32 6873.16 27.2549 838.042 10683.6 -278198
33 7032.15 26.4967 822.838 10623.6 -264019
34 7192.04 25.5958 804.619 10553.7 -247728
35 7352.98 24.5306 782.952 10472.8 -229403
36 7515.18 23.2755 757.34 10379.9 -208997
37 7678.82 21.7999 727.199 10273.8 -186607
38 7844.15 20.0678 691.822 10153.5 -162420
39 8011.44 18.029 650.42 10017.3 -136927
40 8181.01 15.6158 602.232 9863.15 -110695
41 8353.23 12.7301 546.396 9688.03 -84743
42 8528.56 9.26225 480.379 9489.68 -61047.3
43 8707.55 9.94722 397.887 9319.77 -44247.6
44 8889.81 8.21512 352.174 9209.65 -32608.9
45 9074.25 6.38321 306.712 9095.87 -22707.4
46 9260.99 4.45014 258.63 8978.68 -14950.3
47 9450.17 3.25852 207.197 8866.45 -9719.14
48 9641.75 2.66392 162.786 8778.9 -6391.03
49 9835.23 2.19341 128.106 8711.51 -4254.1
50 10030.2 1.82104 101.031 8659.42 -2869.85
51 10226.4 1.37731 79.6714 8618.21 -1970.05
52 10423.5 2.2208 59.854 8590.43 -1484.61
53 10621.2 2.108 55.7746 8585.4 -1337.07
54 10819 1.9928 52.9684 8580.27 -1194.42
55 11017 1.86957 50.2499 8574.8 -1050.8
56 11215.1 1.7401 47.3206 8569.05 -909.845
57 11413.3 1.60702 44.2029 8563.16 -775.56
58 11611.7 1.47252 40.9671 8557.23 -650.861
59 11810.2 1.33879 37.6734 8551.33 -537.729
60 12008.8 1.20762 34.3747 8545.57 -437.339
61 12207.6 1.08084 31.1193 8540 -350.137
62 12406.5 0.959769 27.9515 8534.69 -275.95
63 12605.5 0.845526 24.9091 8529.7 -214.094
64 12804.7 0.739143 22.0239 8525.06 -163.522
65 13003.9 0.641102 19.3205 8520.78 -122.96
66 13203.3 0.551732 16.8166 8516.89 -91.032
67 13402.7 0.471122 14.5233 8513.39 -66.3594
68 13602.2 0.399205 12.4457 8510.27 -47.6339
69 13801.8 0.335676 10.5828 8507.51 -33.6729
70 14001.5 0.28015 8.92976 8505.11 -23.4442
71 14201.2 0.232004 7.47719 8503.02 -16.0781
72 14400.9 0.190771 6.21317 8501.24 -10.8628
73 14600.8 0.15567 5.12347 8499.72 -7.23153
74 14800.6 0.126072 4.19255 8498.44 -4.74485
75 15000.5 0.101431 3.40424 8497.38 -3.06988
76 15200.4 0.0810382 2.74223 8496.5 -1.95991
77 15400.3 0.0643445 2.19039 8495.78 -1.23627
78 15600.2 0.0508784 1.73335 8495.19 -0.772355
79 15800.2 0.040089 1.35639 8494.73 -0.480056
80 16000.1 0.0316618 1.04574 8494.37 -0.299327
81 16200.1 0.0252822 0.788305 8494.09 -0.190138
82 16400.1 0.0205564 0.571569 8493.89 -0.126377
83 16600 0.0175633 0.382629 8493.76 -0.0917899
84 16800 0.0160667 0.208465 8493.69 -0.0771399
85 17000 0.016303 0.0340183 8493.7 -0.0792362
86 17200 0.0185085 -0.158648 8493.8 -0.101707
87 17400 0.0230768 -0.392757 8494 -0.159066
88 17600 0.0310318 -0.699814 8494.34 -0.287111
89 17799.9 0.043633 -1.12404 8494.88 -0.566679
90 17999.9 0.0628483 -1.72815 8495.71 -1.17569
91 18199.8 0.0916678 -2.60303 8496.95 -2.50283
92 18399.7 0.134496 -3.8768 8498.8 -5.38733
93 18599.6 0.197303 -5.72205 8501.52 -11.5986
94 18799.4 0.28778 -8.34568 8505.44 -24.6848
95 18999.1 0.413826 -11.9337 8510.9 -51.0891
96 19198.7 0.580479 -16.533 8518.14 -100.584
97 19398.1 0.784653 -21.9277 8527.04 -183.961
98 19597.3 1.01455 -27.7199 8537.1 -307.875
99 19796.2 1.81703 -33.7906 8333.38 2859.41
