NTS LL(mkm)  STRESS(GPa)   VEL(m / s)  DENS(kg/m3)  ENERGY(J) 
0 1892.8 30.4521 900 10948.7 -342427
1 2047.94 30.452 899.91 10948.7 -343041
2 2203.08 30.4517 899.821 10948.7 -343155
3 2358.23 30.4513 899.73 10948.6 -343266
4 2513.37 30.4506 899.638 10948.6 -343406
5 2668.51 30.4499 899.545 10948.5 -343452
6 2823.66 30.4489 899.451 10948.4 -343349
7 2978.8 30.4478 899.354 10948.3 -343375
8 3133.95 30.4465 899.254 10948.2 -343333
9 3289.1 30.4449 899.152 10948.1 -343346
10 3444.25 30.443 899.046 10947.9 -343309
11 3599.4 30.4406 898.934 10947.7 -343329
12 3754.56 30.4377 898.815 10947.5 -343216
13 3909.72 30.4339 898.685 10947.1 -343152
14 4064.88 30.4289 898.538 10946.7 -343048
15 4220.05 30.4221 898.368 10946.1 -342891
16 4375.23 30.4129 898.161 10945.3 -342666
17 4530.42 30.4002 897.902 10944.2 -342437
18 4685.62 30.3825 897.568 10942.7 -342010
19 4840.85 30.358 897.125 10940.6 -341504
20 4996.11 30.3244 896.532 10937.7 -340794
21 5151.4 30.2787 895.733 10933.8 -339813
22 5306.76 30.2169 894.657 10928.5 -338479
23 5462.18 30.1346 893.213 10921.5 -336700
24 5617.71 30.0263 891.293 10912.2 -334359
25 5773.37 29.8855 888.764 10900.2 -331330
26 5929.21 29.7047 885.469 10884.9 -327463
27 6085.26 29.4755 881.225 10865.6 -322676
28 6241.58 29.1883 875.825 10841.5 -316660
29 6398.26 28.8322 869.03 10811.9 -309371
30 6555.37 28.3955 860.575 10775.9 -300504
31 6712.99 27.8649 850.165 10732.7 -290021
32 6871.26 27.2258 837.475 10681.3 -277644
33 7030.28 26.4616 822.147 10620.9 -263373
34 7190.22 25.5538 803.784 10550.5 -246986
35 7351.21 24.4804 781.95 10469 -228563
36 7513.46 23.216 756.147 10375.5 -208060
37 7677.18 21.7292 725.788 10268.8 -185577
38 7842.59 19.984 690.153 10147.8 -161311
39 8009.97 17.93 648.424 10010.9 -135768
40 8179.65 15.4993 599.818 9855.89 -109534
41 8351.99 12.5901 543.604 9679.77 -83629.6
42 8527.47 9.08335 477.494 9479.78 -60040.1
43 8706.65 9.86515 394.88 9314.52 -43649.2
44 8889.01 8.13357 349.875 9204.52 -32115
45 9073.55 6.29689 304.563 9090.57 -22301.5
46 9260.41 4.35767 256.411 8973.15 -14648.8
47 9449.7 3.22747 204.866 8861.83 -9528.48
48 9641.38 2.63955 160.963 8775.36 -6269.29
49 9834.95 2.17402 126.672 8708.79 -4175.86
50 10030 1.80578 99.9242 8657.3 -2818.7
51 10226.2 1.35085 78.9153 8616.26 -1934.28
52 10423.3 2.21215 59.3 8590.04 -1472.98
53 10621.1 2.10192 55.5007 8585.13 -1329.37
54 10818.9 1.98687 52.8125 8580.01 -1187.24
55 11016.9 1.8631 50.1098 8574.51 -1043.5
56 11215 1.73323 47.1678 8568.75 -902.618
57 11413.2 1.59983 44.0377 8562.85 -768.64
58 11611.6 1.46525 40.7937 8556.9 -644.412
59 11810.1 1.33151 37.4954 8551.01 -531.862
60 12008.7 1.20042 34.1952 8545.25 -432.119
61 12207.5 1.07379 30.9409 8539.69 -345.595
62 12406.4 0.953027 27.7768 8534.4 -272.079
63 12605.5 0.839173 24.7402 8529.42 -210.862
64 12804.6 0.733179 21.8628 8524.79 -160.877
65 13003.9 0.635528 19.1686 8520.54 -120.837
66 13203.2 0.546626 16.6752 8516.67 -89.3596
67 13402.7 0.466486 14.3932 8513.19 -65.0664
68 13602.2 0.395039 12.3272 8510.09 -46.6523
69 13801.8 0.332059 10.4761 8507.35 -32.9409
70 14001.4 0.276925 8.83459 8504.97 -22.9078
71 14201.2 0.22925 7.3932 8502.9 -15.6918
72 14400.9 0.188332 6.13984 8501.13 -10.5892
73 14600.7 0.153545 5.05999 8499.63 -7.04099
74 14800.6 0.124341 4.13822 8498.37 -4.61421
75 15000.5 0.0999349 3.35811 8497.31 -2.9817
76 15200.4 0.0798571 2.70351 8496.44 -1.90123
77 15400.3 0.0633208 2.15825 8495.73 -1.19769
78 15600.2 0.0500121 1.70696 8495.16 -0.747232
79 15800.2 0.0394589 1.33512 8494.7 -0.46374
80 16000.1 0.0311105 1.02892 8494.34 -0.288662
81 16200.1 0.0248096 0.775487 8494.07 -0.182987
82 16400.1 0.0201625 0.562403 8493.87 -0.121308
83 16600 0.0171695 0.377021 8493.74 -0.0878148
84 16800 0.0156729 0.206525 8493.68 -0.0734979
85 17000 0.0159092 0.0361733 8493.68 -0.0751691
86 17200 0.0179571 -0.151499 8493.77 -0.096122
87 17400 0.0224467 -0.379062 8493.97 -0.149919
88 17600 0.0300866 -0.677161 8494.3 -0.270158
89 17799.9 0.0422942 -1.08866 8494.82 -0.532749
90 17999.9 0.0608796 -1.67456 8495.63 -1.10493
91 18199.8 0.0888333 -2.52326 8496.83 -2.35242
92 18399.7 0.130402 -3.76028 8498.63 -5.06711
93 18599.6 0.19148 -5.55688 8501.27 -10.9288
94 18799.4 0.279835 -8.12324 8505.09 -23.3426
95 18999.1 0.403686 -11.6576 8510.46 -48.5998
96 19198.7 0.568463 -16.2254 8517.62 -96.4664
97 19398.1 0.771786 -21.6147 8526.48 -177.976
98 19597.3 1.00123 -27.3883 8536.51 -299.789
99 19796.3 1.7924 -33.3759 8336.54 2777.34
