NTS LL(mkm)  STRESS(GPa)   VEL(m / s)  DENS(kg/m3)  ENERGY(J) 
0 999.186 30.3238 900 10937.7 -339625
1 1154.48 30.322 899.722 10937.5 -340203
2 1309.78 30.3176 899.432 10937.1 -340230
3 1465.09 30.3091 899.109 10936.4 -340166
4 1620.41 30.2935 898.72 10935.1 -339978
5 1775.74 30.2661 898.203 10932.7 -339446
6 1931.11 30.2199 897.459 10928.8 -338363
7 2086.53 30.1454 896.339 10922.4 -336799
8 2242.05 30.0294 894.624 10912.5 -334288
9 2397.71 29.8556 892.018 10897.7 -330615
10 2553.57 29.6044 888.14 10876.4 -325285
11 2709.75 29.2525 882.512 10846.9 -317984
12 2866.35 28.7743 874.571 10807.1 -308089
13 3023.52 28.1413 863.673 10755.1 -295383
14 3181.45 27.323 849.108 10689.1 -279459
15 3340.36 26.2873 830.114 10607.2 -260105
16 3500.5 24.9995 805.892 10508.2 -237287
17 3662.15 23.4213 775.599 10390.5 -211259
18 3825.62 21.5125 738.302 10253.6 -182341
19 3991.28 19.2214 693.035 10096.3 -151435
20 4159.52 16.4818 638.946 9917.64 -119617
21 4330.79 13.1937 575.426 9715.52 -88525.5
22 4505.62 9.23722 500.531 9488.29 -60912.3
23 4684.65 9.63451 407.654 9299.71 -41972.1
24 4867.3 7.5006 351.885 9164.94 -28442.3
25 5052.63 5.29503 295.186 9029.54 -17995.1
26 5240.75 3.46132 235.878 8897.01 -11016.3
27 5431.67 2.75097 180.416 8791.53 -6831.57
28 5624.88 2.20302 137.574 8712.87 -4293.01
29 5819.83 1.7829 104.916 8654.13 -2742.79
30 6016.1 1.23424 80.6981 8607.65 -1785.25
31 6213.44 2.10948 59.4322 8585.46 -1338.25
32 6411.29 1.88486 54.2944 8575.47 -1067.46
33 6609.36 1.65451 48.9576 8565.27 -821.792
34 6807.68 1.42967 43.3003 8555.34 -613.063
35 7006.22 1.21718 37.6718 8545.98 -443.982
36 7204.98 1.02121 32.2869 8537.39 -312.281
37 7403.94 0.844507 27.2679 8529.65 -213.391
38 7603.08 0.688441 22.696 8522.84 -141.712
39 7802.38 0.553303 18.6203 8516.96 -91.4975
40 8001.82 0.438586 15.0608 8511.98 -57.4579
41 8201.37 0.342911 12.0122 8507.83 -35.1076
42 8401.02 0.264496 9.44906 8504.43 -20.8798
43 8600.75 0.201316 7.33217 8501.69 -12.092
44 8800.55 0.151262 5.61356 8499.53 -6.82143
45 9000.4 0.112138 4.2412 8497.84 -3.74988
46 9200.28 0.0821405 3.16262 8496.54 -2.00955
47 9400.2 0.0593834 2.32819 8495.56 -1.05016
48 9600.14 0.0423729 1.69216 8494.83 -0.53539
49 9800.09 0.0299291 1.21453 8494.29 -0.266369
50 10000.1 0.0208714 0.860906 8493.9 -0.129387
51 10200 0.0143339 0.602767 8493.62 -0.0613877
52 10400 0.00976532 0.416959 8493.42 -0.0284555
53 10600 0.00661454 0.284894 8493.28 -0.0128969
54 10800 0.00440897 0.192318 8493.19 -0.00571847
55 11000 0.00291231 0.128241 8493.12 -0.00248273
56 11200 0.00188828 0.0844048 8493.08 -0.00105794
57 11400 0.0012581 0.0549075 8493.05 -0.000442116
58 11600 0.000785469 0.0351427 8493.03 -0.000182408
59 11800 0.000470379 0.0222178 8493.02 -7.40542e-05
60 12000 0.000312834 0.01371 8493.01 -3.0014e-05
61 12200 0.000234061 0.00834512 8493.01 -1.19129e-05
62 12400 0.000155296 0.00471046 8493 -4.99169e-06
63 12600 7.63863e-05 0.00263895 8493 -2.10762e-06
64 12800 7.63863e-05 0.00119535 8493 -9.62678e-07
65 13000 7.63863e-05 0.000546514 8493 -4.39344e-07
66 13200 7.63863e-05 0.000250254 8493 -1.99721e-07
67 13400 7.63863e-05 0.000114132 8493 -9.04287e-08
68 13600 7.63863e-05 5.18309e-05 8493 -4.07888e-08
69 13800 7.63863e-05 2.34489e-05 8493 -1.83309e-08
70 14000 7.63863e-05 1.05694e-05 8493 -8.20603e-09
71 14200 7.63863e-05 4.74618e-06 8493 -3.65972e-09
72 14400 7.63863e-05 2.12314e-06 8493 -1.62606e-09
73 14600 7.63863e-05 9.46064e-07 8493 -7.19494e-10
74 14800 7.63863e-05 4.19897e-07 8493 -3.16724e-10
75 15000 7.63863e-05 1.85615e-07 8493 -1.39092e-10
76 15200 7.63863e-05 8.17152e-08 8493 -6.0925e-11
77 15400 7.63863e-05 3.58245e-08 8493 -2.64442e-11
78 15600 7.63863e-05 1.56393e-08 8493 -1.26365e-11
79 15800 7.63863e-05 6.79811e-09 8493 -6.24121e-12
80 16000 7.63863e-05 2.94216e-09 8493 0
81 16200 7.63863e-05 1.26773e-09 8493 0
82 16400 7.63863e-05 5.43807e-10 8493 0
83 16600 7.63863e-05 2.32219e-10 8493 0
84 16800 7.63863e-05 9.87101e-11 8493 0
85 17000 7.63863e-05 4.17651e-11 8493 0
86 17200 7.63863e-05 1.75886e-11 8493 0
87 17400 7.63863e-05 7.37217e-12 8493 0
88 17600 7.63863e-05 3.07527e-12 8493 0
89 17800 7.63863e-05 1.27665e-12 8493 0
90 18000 7.63863e-05 5.2741e-13 8493 0
91 18200 7.63863e-05 2.16815e-13 8493 0
92 18400 7.63863e-05 8.86925e-14 8493 0
93 18600 7.63863e-05 3.61066e-14 8493 0
94 18800 7.63863e-05 1.46411e-14 8493 0
95 19000 7.63863e-05 5.9479e-15 8493 0
96 19200 7.63863e-05 2.50849e-15 8493 0
97 19400 7.63863e-05 1.31515e-15 8493 5.34671e-07
98 19600 7.63863e-05 6.51811e-13 8493 7.3282e-06
99 19800 7.63863e-05 4.02842e-13 8493 0.0262891
