NTS LL(mkm)  STRESS(GPa)   VEL(m / s)  DENS(kg/m3)  ENERGY(J) 
0 1801.62 30.4444 900 10948 -342257
1 1956.77 30.4442 899.902 10948 -342871
2 2111.92 30.4439 899.805 10948 -342983
3 2267.08 30.4433 899.706 10947.9 -343092
4 2422.23 30.4426 899.606 10947.9 -343229
5 2577.38 30.4417 899.504 10947.8 -343272
6 2732.54 30.4405 899.4 10947.7 -343164
7 2887.69 30.4392 899.294 10947.6 -343185
8 3042.85 30.4375 899.184 10947.4 -343137
9 3198.01 30.4355 899.069 10947.3 -343141
10 3353.17 30.433 898.948 10947.1 -343090
11 3508.34 30.4298 898.819 10946.8 -343093
12 3663.51 30.4256 898.676 10946.4 -342953
13 3818.68 30.42 898.515 10945.9 -342849
14 3973.86 30.4123 898.324 10945.3 -342686
15 4129.05 30.4015 898.09 10944.3 -342441
16 4284.25 30.3864 897.791 10943 -342088
17 4439.48 30.3653 897.4 10941.2 -341675
18 4594.72 30.3357 896.877 10938.7 -340990
19 4750.01 30.2948 896.168 10935.2 -340127
20 4905.34 30.2388 895.206 10930.4 -338933
21 5060.74 30.1632 893.901 10923.9 -337311
22 5216.24 30.0624 892.144 10915.3 -335141
23 5371.85 29.9297 889.802 10904 -332294
24 5527.63 29.7576 886.714 10889.4 -328616
25 5683.62 29.5372 882.693 10870.8 -323943
26 5839.87 29.2587 877.521 10847.4 -318094
27 5996.46 28.9107 870.952 10818.4 -310956
28 6153.47 28.4809 862.709 10782.9 -302207
29 6311 27.9556 852.487 10740 -291797
30 6469.16 27.3193 839.948 10688.8 -279432
31 6628.07 26.555 824.721 10628.2 -265104
32 6787.89 25.6435 806.395 10557.4 -248588
33 6948.78 24.5624 784.518 10475.2 -229963
34 7110.94 23.2861 758.577 10380.7 -209126
35 7274.57 21.7826 727.977 10272.6 -186318
36 7439.92 20.014 691.976 10149.9 -161741
37 7607.27 17.932 649.707 10011 -135833
38 7776.95 15.4725 600.372 9854.23 -109255
39 7949.32 12.5239 543.4 9675.87 -83094.5
40 8124.87 8.96186 476.698 9473.08 -59357.4
41 8304.18 9.79058 393.44 9309.74 -43106.4
42 8486.63 8.03386 348.305 9198.27 -31517.9
43 8671.3 6.16984 302.398 9082.78 -21715
44 8858.31 4.20476 253.572 8964.01 -14163.7
45 9047.8 3.17197 201.428 8853.55 -9191.97
46 9239.66 2.59122 158.033 8768.37 -6033.51
47 9433.38 2.1344 124.103 8703.19 -4015.76
48 9628.55 1.77258 97.7332 8652.71 -2707.5
49 9824.85 1.28577 77.3436 8611.46 -1849.28
50 10022.1 2.18996 58.1419 8589.05 -1443.49
51 10219.9 2.07745 54.9198 8584.04 -1298.4
52 10417.7 1.95436 52.301 8578.56 -1148.51
53 10615.7 1.82221 49.419 8572.69 -997.966
54 10813.9 1.68481 46.2596 8566.61 -852.738
55 11012.2 1.54506 42.9341 8560.43 -716.759
56 11210.6 1.40527 39.5215 8554.26 -592.605
57 11409.2 1.26758 36.0818 8548.2 -481.913
58 11607.9 1.13394 32.6699 8542.33 -385.458
59 11806.7 1.00601 29.3362 8536.72 -303.248
60 12005.7 0.885209 26.1251 8531.43 -234.662
61 12204.8 0.772492 23.0736 8526.51 -178.621
62 12404 0.668581 20.2108 8521.98 -133.75
63 12603.3 0.573961 17.5581 8517.86 -98.5275
64 12802.7 0.488724 15.1288 8514.15 -71.4098
65 13002.2 0.412805 12.9296 8510.86 -50.9254
66 13201.8 0.34582 10.9607 8507.95 -35.7373
67 13401.5 0.287465 9.21686 8505.42 -24.6814
68 13601.2 0.237039 7.68841 8503.24 -16.7771
69 13800.9 0.193919 6.36232 8501.37 -11.2261
70 14000.7 0.157401 5.2235 8499.79 -7.39501
71 14200.6 0.126781 4.25478 8498.47 -4.79632
72 14400.5 0.101352 3.43861 8497.37 -3.06334
73 14600.4 0.0803295 2.75743 8496.47 -1.92698
74 14800.3 0.0632421 2.19409 8495.73 -1.19409
75 15000.2 0.0494608 1.73229 8495.13 -0.729089
76 15200.2 0.0383563 1.35691 8494.65 -0.438879
77 15400.1 0.0295353 1.05438 8494.27 -0.260644
78 15600.1 0.022683 0.812349 8493.98 -0.152923
79 15800.1 0.0172482 0.619775 8493.74 -0.0889001
80 16000 0.0131524 0.467555 8493.57 -0.0514754
81 16200 0.0100016 0.346913 8493.43 -0.0299989
82 16400 0.00779609 0.250905 8493.33 -0.017945
83 16600 0.00622069 0.173069 8493.27 -0.0114099
84 16800 0.00519668 0.107447 8493.22 -0.00814883
85 17000 0.00488159 0.0484069 8493.21 -0.00699741
86 17200 0.00503914 -0.0100912 8493.22 -0.00761695
87 17400 0.00598438 -0.074872 8493.25 -0.0105369
88 17600 0.00771732 -0.154376 8493.33 -0.0176349
89 17800 0.0106318 -0.25988 8493.46 -0.0334252
90 18000 0.0151215 -0.407236 8493.65 -0.0680503
91 18200 0.0219741 -0.618642 8493.95 -0.143795
92 18399.9 0.0322132 -0.926895 8494.39 -0.309602
93 18599.9 0.047492 -1.3795 8495.05 -0.672551
94 18799.9 0.0701717 -2.04708 8496.03 -1.46735
95 18999.8 0.103793 -3.03326 8497.48 -3.20785
96 19199.7 0.153466 -4.4914 8499.63 -7.01911
97 19399.5 0.227047 -6.64809 8502.81 -15.364
98 19599.3 0.335912 -9.83843 8507.52 -33.6328
99 19798.9 1.05851 -14.5578 8447.47 334.859
