NTS LL(mkm)  STRESS(GPa)   VEL(m / s)  DENS(kg/m3)  ENERGY(J) 
0 1353.83 30.3925 900 10943.6 -341122
1 1509.05 30.3921 899.835 10943.5 -341731
2 1664.26 30.3912 899.669 10943.5 -341834
3 1819.48 30.3899 899.5 10943.3 -341925
4 1974.7 30.3879 899.327 10943.2 -342034
5 2129.92 30.3849 899.145 10942.9 -342032
6 2285.14 30.3804 898.95 10942.5 -341851
7 2440.37 30.3737 898.73 10942 -341755
8 2595.61 30.3633 898.468 10941.1 -341517
9 2750.86 30.3475 898.138 10939.7 -341220
10 2906.13 30.3234 897.698 10937.6 -340700
11 3061.42 30.2872 897.086 10934.5 -339984
12 3216.77 30.2337 896.217 10929.9 -338774
13 3372.17 30.1563 894.974 10923.3 -337118
14 3527.68 30.0466 893.201 10913.9 -334759
15 3683.31 29.8945 890.702 10901 -331488
16 3839.13 29.688 887.233 10883.5 -327068
17 3995.2 29.413 882.501 10860.3 -321325
18 4151.61 29.054 876.164 10830.3 -313821
19 4308.45 28.5933 867.832 10792.1 -304440
20 4465.84 28.0116 857.069 10744.6 -292849
21 4623.93 27.288 843.396 10686.3 -278826
22 4782.88 26.3993 826.294 10616 -262204
23 4942.88 25.3198 805.205 10532.5 -242905
24 5104.15 24.0207 779.522 10434.7 -220948
25 5266.94 22.4689 748.573 10321.5 -196499
26 5431.51 20.6249 711.567 10191.8 -169911
27 5598.17 18.4378 667.599 10044.2 -141814
28 5767.28 15.8443 615.82 9877.44 -112996
29 5939.25 12.7306 555.7 9688.06 -84778.9
30 6114.58 8.98494 485.31 9474.35 -59494.9
31 6293.87 9.67906 397.924 9302.57 -42295
32 6476.46 7.75791 348.567 9181 -29899.4
33 6661.47 5.74047 297.996 9056.59 -19819.6
34 6849.03 3.68335 244.707 8930.57 -12524.8
35 7039.23 2.96357 190.488 8822.68 -7978.83
36 7231.75 2.39973 147.887 8740.85 -5138.06
37 7426.08 1.96225 114.623 8679.03 -3361.54
38 7621.8 1.56935 88.3003 8632.36 -2249.19
39 7818.57 1.04203 66.6978 8593.44 -1566.06
40 8016.23 2.09265 57.3718 8584.71 -1317.28
41 8214.09 1.91544 53.4161 8576.83 -1102.86
42 8412.14 1.73814 49.0378 8568.97 -907.571
43 8610.36 1.56068 44.7109 8561.12 -731.146
44 8808.77 1.38572 40.3503 8553.4 -576.066
45 9007.36 1.21686 36.0118 8545.97 -443.915
46 9206.12 1.05686 31.7829 8538.95 -334.628
47 9405.05 0.90787 27.7416 8532.42 -246.79
48 9604.12 0.771472 23.9495 8526.47 -178.103
49 9803.34 0.648483 20.4513 8521.11 -125.796
50 10002.7 0.539399 17.2759 8516.36 -86.9747
51 10202.1 0.443852 14.4378 8512.21 -58.8754
52 10401.7 0.361467 11.938 8508.63 -39.0284
53 10601.3 0.291319 9.76756 8505.59 -25.3406
54 10801 0.232397 7.90863 8503.04 -16.1188
55 11000.8 0.183452 6.33747 8500.92 -10.0468
56 11200.6 0.143391 5.02682 8499.19 -6.13742
57 11400.4 0.111036 3.94698 8497.79 -3.67543
58 11600.3 0.0850539 3.06806 8496.67 -2.15808
59 11800.2 0.0645808 2.36126 8495.78 -1.24273
60 12000.2 0.0485158 1.79951 8495.09 -0.702006
61 12200.1 0.0361511 1.35815 8494.56 -0.389057
62 12400.1 0.0266211 1.01513 8494.15 -0.21161
63 12600.1 0.0194537 0.751486 8493.84 -0.112981
64 12800 0.0140976 0.550979 8493.61 -0.0592327
65 13000 0.0100804 0.400326 8493.43 -0.0304919
66 13200 0.00716593 0.287999 8493.31 -0.0154202
67 13400 0.00503914 0.205219 8493.22 -0.00766567
68 13600 0.00354249 0.144857 8493.15 -0.00374752
69 13800 0.00243968 0.101254 8493.1 -0.00180281
70 14000 0.00173074 0.0701216 8493.07 -0.000853051
71 14200 0.00117933 0.0479974 8493.05 -0.000397857
72 14400 0.000785469 0.0324543 8493.03 -0.000183376
73 14600 0.000549152 0.0217008 8493.02 -8.33784e-05
74 14800 0.000391606 0.0142838 8493.01 -3.74175e-05
75 15000 0.000234061 0.0090784 8493.01 -1.7021e-05
76 15200 0.000155296 0.00573527 8493.01 -7.60726e-06
77 15400 7.63863e-05 0.00352887 8493 -3.25457e-06
78 15600 7.63863e-05 0.00176423 8493 -1.56877e-06
79 15800 7.63863e-05 0.000856252 8493 -7.49981e-07
80 16000 7.63863e-05 0.000410367 8493 -3.57446e-07
81 16200 7.63863e-05 0.000195842 8493 -1.70098e-07
82 16400 7.63863e-05 9.31617e-05 8493 -8.09702e-08
83 16600 7.63863e-05 4.39284e-05 8493 -3.89438e-08
84 16800 7.63863e-05 1.99934e-05 8493 -1.98166e-08
85 17000 7.63863e-05 7.59898e-06 8493 -1.25455e-08
86 17200 7.63863e-05 -3.96631e-07 8493 -1.29237e-08
87 17400 7.63863e-05 -8.48925e-06 8493 -2.10375e-08
88 17600 7.63863e-05 -2.09023e-05 8493 -4.10145e-08
89 17800 7.63863e-05 -4.36302e-05 8493 -8.26975e-08
90 18000 7.63863e-05 -8.72179e-05 8493 -1.66024e-07
91 18200 7.63863e-05 -0.000171755 8493 -3.30112e-07
92 18400 7.63863e-05 -0.00033697 8493 -6.52081e-07
93 18600 7.63863e-05 -0.000664262 8493 -1.28694e-06
94 18800 7.63863e-05 -0.00132353 8493 -2.55168e-06
95 19000 0.000155296 -0.00262899 8493 -5.32335e-06
96 19200 0.000155296 -0.00395963 8493.01 -1.03344e-05
97 19400 0.000234061 -0.00645109 8493.01 -2.06886e-05
98 19600 0.000391606 -0.00992172 8493.01 -3.6384e-05
99 19800 0.00110056 -0.0148423 8492.95 0.026665
