NTS LL(mkm)  STRESS(GPa)   VEL(m / s)  DENS(kg/m3)  ENERGY(J) 
0 998.166 30.3235 900 10937.6 -339620
1 1153.46 30.3217 899.722 10937.5 -340197
2 1308.77 30.3174 899.431 10937.1 -340223
3 1464.07 30.3088 899.107 10936.4 -340158
4 1619.39 30.293 898.716 10935 -339968
5 1774.72 30.2654 898.197 10932.7 -339431
6 1930.09 30.2189 897.449 10928.7 -338340
7 2085.52 30.1437 896.321 10922.2 -336765
8 2241.04 30.0269 894.594 10912.3 -334235
9 2396.7 29.852 891.971 10897.4 -330537
10 2552.57 29.5991 888.066 10876 -325174
11 2708.75 29.2451 882.401 10846.2 -317829
12 2865.35 28.764 874.41 10806.2 -307879
13 3022.54 28.1274 863.447 10754 -295109
14 3180.49 27.3049 848.798 10687.6 -279112
15 3339.42 26.264 829.702 10605.4 -259680
16 3499.59 24.97 805.357 10505.9 -236782
17 3661.27 23.3845 774.92 10387.8 -210676
18 3824.79 21.4672 737.454 10250.4 -181691
19 3990.5 19.1665 691.979 10092.6 -150742
20 4158.8 16.416 637.62 9913.47 -118920
21 4330.14 13.1145 573.829 9710.81 -87869.1
22 4505.06 9.13652 498.845 9482.72 -60344.7
23 4684.18 9.58449 405.938 9296.5 -41616.3
24 4866.9 7.44973 350.524 9161.77 -28160.2
25 5052.3 5.24136 293.86 9026.31 -17787.1
26 5240.48 3.44212 234.451 8894.09 -10889.1
27 5431.46 2.73584 179.27 8789.32 -6753.53
28 5624.72 2.19135 136.667 8711.22 -4245.36
29 5819.71 1.77418 104.183 8652.92 -2714.23
30 6016.01 1.22007 80.1692 8606.61 -1768.01
31 6213.37 2.10387 59.1595 8585.22 -1331.13
32 6411.23 1.87893 54.1608 8575.21 -1060.77
33 6609.31 1.64826 48.8217 8564.99 -815.56
34 6807.63 1.42342 43.1483 8555.06 -607.714
35 7006.18 1.21123 37.5169 8545.72 -439.63
36 7204.94 1.01565 32.1366 8537.14 -308.881
37 7403.91 0.839408 27.1263 8529.43 -210.831
38 7603.05 0.683888 22.5655 8522.65 -139.853
39 7802.36 0.549375 18.5028 8516.79 -90.1939
40 8001.8 0.435206 14.9572 8511.83 -56.5736
41 8201.36 0.34008 11.9226 8507.7 -34.5267
42 8401.01 0.262136 9.37311 8504.33 -20.5101
43 8600.75 0.199428 7.26896 8501.61 -11.8637
44 8800.54 0.149688 5.56182 8499.46 -6.68461
45 9000.39 0.110957 4.19959 8497.79 -3.67021
46 9200.28 0.0811957 3.12972 8496.5 -1.96444
47 9400.2 0.0586747 2.30253 8495.53 -1.02533
48 9600.14 0.0418216 1.67248 8494.8 -0.522088
49 9800.09 0.0295353 1.19967 8494.27 -0.259425
50 10000.1 0.0205564 0.849832 8493.89 -0.125855
51 10200 0.0141763 0.594635 8493.61 -0.0596372
52 10400 0.00960779 0.411052 8493.41 -0.0276115
53 10600 0.006457 0.280694 8493.28 -0.0124986
54 10800 0.0043302 0.189359 8493.18 -0.00553477
55 11000 0.00283354 0.126165 8493.12 -0.00240057
56 11200 0.00188828 0.0830172 8493.08 -0.00102105
57 11400 0.00117933 0.0539137 8493.05 -0.000426721
58 11600 0.000785469 0.0345211 8493.03 -0.000175686
59 11800 0.000470379 0.0217707 8493.02 -7.14135e-05
60 12000 0.000312834 0.0134382 8493.01 -2.89087e-05
61 12200 0.000234061 0.00820496 8493.01 -1.1346e-05
62 12400 0.000155296 0.0045721 8493 -4.77989e-06
63 12600 7.63863e-05 0.00255297 8493 -2.03523e-06
64 12800 7.63863e-05 0.00115354 8493 -9.30232e-07
65 13000 7.63863e-05 0.00052814 8493 -4.24512e-07
66 13200 7.63863e-05 0.000241886 8493 -1.92904e-07
67 13400 7.63863e-05 0.000110269 8493 -8.73092e-08
68 13600 7.63863e-05 5.00567e-05 8493 -3.9368e-08
69 13800 7.63863e-05 2.26383e-05 8493 -1.76863e-08
70 14000 7.63863e-05 1.02005e-05 8493 -7.91451e-09
71 14200 7.63863e-05 4.57894e-06 8493 -3.52851e-09
72 14400 7.63863e-05 2.04759e-06 8493 -1.56716e-09
73 14600 7.63863e-05 9.12066e-07 8493 -6.93203e-10
74 14800 7.63863e-05 4.04656e-07 8493 -3.05022e-10
75 15000 7.63863e-05 1.78809e-07 8493 -1.33866e-10
76 15200 7.63863e-05 7.86877e-08 8493 -5.86635e-11
77 15400 7.63863e-05 3.44833e-08 8493 -2.5431e-11
78 15600 7.63863e-05 1.50476e-08 8493 -1.21684e-11
79 15800 7.63863e-05 6.53816e-09 8493 -5.92915e-12
80 16000 7.63863e-05 2.82844e-09 8493 0
81 16200 7.63863e-05 1.2182e-09 8493 0
82 16400 7.63863e-05 5.22327e-10 8493 0
83 16600 7.63863e-05 2.22945e-10 8493 0
84 16800 7.63863e-05 9.47242e-11 8493 0
85 17000 7.63863e-05 4.00598e-11 8493 0
86 17200 7.63863e-05 1.68624e-11 8493 0
87 17400 7.63863e-05 7.06432e-12 8493 0
88 17600 7.63863e-05 2.94539e-12 8493 0
89 17800 7.63863e-05 1.22212e-12 8493 0
90 18000 7.63863e-05 5.04623e-13 8493 0
91 18200 7.63863e-05 2.07339e-13 8493 0
92 18400 7.63863e-05 8.47715e-14 8493 0
93 18600 7.63863e-05 3.44919e-14 8493 0
94 18800 7.63863e-05 1.39786e-14 8493 0
95 19000 7.63863e-05 5.67552e-15 8493 0
96 19200 7.63863e-05 2.3921e-15 8493 0
97 19400 7.63863e-05 1.25333e-15 8493 5.34671e-07
98 19600 7.63863e-05 6.65375e-13 8493 7.3282e-06
99 19800 7.63863e-05 4.11225e-13 8493 0.0262891
