NTS LL(mkm)  STRESS(GPa)   VEL(m / s)  DENS(kg/m3)  ENERGY(J) 
0 1896.37 30.4525 900 10948.7 -342433
1 2051.51 30.4523 899.911 10948.7 -343047
2 2206.65 30.452 899.821 10948.7 -343162
3 2361.79 30.4516 899.731 10948.7 -343273
4 2516.93 30.451 899.639 10948.6 -343412
5 2672.08 30.4502 899.547 10948.5 -343459
6 2827.22 30.4493 899.452 10948.5 -343356
7 2982.37 30.4481 899.356 10948.4 -343382
8 3137.51 30.4468 899.257 10948.2 -343341
9 3292.66 30.4452 899.155 10948.1 -343354
10 3447.81 30.4433 899.049 10947.9 -343317
11 3602.96 30.441 898.938 10947.7 -343338
12 3758.12 30.4381 898.82 10947.5 -343225
13 3913.28 30.4343 898.69 10947.2 -343162
14 4068.44 30.4294 898.545 10946.7 -343060
15 4223.61 30.4228 898.377 10946.2 -342905
16 4378.79 30.4137 898.173 10945.4 -342684
17 4533.98 30.4012 897.918 10944.3 -342460
18 4689.18 30.3839 897.588 10942.8 -342041
19 4844.4 30.3599 897.154 10940.8 -341546
20 4999.66 30.327 896.571 10937.9 -340850
21 5154.95 30.2822 895.787 10934.1 -339889
22 5310.3 30.2216 894.731 10928.9 -338580
23 5465.72 30.1408 893.315 10922 -336834
24 5621.24 30.0345 891.43 10912.9 -334534
25 5776.9 29.8961 888.947 10901.1 -331557
26 5932.71 29.7185 885.71 10886.1 -327755
27 6088.75 29.493 881.54 10867.1 -323044
28 6245.06 29.2104 876.23 10843.3 -317119
29 6401.7 28.8599 869.545 10814.2 -309936
30 6558.78 28.4297 861.222 10778.7 -301188
31 6716.36 27.9067 850.969 10736.1 -290840
32 6874.58 27.2765 838.464 10685.4 -278611
33 7033.54 26.5228 823.352 10625.7 -264500
34 7193.4 25.6271 805.241 10556.1 -248281
35 7354.31 24.5679 783.698 10475.6 -230029
36 7516.46 23.3198 758.228 10383.1 -209697
37 7680.06 21.8525 728.251 10277.6 -187376
38 7845.33 20.1302 693.067 10157.8 -163249
39 8012.55 18.1026 651.91 10022.1 -137794
40 8182.03 15.7025 604.023 9868.57 -111566
41 8354.16 12.835 548.451 9694.22 -85585
42 8529.37 9.39606 482.512 9497.11 -61814.2
43 8708.23 10.0086 400.167 9323.76 -44705.7
44 8890.41 8.27629 353.935 9213.51 -32983.7
45 9074.77 6.44836 308.335 9099.85 -23015.2
46 9261.43 4.51915 260.293 8982.82 -15180.1
47 9450.52 3.28193 208.956 8869.96 -9864.78
48 9642.03 2.68262 164.167 8781.58 -6484
49 9835.45 2.20795 129.191 8713.57 -4313.87
50 10030.4 1.83271 101.864 8661.03 -2909.06
51 10226.5 1.39733 80.2395 8619.69 -1997.56
52 10423.6 2.22773 60.2793 8590.74 -1493.91
53 10621.3 2.11275 55.9935 8585.61 -1343.09
54 10819.1 1.99732 53.0927 8580.47 -1199.86
55 11017.1 1.87449 50.3567 8575.01 -1056.27
56 11215.2 1.74525 47.4348 8569.28 -915.265
57 11413.4 1.61233 44.3263 8563.4 -780.759
58 11611.8 1.47799 41.0967 8557.47 -655.713
59 11810.3 1.34426 37.8066 8551.57 -542.149
60 12008.9 1.2131 34.5092 8545.8 -441.275
61 12207.6 1.08609 31.2531 8540.23 -353.567
62 12406.5 0.964785 28.0826 8534.92 -278.876
63 12605.6 0.850389 25.036 8529.91 -216.539
64 12804.7 0.743616 22.145 8525.25 -165.526
65 13003.9 0.645264 19.4346 8520.96 -124.57
66 13203.3 0.555502 16.923 8517.06 -92.3019
67 13402.7 0.47458 14.6213 8513.54 -67.3422
68 13602.2 0.40235 12.535 8510.4 -48.3809
69 13801.8 0.338428 10.6633 8507.63 -34.2306
70 14001.5 0.282588 9.00155 8505.21 -23.8533
71 14201.2 0.234128 7.54057 8503.11 -16.373
72 14401 0.192581 6.26855 8501.32 -11.0719
73 14600.8 0.157165 5.17142 8499.79 -7.37738
74 14800.6 0.127411 4.23368 8498.5 -4.84494
75 15000.5 0.102533 3.43912 8497.42 -3.13752
76 15200.4 0.0819831 2.77155 8496.54 -2.00499
77 15400.3 0.065132 2.21475 8495.81 -1.26594
78 15600.2 0.0515084 1.75334 8495.22 -0.791703
79 15800.2 0.0406403 1.37252 8494.75 -0.492638
80 16000.1 0.0321344 1.05851 8494.38 -0.307564
81 16200.1 0.0255972 0.798016 8494.1 -0.195674
82 16400.1 0.0208714 0.578503 8493.9 -0.130312
83 16600 0.0178783 0.38686 8493.77 -0.0948858
84 16800 0.0163818 0.209876 8493.71 -0.0799897
85 17000 0.0166181 0.0323231 8493.72 -0.082428
86 17200 0.0189023 -0.164215 8493.81 -0.106109
87 17400 0.0236282 -0.403347 8494.02 -0.166294
88 17600 0.0317406 -0.717291 8494.37 -0.300523
89 17799.9 0.0446568 -1.15129 8494.92 -0.593525
90 17999.9 0.0643445 -1.76945 8495.77 -1.2317
91 18199.8 0.0937937 -2.66436 8497.05 -2.62175
92 18399.7 0.137566 -3.96612 8498.94 -5.63978
93 18599.6 0.20171 -5.84801 8501.71 -12.1241
94 18799.4 0.293757 -8.51414 8505.7 -25.7298
95 18999.1 0.42153 -12.1412 8511.24 -53.0084
96 19198.6 0.589511 -16.7635 8518.54 -103.732
97 19398 0.794303 -22.1643 8527.46 -188.529
98 19597.2 1.02474 -27.9734 8537.54 -314.084
99 19796.2 1.83578 -34.1057 8330.98 2922.38
