NTS LL(mkm)  STRESS(GPa)   VEL(m / s)  DENS(kg/m3)  ENERGY(J) 
0 996.128 30.323 900 10937.6 -339608
1 1151.43 30.3212 899.721 10937.4 -340186
2 1306.73 30.3167 899.428 10937.1 -340210
3 1462.04 30.308 899.103 10936.3 -340142
4 1617.35 30.292 898.709 10934.9 -339947
5 1772.69 30.264 898.184 10932.5 -339401
6 1928.06 30.2168 897.427 10928.5 -338294
7 2083.49 30.1405 896.284 10922 -336695
8 2239.01 30.022 894.534 10911.8 -334130
9 2394.68 29.8447 891.874 10896.8 -330381
10 2550.56 29.5884 887.916 10875.1 -324949
11 2706.75 29.2299 882.176 10845 -317515
12 2863.37 28.7432 874.085 10804.5 -307456
13 3020.59 28.0996 862.99 10751.7 -294557
14 3178.57 27.2683 848.174 10684.7 -278413
15 3337.55 26.2169 828.871 10601.8 -258824
16 3497.76 24.9106 804.278 10501.4 -235765
17 3659.51 23.3105 773.55 10382.4 -209505
18 3823.12 21.3761 735.748 10244 -180387
19 3988.93 19.0556 689.856 10085.2 -149350
20 4157.36 16.2835 634.948 9905.08 -117524
21 4328.84 12.9557 570.58 9701.38 -86565.9
22 4503.93 8.93494 495.414 9471.59 -59228.2
23 4683.27 9.48496 402.551 9290.16 -40917.1
24 4866.11 7.34788 347.855 9155.43 -27602.3
25 5051.64 5.13489 291.223 9019.85 -17376.3
26 5239.95 3.40371 231.603 8888.3 -10638.9
27 5431.06 2.70591 176.991 8784.96 -6600.02
28 5624.41 2.16808 134.87 8707.95 -4151.55
29 5819.48 1.75696 102.72 8650.55 -2658.21
30 6015.83 1.19237 79.0873 8604.56 -1734.76
31 6213.24 2.09319 58.6546 8584.74 -1317.53
32 6411.1 1.86715 53.9157 8574.69 -1047.41
33 6609.2 1.63569 48.5501 8564.43 -803.112
34 6807.53 1.41098 42.8421 8554.51 -597.079
35 7006.09 1.19925 37.2063 8545.2 -431.002
36 7204.87 1.00452 31.8364 8536.66 -302.153
37 7403.85 0.82929 26.8435 8528.99 -205.777
38 7603 0.674861 22.3054 8522.25 -136.191
39 7802.32 0.54152 18.2688 8516.45 -87.6298
40 8001.77 0.428447 14.7511 8511.54 -54.8376
41 8201.33 0.334418 11.7447 8507.46 -33.3887
42 8400.99 0.257494 9.22238 8504.13 -19.7871
43 8600.73 0.19565 7.14363 8501.45 -11.4181
44 8800.53 0.146697 5.45936 8499.33 -6.41804
45 9000.38 0.108595 4.11724 8497.69 -3.51531
46 9200.27 0.0793846 3.06463 8496.42 -1.87693
47 9400.19 0.0572572 2.25186 8495.47 -0.977252
48 9600.13 0.0407978 1.63369 8494.76 -0.496366
49 9800.09 0.0287477 1.17036 8494.24 -0.24603
50 10000.1 0.020005 0.828028 8493.86 -0.119059
51 10200 0.0137825 0.578642 8493.59 -0.0562753
52 10400 0.00937148 0.399479 8493.4 -0.02599
53 10600 0.00629946 0.27245 8493.27 -0.0117342
54 10800 0.00417266 0.183515 8493.18 -0.00518496
55 11000 0.00275477 0.122137 8493.12 -0.00224323
56 11200 0.00180951 0.0802451 8493.08 -0.000951952
57 11400 0.00117933 0.0520512 8493.05 -0.000396726
58 11600 0.000706697 0.0332762 8493.03 -0.000162836
59 11800 0.000470379 0.0209028 8493.02 -6.62977e-05
60 12000 0.000312834 0.0129055 8493.01 -2.67687e-05
61 12200 0.000155296 0.00785485 8493.01 -1.05098e-05
62 12400 0.000155296 0.00437822 8493 -4.36631e-06
63 12600 7.63863e-05 0.0023776 8493 -1.89741e-06
64 12800 7.63863e-05 0.0010737 8493 -8.68856e-07
65 13000 7.63863e-05 0.000493542 8493 -3.96321e-07
66 13200 7.63863e-05 0.000225985 8493 -1.79938e-07
67 13400 7.63863e-05 0.000102918 8493 -8.13807e-08
68 13600 7.63863e-05 4.66831e-05 8493 -3.66696e-08
69 13800 7.63863e-05 2.10983e-05 8493 -1.64626e-08
70 14000 7.63863e-05 9.50009e-06 8493 -7.36164e-09
71 14200 7.63863e-05 4.26152e-06 8493 -3.27957e-09
72 14400 7.63863e-05 1.90427e-06 8493 -1.4556e-09
73 14600 7.63863e-05 8.47603e-07 8493 -6.43355e-10
74 14800 7.63863e-05 3.75772e-07 8493 -2.82944e-10
75 15000 7.63863e-05 1.65917e-07 8493 -1.23959e-10
76 15200 7.63863e-05 7.29568e-08 8493 -5.43736e-11
77 15400 7.63863e-05 3.1946e-08 8493 -2.35586e-11
78 15600 7.63863e-05 1.39289e-08 8493 -1.12322e-11
79 15800 7.63863e-05 6.04696e-09 8493 -5.30502e-12
80 16000 7.63863e-05 2.6137e-09 8493 0
81 16200 7.63863e-05 1.12472e-09 8493 0
82 16400 7.63863e-05 4.81815e-10 8493 0
83 16600 7.63863e-05 2.05466e-10 8493 0
84 16800 7.63863e-05 8.72165e-11 8493 0
85 17000 7.63863e-05 3.68499e-11 8493 0
86 17200 7.63863e-05 1.54963e-11 8493 0
87 17400 7.63863e-05 6.48568e-12 8493 0
88 17600 7.63863e-05 2.70144e-12 8493 0
89 17800 7.63863e-05 1.11977e-12 8493 0
90 18000 7.63863e-05 4.61885e-13 8493 0
91 18200 7.63863e-05 1.89581e-13 8493 0
92 18400 7.63863e-05 7.74288e-14 8493 0
93 18600 7.63863e-05 3.14703e-14 8493 0
94 18800 7.63863e-05 1.274e-14 8493 0
95 19000 7.63863e-05 5.16666e-15 8493 0
96 19200 7.63863e-05 2.17486e-15 8493 0
97 19400 7.63863e-05 1.13807e-15 8493 5.34671e-07
98 19600 7.63863e-05 6.93356e-13 8493 7.3282e-06
99 19800 7.63863e-05 4.28518e-13 8493 0.0262891
