NTS LL(mkm)  STRESS(GPa)   VEL(m / s)  DENS(kg/m3)  ENERGY(J) 
0 1356.89 30.3929 900 10943.6 -341132
1 1512.1 30.3925 899.835 10943.6 -341741
2 1667.32 30.3917 899.67 10943.5 -341844
3 1822.53 30.3904 899.502 10943.4 -341936
4 1977.75 30.3883 899.329 10943.2 -342045
5 2132.97 30.3854 899.149 10943 -342044
6 2288.19 30.381 898.955 10942.6 -341865
7 2443.42 30.3744 898.737 10942 -341770
8 2598.66 30.3642 898.478 10941.1 -341537
9 2753.91 30.3487 898.152 10939.8 -341247
10 2909.17 30.325 897.718 10937.8 -340737
11 3064.47 30.2895 897.117 10934.7 -340037
12 3219.81 30.2371 896.263 10930.2 -338849
13 3375.21 30.1612 895.043 10923.7 -337224
14 3530.71 30.0536 893.303 10914.5 -334908
15 3686.34 29.9042 890.849 10901.8 -331693
16 3842.15 29.7011 887.441 10884.6 -327347
17 3998.2 29.4307 882.79 10861.8 -321695
18 4154.59 29.0773 876.558 10832.2 -314302
19 4311.39 28.6235 868.358 10794.6 -305051
20 4468.75 28.0502 857.759 10747.7 -293610
21 4626.79 27.3365 844.286 10690.1 -279753
22 4785.69 26.4595 827.423 10620.7 -263311
23 4945.62 25.3939 806.616 10538.2 -244198
24 5106.81 24.111 781.262 10441.4 -222427
25 5269.48 22.578 750.69 10329.3 -198156
26 5433.93 20.7564 714.123 10200.8 -171718
27 5600.44 18.5949 670.706 10054.6 -143717
28 5769.38 16.0303 619.639 9889.11 -114899
29 5941.15 12.9539 560.208 9701.27 -86581.9
30 6116.24 9.26906 490.005 9490.06 -61085.6
31 6295.22 9.81376 402.704 9311.21 -43266.4
32 6477.65 7.89444 352.279 9189.54 -30690.4
33 6662.49 5.88401 301.616 9065.31 -20435.7
34 6849.86 3.78896 248.656 8939.27 -12930.3
35 7039.88 3.00911 193.824 8829.37 -8234.97
36 7232.26 2.43551 150.528 8745.98 -5300.22
37 7426.48 1.9908 116.637 8683.03 -3466.25
38 7622.1 1.61192 89.9437 8635.49 -2315.83
39 7818.8 1.06448 69.4017 8595.1 -1589.7
40 8016.42 2.10371 56.489 8585.21 -1331.25
41 8214.27 1.92971 53.6225 8577.47 -1119.44
42 8412.3 1.75251 49.392 8569.6 -922.676
43 8610.52 1.57514 45.0612 8561.75 -744.802
44 8808.91 1.40019 40.7035 8554.03 -588.138
45 9007.48 1.23095 36.3669 8546.59 -454.261
46 9206.23 1.07034 32.1331 8539.54 -343.226
47 9405.14 0.920493 28.0799 8532.98 -253.731
48 9604.2 0.783162 24.2701 8526.98 -183.55
49 9803.41 0.65916 20.7497 8521.57 -129.958
50 10002.7 0.548904 17.5492 8516.77 -90.0729
51 10202.2 0.452261 14.6841 8512.57 -61.1239
52 10401.7 0.36878 12.1567 8508.95 -40.6204
53 10601.3 0.297533 9.95891 8505.86 -26.4408
54 10801 0.237669 8.07369 8503.27 -16.8615
55 11000.8 0.18786 6.47802 8501.11 -10.5367
56 11200.6 0.14709 5.14488 8499.35 -6.45329
57 11400.5 0.113949 4.04484 8497.92 -3.87468
58 11600.3 0.087416 3.1483 8496.77 -2.28101
59 11800.3 0.0664707 2.4261 8495.87 -1.317
60 12000.2 0.0500121 1.85147 8495.16 -0.74591
61 12200.1 0.0372537 1.39916 8494.61 -0.414494
62 12400.1 0.0275663 1.04719 8494.19 -0.22605
63 12600.1 0.0201625 0.776268 8493.87 -0.121015
64 12800 0.0145702 0.56999 8493.63 -0.0636062
65 13000 0.0104742 0.414624 8493.45 -0.0328344
66 13200 0.00748101 0.298718 8493.32 -0.0166503
67 13400 0.00527545 0.213171 8493.23 -0.00829927
68 13600 0.00370003 0.15069 8493.16 -0.0040678
69 13800 0.00259723 0.105512 8493.11 -0.00196113
70 14000 0.00173074 0.0731262 8493.07 -0.000930988
71 14200 0.00117933 0.0501707 8493.05 -0.000435227
72 14400 0.000785469 0.0340167 8493.03 -0.000200692
73 14600 0.000549152 0.022724 8493.02 -9.17075e-05
74 14800 0.000391606 0.0149723 8493.01 -4.15232e-05
75 15000 0.000234061 0.00968041 8493.01 -1.86466e-05
76 15200 0.000155296 0.00608541 8493.01 -8.31055e-06
77 15400 7.63863e-05 0.00375943 8493 -3.53105e-06
78 15600 7.63863e-05 0.00190389 8493 -1.71231e-06
79 15800 7.63863e-05 0.000932348 8493 -8.20948e-07
80 16000 7.63863e-05 0.000448791 8493 -3.91707e-07
81 16200 7.63863e-05 0.000214503 8493 -1.86515e-07
82 16400 7.63863e-05 0.000102093 8493 -8.88442e-08
83 16600 7.63863e-05 4.8157e-05 8493 -4.2773e-08
84 16800 7.63863e-05 2.1923e-05 8493 -2.17992e-08
85 17000 7.63863e-05 8.33587e-06 8493 -1.38235e-08
86 17200 7.63863e-05 -4.09172e-07 8493 -1.42129e-08
87 17400 7.63863e-05 -9.20375e-06 8493 -2.30085e-08
88 17600 7.63863e-05 -2.26118e-05 8493 -4.4618e-08
89 17800 7.63863e-05 -4.70913e-05 8493 -8.96077e-08
90 18000 7.63863e-05 -9.40228e-05 8493 -1.79435e-07
91 18200 7.63863e-05 -0.000185194 8493 -3.56371e-07
92 18400 7.63863e-05 -0.000364004 8493 -7.04187e-07
93 18600 7.63863e-05 -0.000719172 8493 -1.39145e-06
94 18800 7.63863e-05 -0.00142794 8493 -2.75539e-06
95 19000 0.000155296 -0.00278902 8493 -5.74193e-06
96 19200 0.000234061 -0.00417926 8493.01 -1.11955e-05
97 19400 0.000312834 -0.00677265 8493.01 -2.24607e-05
98 19600 0.000391606 -0.0104381 8493.02 -4.02966e-05
99 19800 0.00117933 -0.0155638 8492.95 0.0267009
