NTS LL(mkm)  STRESS(GPa)   VEL(m / s)  DENS(kg/m3)  ENERGY(J) 
0 1351.79 30.3922 900 10943.5 -341116
1 1507.01 30.3918 899.834 10943.5 -341725
2 1662.22 30.3909 899.668 10943.4 -341827
3 1817.44 30.3896 899.499 10943.3 -341918
4 1972.66 30.3876 899.325 10943.1 -342026
5 2127.88 30.3845 899.143 10942.9 -342024
6 2283.1 30.38 898.947 10942.5 -341843
7 2438.33 30.3731 898.725 10941.9 -341744
8 2593.57 30.3627 898.462 10941 -341504
9 2748.82 30.3467 898.129 10939.6 -341202
10 2904.09 30.3222 897.684 10937.5 -340675
11 3059.39 30.2855 897.065 10934.4 -339949
12 3214.74 30.2314 896.186 10929.7 -338724
13 3370.15 30.153 894.927 10923 -337047
14 3525.65 30.0419 893.133 10913.6 -334659
15 3681.3 29.888 890.603 10900.5 -331349
16 3837.12 29.6791 887.092 10882.7 -326880
17 3993.21 29.4011 882.305 10859.3 -321076
18 4149.62 29.0383 875.897 10829 -313497
19 4306.48 28.5728 867.476 10790.5 -304028
20 4463.9 27.9856 856.602 10742.5 -292336
21 4622.02 27.2552 842.795 10683.7 -278201
22 4781.01 26.3586 825.533 10612.8 -261460
23 4941.06 25.2698 804.253 10528.7 -242035
24 5102.39 23.96 778.349 10430.2 -219954
25 5265.24 22.3953 747.146 10316.2 -195389
26 5429.9 20.5363 709.848 10185.6 -168700
27 5596.66 18.3317 665.515 10037.2 -140540
28 5765.89 15.7189 613.242 9869.59 -111727
29 5938 12.5813 552.604 9679.25 -83591.7
30 6113.49 8.79522 482.092 9463.91 -58462.2
31 6292.97 9.59062 394.812 9296.92 -41666.3
32 6475.67 7.66698 346.182 9175.32 -29380.2
33 6660.8 5.64466 295.612 9050.75 -19415
34 6848.48 3.64498 242.065 8924.83 -12261.4
35 7038.8 2.93379 188.289 8818.28 -7812.44
36 7231.42 2.37622 146.14 8737.48 -5032.97
37 7425.82 1.94342 113.304 8676.41 -3293.57
38 7621.6 1.53946 87.3604 8630.16 -2203.33
39 7818.42 2.2711 64.8339 8592.67 -1552.48
40 8016.1 2.0826 58.0593 8584.27 -1304.62
41 8213.97 1.90577 53.1476 8576.4 -1091.73
42 8412.03 1.72862 48.7964 8568.55 -897.59
43 8610.26 1.55099 44.4786 8560.69 -722.106
44 8808.68 1.37618 40.1147 8552.98 -568.085
45 9007.28 1.20747 35.7747 8545.56 -437.091
46 9206.05 1.04785 31.5495 8538.55 -328.97
47 9404.98 0.89948 27.5165 8532.06 -242.235
48 9604.07 0.763704 23.7365 8526.13 -174.535
49 9803.29 0.641495 20.2532 8520.8 -123.076
50 10002.6 0.533114 17.0948 8516.08 -84.9551
51 10202.1 0.43835 14.2747 8511.97 -57.4132
52 10401.6 0.356671 11.7935 8508.42 -37.9956
53 10601.3 0.28715 9.64123 8505.41 -24.6285
54 10801 0.228857 7.79976 8502.89 -15.6393
55 11000.8 0.180541 6.24499 8500.8 -9.73124
56 11200.6 0.141029 4.94921 8499.09 -5.93436
57 11400.4 0.109068 3.88267 8497.71 -3.54766
58 11600.3 0.0834791 3.01543 8496.6 -2.07943
59 11800.2 0.0633208 2.31878 8495.73 -1.19532
60 12000.2 0.0475707 1.76554 8495.05 -0.674036
61 12200.1 0.0353635 1.3313 8494.52 -0.372901
62 12400.1 0.0260698 0.994232 8494.12 -0.202454
63 12600.1 0.0190598 0.735328 8493.82 -0.107898
64 12800 0.0137825 0.53862 8493.59 -0.0564693
65 13000 0.00984409 0.391015 8493.42 -0.0290154
66 13200 0.00700839 0.28103 8493.3 -0.0146467
67 13400 0.00496036 0.200063 8493.21 -0.00726789
68 13600 0.00346371 0.141058 8493.15 -0.00354751
69 13800 0.00236091 0.0985212 8493.1 -0.00170355
70 14000 0.00165196 0.0681398 8493.07 -0.000805013
71 14200 0.00110056 0.046596 8493.05 -0.000374943
72 14400 0.000785469 0.0315015 8493.03 -0.000172279
73 14600 0.000549152 0.021038 8493.02 -7.80076e-05
74 14800 0.000312834 0.0137574 8493.01 -3.51421e-05
75 15000 0.000234061 0.00875002 8493.01 -1.59978e-05
76 15200 0.000155296 0.00551179 8493.01 -7.15789e-06
77 15400 7.63863e-05 0.00337699 8493 -3.07799e-06
78 15600 7.63863e-05 0.0016736 8493 -1.47846e-06
79 15800 7.63863e-05 0.000807884 8493 -7.05821e-07
80 16000 7.63863e-05 0.000386349 8493 -3.3624e-07
81 16200 7.63863e-05 0.000184278 8493 -1.59952e-07
82 16400 7.63863e-05 8.76406e-05 8493 -7.61061e-08
83 16600 7.63863e-05 4.13153e-05 8493 -3.65796e-08
84 16800 7.63863e-05 1.88017e-05 8493 -1.85925e-08
85 17000 7.63863e-05 7.14558e-06 8493 -1.17553e-08
86 17200 7.63863e-05 -3.84391e-07 8493 -1.21221e-08
87 17400 7.63863e-05 -8.0383e-06 8493 -1.98055e-08
88 17600 7.63863e-05 -1.98278e-05 8493 -3.87564e-08
89 17800 7.63863e-05 -4.14595e-05 8493 -7.83659e-08
90 18000 7.63863e-05 -8.29623e-05 8493 -1.57626e-07
91 18200 7.63863e-05 -0.000163392 8493 -3.1372e-07
92 18400 7.63863e-05 -0.000320216 8493 -6.19663e-07
93 18600 7.63863e-05 -0.000629753 8493 -1.22155e-06
94 18800 7.63863e-05 -0.00125463 8493 -2.4208e-06
95 19000 0.000155296 -0.00251913 8493 -5.04907e-06
96 19200 0.000155296 -0.00384008 8493.01 -9.82746e-06
97 19400 0.000234061 -0.00624648 8493.01 -1.96315e-05
98 19600 0.000391606 -0.00954828 8493.01 -3.38279e-05
99 19800 0.00110056 -0.0144218 8492.95 0.026643
