NTS LL(mkm)  STRESS(GPa)   VEL(m / s)  DENS(kg/m3)  ENERGY(J) 
0 1357.91 30.3931 900 10943.6 -341136
1 1513.12 30.3927 899.836 10943.6 -341745
2 1668.34 30.3919 899.67 10943.5 -341847
3 1823.55 30.3905 899.503 10943.4 -341939
4 1978.77 30.3885 899.33 10943.2 -342048
5 2133.99 30.3856 899.15 10943 -342048
6 2289.21 30.3812 898.957 10942.6 -341869
7 2444.44 30.3746 898.739 10942 -341776
8 2599.67 30.3645 898.481 10941.2 -341544
9 2754.92 30.3491 898.156 10939.8 -341256
10 2910.19 30.3256 897.725 10937.8 -340749
11 3065.49 30.2903 897.127 10934.8 -340054
12 3220.83 30.2383 896.279 10930.3 -338873
13 3376.23 30.1628 895.066 10923.9 -337259
14 3531.72 30.0558 893.336 10914.7 -334957
15 3687.35 29.9073 890.898 10902.1 -331761
16 3843.15 29.7055 887.51 10885 -327439
17 3999.2 29.4365 882.886 10862.3 -321817
18 4155.58 29.0849 876.688 10832.9 -314460
19 4312.38 28.6334 868.532 10795.5 -305253
20 4469.72 28.0629 857.987 10748.7 -293861
21 4627.75 27.3525 844.579 10691.4 -280060
22 4786.62 26.4795 827.796 10622.3 -263678
23 4946.53 25.4184 807.082 10540.1 -244627
24 5107.69 24.1408 781.837 10443.7 -222918
25 5270.33 22.6141 751.39 10331.9 -198705
26 5434.74 20.7998 714.969 10203.8 -172318
27 5601.2 18.6468 671.735 10058 -144349
28 5770.08 16.0917 620.898 9892.98 -115534
29 5941.78 13.0281 561.676 9705.67 -87188.8
30 6116.79 9.36356 491.541 9495.3 -61626.3
31 6295.68 9.85906 404.321 9314.14 -43597.8
32 6478.05 7.9401 353.549 9192.39 -30957.6
33 6662.83 5.93149 302.834 9068.21 -20643.7
34 6850.15 3.83837 249.949 8942.2 -13069.4
35 7040.1 3.02429 194.967 8831.63 -8322.18
36 7232.43 2.44777 151.416 8747.71 -5355.47
37 7426.61 2.00039 117.321 8684.38 -3501.78
38 7622.2 1.62573 90.5293 8636.51 -2337.85
39 7818.88 1.07336 70.1616 8595.76 -1599.2
40 8016.49 2.10675 56.3511 8585.34 -1335.14
41 8214.34 1.93439 53.6634 8577.67 -1124.84
42 8412.36 1.75735 49.5038 8569.82 -927.736
43 8610.57 1.57991 45.1779 8561.97 -749.38
44 8808.96 1.40496 40.8213 8554.25 -592.188
45 9007.53 1.23565 36.4852 8546.79 -457.739
46 9206.27 1.07481 32.2499 8539.73 -346.122
47 9405.17 0.924727 28.1928 8533.16 -256.073
48 9604.23 0.787085 24.3772 8527.15 -185.392
49 9803.43 0.662693 20.8496 8521.72 -131.368
50 10002.8 0.552046 17.6408 8516.91 -91.1243
51 10202.2 0.45509 14.7667 8512.69 -61.8884
52 10401.7 0.371217 12.2301 8509.05 -41.1626
53 10601.4 0.299657 10.0232 8505.95 -26.8163
54 10801 0.2394 8.12921 8503.34 -17.1154
55 11000.8 0.189355 6.52533 8501.18 -10.7045
56 11200.6 0.148271 5.18464 8499.4 -6.56168
57 11400.5 0.114972 4.07785 8497.96 -3.94317
58 11600.3 0.0882821 3.17537 8496.81 -2.32335
59 11800.3 0.0671007 2.44804 8495.89 -1.34262
60 12000.2 0.0504846 1.86904 8495.18 -0.761085
61 12200.1 0.0376475 1.41305 8494.62 -0.4233
62 12400.1 0.0278026 1.05803 8494.2 -0.231065
63 12600.1 0.0203988 0.784703 8493.88 -0.123806
64 12800.1 0.0148065 0.576426 8493.64 -0.0651309
65 13000 0.0106318 0.419502 8493.46 -0.033651
66 13200 0.00755978 0.302345 8493.33 -0.0170814
67 13400 0.00535422 0.215907 8493.23 -0.00852028
68 13600 0.0037788 0.15267 8493.16 -0.00417991
69 13800 0.00259723 0.106936 8493.11 -0.0020175
70 14000 0.00180951 0.0741831 8493.08 -0.000958273
71 14200 0.0012581 0.0509049 8493.05 -0.000448436
72 14400 0.000864242 0.0345404 8493.03 -0.000206946
73 14600 0.000549152 0.0230986 8493.02 -9.45675e-05
74 14800 0.000391606 0.0152101 8493.01 -4.29099e-05
75 15000 0.000234061 0.00987597 8493.01 -1.92133e-05
76 15200 0.000155296 0.00620641 8493.01 -8.55354e-06
77 15400 0.000155296 0.00383742 8493 -3.6263e-06
78 15600 7.63863e-05 0.00195142 8493 -1.76231e-06
79 15800 7.63863e-05 0.000958632 8493 -8.45895e-07
80 16000 7.63863e-05 0.000462239 8493 -4.0381e-07
81 16200 7.63863e-05 0.000221086 8493 -1.92325e-07
82 16400 7.63863e-05 0.000105252 8493 -9.16326e-08
83 16600 7.63863e-05 4.9654e-05 8493 -4.41291e-08
84 16800 7.63863e-05 2.26065e-05 8493 -2.25017e-08
85 17000 7.63863e-05 8.59764e-06 8493 -1.42755e-08
86 17200 7.63863e-05 -4.11593e-07 8493 -1.4667e-08
87 17400 7.63863e-05 -9.45253e-06 8493 -2.37e-08
88 17600 7.63863e-05 -2.32091e-05 8493 -4.588e-08
89 17800 7.63863e-05 -4.83029e-05 8493 -9.2027e-08
90 18000 7.63863e-05 -9.64109e-05 8493 -1.84137e-07
91 18200 7.63863e-05 -0.000189927 8493 -3.65597e-07
92 18400 7.63863e-05 -0.000373526 8493 -7.22512e-07
93 18600 7.63863e-05 -0.000738223 8493 -1.42794e-06
94 18800 7.63863e-05 -0.00146296 8493 -2.82519e-06
95 19000 0.000155296 -0.00284377 8493 -5.88905e-06
96 19200 0.000234061 -0.00429535 8493.01 -1.15996e-05
97 19400 0.000312834 -0.00688302 8493.01 -2.32272e-05
98 19600 0.000391606 -0.0105703 8493.02 -4.16499e-05
99 19800 0.00117933 -0.0158124 8492.95 0.0267136
