NTS LL(mkm)  STRESS(GPa)   VEL(m / s)  DENS(kg/m3)  ENERGY(J) 
0 1355.36 30.3927 900 10943.6 -341127
1 1510.58 30.3923 899.835 10943.6 -341736
2 1665.79 30.3915 899.669 10943.5 -341839
3 1821.01 30.3901 899.501 10943.4 -341931
4 1976.22 30.3882 899.328 10943.2 -342039
5 2131.44 30.3851 899.147 10942.9 -342038
6 2286.67 30.3807 898.952 10942.6 -341858
7 2441.89 30.374 898.733 10942 -341763
8 2597.13 30.3638 898.473 10941.1 -341527
9 2752.38 30.3481 898.145 10939.8 -341234
10 2907.65 30.3243 897.708 10937.7 -340718
11 3062.95 30.2884 897.101 10934.6 -340011
12 3218.29 30.2354 896.24 10930.1 -338812
13 3373.69 30.1588 895.009 10923.5 -337171
14 3529.19 30.0501 893.252 10914.2 -334834
15 3684.83 29.8993 890.776 10901.4 -331591
16 3840.64 29.6946 887.338 10884.1 -327208
17 3996.7 29.4219 882.646 10861.1 -321511
18 4153.1 29.0657 876.362 10831.3 -314062
19 4309.92 28.6084 868.096 10793.4 -304746
20 4467.29 28.031 857.415 10746.1 -293230
21 4625.36 27.3123 843.842 10688.2 -279291
22 4784.28 26.4295 826.861 10618.4 -262759
23 4944.25 25.357 805.913 10535.4 -243553
24 5105.48 24.066 780.395 10438.1 -221689
25 5268.21 22.5236 749.635 10325.4 -197329
26 5432.72 20.6908 712.848 10196.3 -170816
27 5599.31 18.5166 669.156 10049.4 -142767
28 5768.33 15.9375 617.737 9883.29 -113948
29 5940.2 12.8424 557.973 9694.66 -85677
30 6115.41 9.1271 487.675 9482.2 -60284.2
31 6294.54 9.74636 400.3 9306.87 -42776.4
32 6477.05 7.82589 350.403 9185.27 -30293
33 6661.98 5.81194 299.799 9060.96 -20126.2
34 6849.44 3.71802 246.689 8934.91 -12725.7
35 7039.55 2.98619 192.145 8826.01 -8105.9
36 7232.01 2.41764 149.204 8743.4 -5218.46
37 7426.28 1.97643 115.623 8681.03 -3413.52
38 7621.95 1.59092 89.0952 8633.94 -2282.7
39 7818.68 1.05236 68.1417 8594.2 -1576.88
40 8016.33 2.09865 56.83 8584.98 -1324.82
41 8214.18 1.92262 53.5406 8577.15 -1111.21
42 8412.22 1.74533 49.2179 8569.29 -915.106
43 8610.44 1.56787 44.8859 8561.44 -737.96
44 8808.84 1.39292 40.5269 8553.72 -582.087
45 9007.42 1.22391 36.1894 8546.28 -449.072
46 9206.18 1.0636 31.958 8539.24 -338.91
47 9405.09 0.914221 27.9106 8532.7 -250.245
48 9604.16 0.777278 24.1096 8526.72 -180.812
49 9803.37 0.653821 20.6003 8521.34 -127.864
50 10002.7 0.544112 17.4123 8516.56 -88.5134
51 10202.2 0.448017 14.5607 8512.39 -59.9913
52 10401.7 0.365084 12.0471 8508.79 -39.8179
53 10601.3 0.294387 9.86295 8505.72 -25.8859
54 10801 0.234994 7.99088 8503.15 -16.4867
55 11000.8 0.185656 6.4075 8501.02 -10.2893
56 11200.6 0.145201 5.08561 8499.27 -6.29364
57 11400.5 0.112453 3.99569 8497.85 -3.77391
58 11600.3 0.086235 3.10799 8496.72 -2.21879
59 11800.3 0.0655257 2.39351 8495.82 -1.27939
60 12000.2 0.0492245 1.82536 8495.12 -0.723653
61 12200.1 0.0367024 1.37851 8494.58 -0.401598
62 12400.1 0.0270937 1.03109 8494.17 -0.218718
63 12600.1 0.0198475 0.76378 8493.85 -0.116935
64 12800 0.0143339 0.560412 8493.62 -0.0613844
65 13000 0.0103167 0.407439 8493.44 -0.031642
66 13200 0.00732347 0.293302 8493.31 -0.0160247
67 13400 0.00519668 0.209184 8493.22 -0.00797569
68 13600 0.00362126 0.147736 8493.15 -0.00390447
69 13800 0.00251846 0.103363 8493.11 -0.00188038
70 14000 0.00173074 0.0715898 8493.07 -0.000891651
71 14200 0.00117933 0.0490795 8493.05 -0.000416362
72 14400 0.000785469 0.0332341 8493.03 -0.000191928
73 14600 0.000549152 0.0222083 8493.02 -8.7497e-05
74 14800 0.000391606 0.0146229 8493.01 -3.94618e-05
75 15000 0.000234061 0.00938291 8493.01 -1.78191e-05
76 15200 0.000155296 0.00590758 8493.01 -7.95425e-06
77 15400 7.63863e-05 0.00364359 8493 -3.39108e-06
78 15600 7.63863e-05 0.00183351 8493 -1.63932e-06
79 15800 7.63863e-05 0.000893777 8493 -7.84745e-07
80 16000 7.63863e-05 0.000429219 8493 -3.74199e-07
81 16200 7.63863e-05 0.000204972 8493 -1.7812e-07
82 16400 7.63863e-05 9.75269e-05 8493 -8.48174e-08
83 16600 7.63863e-05 4.59947e-05 8493 -4.08146e-08
84 16800 7.63863e-05 2.09361e-05 8493 -2.0785e-08
85 17000 7.63863e-05 7.95858e-06 8493 -1.31703e-08
86 17200 7.63863e-05 -4.03841e-07 8493 -1.3555e-08
87 17400 7.63863e-05 -8.84064e-06 8493 -2.20039e-08
88 17600 7.63863e-05 -2.17419e-05 8493 -4.27828e-08
89 17800 7.63863e-05 -4.53289e-05 8493 -8.60888e-08
90 18000 7.63863e-05 -9.05547e-05 8493 -1.72603e-07
91 18200 7.63863e-05 -0.000178336 8493 -3.42982e-07
92 18400 7.63863e-05 -0.0003502 8493 -6.77601e-07
93 18600 7.63863e-05 -0.000691276 8493 -1.33825e-06
94 18800 7.63863e-05 -0.00137561 8493 -2.65248e-06
95 19000 0.000155296 -0.00270949 8493 -5.531e-06
96 19200 0.000155296 -0.00405438 8493.01 -1.07263e-05
97 19400 0.000234061 -0.00660999 8493.01 -2.15142e-05
98 19600 0.000391606 -0.0101938 8493.01 -3.832e-05
99 19800 0.00117933 -0.0151805 8492.95 0.0266823
