NTS LL(mkm)  STRESS(GPa)   VEL(m / s)  DENS(kg/m3)  ENERGY(J) 
0 902.352 30.2967 900 10935.3 -339036
1 1057.68 30.2931 899.66 10935 -339576
2 1213.02 30.2844 899.291 10934.3 -339508
3 1368.36 30.2668 898.848 10932.8 -339244
4 1523.73 30.2338 898.252 10929.9 -338682
5 1679.14 30.1762 897.371 10925 -337499
6 1834.62 30.0808 896.001 10916.9 -335356
7 1990.21 29.9302 893.847 10904 -332172
8 2145.99 29.7028 890.509 10884.7 -327315
9 2302.04 29.3729 885.475 10857 -320417
10 2458.5 28.9112 878.121 10818.4 -310864
11 2615.51 28.2855 867.723 10766.9 -298283
12 2773.27 27.4617 853.472 10700.2 -282092
13 2932.01 26.4031 834.502 10616.3 -262227
14 3092.01 25.0717 809.909 10513.6 -238563
15 3253.57 23.4268 778.763 10390.9 -211322
16 3417.04 21.424 740.065 10247.4 -181066
17 3582.8 19.0114 692.67 10082.2 -148813
18 3751.28 16.1319 635.422 9895.51 -115897
19 3922.93 12.6718 568.061 9684.59 -84246.1
20 4098.32 8.46288 490.673 9445.7 -56700.1
21 4278.15 9.19089 396.748 9271.4 -38882.3
22 4461.36 6.96798 341.658 9131.89 -25589.2
23 4647.37 4.67629 282.839 8992.23 -15710.9
24 4836.26 3.22951 220.757 8862.1 -9538.14
25 5027.93 2.55661 167.647 8763.36 -5864.33
26 5221.76 2.04304 127.003 8690.36 -3660.29
27 5417.22 1.62878 95.4633 8636.73 -2340.99
28 5613.89 1.04578 70.498 8593.72 -1570.87
29 5811.55 2.00699 58.6775 8580.9 -1210.75
30 6009.5 1.74681 52.3931 8569.35 -916.277
31 6207.72 1.49902 45.8585 8558.4 -674.112
32 6406.19 1.2661 39.6367 8548.13 -480.434
33 6604.9 1.05216 33.7267 8538.74 -331.499
34 6803.83 0.860506 28.233 8530.35 -221.55
35 7002.95 0.692758 23.2553 8523.03 -143.498
36 7202.25 0.549218 18.8539 8516.78 -90.1228
37 7401.69 0.428761 15.0491 8511.55 -54.9098
38 7601.25 0.329857 11.8293 8507.26 -32.4716
39 7800.92 0.250021 9.15912 8503.8 -18.6465
40 8000.66 0.186758 6.98707 8501.06 -10.4023
41 8200.47 0.137566 5.25271 8498.94 -5.64022
42 8400.33 0.0998562 3.89237 8497.31 -2.97367
43 8600.23 0.0715104 2.84374 8496.09 -1.52509
44 8800.16 0.0505633 2.04871 8495.18 -0.761184
45 9000.11 0.035206 1.45573 8494.52 -0.369884
46 9200.07 0.0242583 1.02031 8494.04 -0.175091
47 9400.05 0.0164606 0.705627 8493.71 -0.0807683
48 9600.03 0.0110256 0.481519 8493.47 -0.036329
49 9800.02 0.00732347 0.32428 8493.31 -0.0159416
50 10000 0.00480282 0.215505 8493.21 -0.0068304
51 10200 0.00306986 0.141325 8493.13 -0.0028617
52 10400 0.00196705 0.0914456 8493.08 -0.00117361
53 10600 0.0012581 0.0583672 8493.05 -0.000471943
54 10800 0.000785469 0.0366807 8493.03 -0.000186774
55 11000 0.000470379 0.0226981 8493.02 -7.28797e-05
56 11200 0.000312834 0.0137002 8493.01 -2.8467e-05
57 11400 0.000155296 0.00821501 8493.01 -1.07302e-05
58 11600 0.000155296 0.00449995 8493 -4.30027e-06
59 11800 7.63863e-05 0.00237246 8493 -1.84518e-06
60 12000 7.63863e-05 0.00105741 8493 -8.31929e-07
61 12200 7.63863e-05 0.000478943 8493 -3.73218e-07
62 12400 7.63863e-05 0.000215732 8493 -1.66575e-07
63 12600 7.63863e-05 9.66066e-05 8493 -7.40241e-08
64 12800 7.63863e-05 4.30708e-05 8493 -3.27576e-08
65 13000 7.63863e-05 1.91229e-05 8493 -1.44341e-08
66 13200 7.63863e-05 8.45415e-06 8493 -6.33135e-09
67 13400 7.63863e-05 3.72126e-06 8493 -2.76572e-09
68 13600 7.63863e-05 1.63073e-06 8493 -1.20183e-09
69 13800 7.63863e-05 7.11399e-07 8493 -5.20099e-10
70 14000 7.63863e-05 3.08927e-07 8493 -2.24125e-10
71 14200 7.63863e-05 1.3353e-07 8493 -9.61088e-11
72 14400 7.63863e-05 5.74444e-08 8493 -4.0955e-11
73 14600 7.63863e-05 2.45944e-08 8493 -1.75524e-11
74 14800 7.63863e-05 1.04789e-08 8493 -7.41047e-12
75 15000 7.63863e-05 4.44278e-09 8493 -3.19765e-12
76 15200 7.63863e-05 1.87426e-09 8493 -7.80151e-13
77 15400 7.63863e-05 7.86711e-10 8493 0
78 15600 7.63863e-05 3.28535e-10 8493 0
79 15800 7.63863e-05 1.36492e-10 8493 0
80 16000 7.63863e-05 5.64107e-11 8493 0
81 16200 7.63863e-05 2.31913e-11 8493 0
82 16400 7.63863e-05 9.48357e-12 8493 0
83 16600 7.63863e-05 3.85726e-12 8493 0
84 16800 7.63863e-05 1.56036e-12 8493 0
85 17000 7.63863e-05 6.27748e-13 8493 0
86 17200 7.63863e-05 2.51155e-13 8493 0
87 17400 7.63863e-05 9.99251e-14 8493 0
88 17600 7.63863e-05 3.95333e-14 8493 0
89 17800 7.63863e-05 1.55522e-14 8493 0
90 18000 7.63863e-05 6.08328e-15 8493 0
91 18200 7.63863e-05 2.36587e-15 8493 0
92 18400 7.63863e-05 9.14832e-16 8493 0
93 18600 7.63863e-05 3.51724e-16 8493 0
94 18800 7.63863e-05 1.34538e-16 8493 0
95 19000 7.63863e-05 5.14425e-17 8493 0
96 19200 7.63863e-05 2.03043e-17 8493 0
97 19400 7.63863e-05 9.95082e-18 8493 5.34671e-07
98 19600 7.63863e-05 4.61234e-12 8493 7.3282e-06
99 19800 7.63863e-05 2.85058e-12 8493 0.026289
