NTS LL(mkm)  STRESS(GPa)   VEL(m / s)  DENS(kg/m3)  ENERGY(J) 
0 1808.75 30.4451 900 10948.1 -342271
1 1963.9 30.4449 899.903 10948.1 -342884
2 2119.05 30.4445 899.806 10948 -342997
3 2274.21 30.444 899.708 10948 -343107
4 2429.36 30.4432 899.609 10947.9 -343243
5 2584.51 30.4423 899.508 10947.9 -343287
6 2739.66 30.4412 899.405 10947.8 -343179
7 2894.82 30.4399 899.299 10947.6 -343201
8 3049.97 30.4383 899.19 10947.5 -343153
9 3205.13 30.4363 899.076 10947.3 -343158
10 3360.29 30.4338 898.957 10947.1 -343109
11 3515.46 30.4307 898.829 10946.9 -343113
12 3670.63 30.4266 898.688 10946.5 -342976
13 3825.8 30.4213 898.53 10946 -342876
14 3980.98 30.4138 898.343 10945.4 -342719
15 4136.17 30.4034 898.115 10944.5 -342483
16 4291.37 30.3889 897.826 10943.3 -342142
17 4446.59 30.3686 897.449 10941.5 -341748
18 4601.83 30.3402 896.944 10939.1 -341088
19 4757.11 30.301 896.262 10935.7 -340261
20 4912.43 30.2471 895.336 10931.1 -339114
21 5067.83 30.1744 894.081 10924.9 -337553
22 5223.31 30.0773 892.39 10916.6 -335464
23 5378.9 29.9495 890.135 10905.7 -332718
24 5534.66 29.7834 887.159 10891.6 -329165
25 5690.61 29.5705 883.279 10873.6 -324644
26 5846.83 29.3011 878.283 10850.9 -318976
27 6003.37 28.964 871.931 10822.8 -312051
28 6160.31 28.5473 863.952 10788.4 -303545
29 6317.76 28.0374 854.045 10746.7 -293410
30 6475.82 27.4193 841.879 10696.8 -281348
31 6634.61 26.6762 827.09 10637.7 -267347
32 6794.29 25.7893 809.275 10568.6 -251177
33 6955.01 24.7368 787.989 10488.3 -232906
34 7116.96 23.4939 762.726 10395.9 -212422
35 7280.36 22.0298 732.901 10290.1 -189950
36 7445.43 20.3077 697.815 10169.9 -165660
37 7612.45 18.2794 656.707 10033.8 -139935
38 7781.74 15.8818 608.823 9879.79 -113369
39 7953.66 13.0171 553.144 9705.02 -87053.4
40 8128.69 9.59149 486.812 9507.98 -62944
41 8307.34 10.0833 404.123 9328.53 -45253.9
42 8489.42 8.32436 356.559 9216.52 -33276.7
43 8673.72 6.47585 310.087 9101.56 -23149.3
44 8860.35 4.53126 261.455 8983.55 -15220.7
45 9049.43 3.28092 209.637 8869.79 -9858.11
46 9240.93 2.67717 164.431 8780.79 -6458.15
47 9434.38 2.20179 129.153 8712.71 -4287.68
48 9629.34 1.82564 101.671 8660.05 -2883.62
49 9825.48 1.37788 80.0425 8618.25 -1970.92
50 10022.6 2.21877 60.0319 8590.34 -1481.82
51 10220.3 2.09896 55.805 8584.99 -1325.5
52 10418.2 1.97658 52.8318 8579.55 -1174.9
53 10616.1 1.8464 49.9362 8573.77 -1024.73
54 10814.3 1.71043 46.832 8567.74 -878.894
55 11012.5 1.57139 43.5486 8561.59 -741.463
56 11210.9 1.43186 40.1607 8555.43 -615.314
57 11409.5 1.29403 36.733 8549.36 -502.281
58 11608.1 1.15986 33.3221 8543.47 -403.305
59 11807 1.03101 29.9794 8537.82 -318.536
60 12005.9 0.908968 26.75 8532.47 -247.475
61 12205 0.794852 23.6723 8527.49 -189.136
62 12404.2 0.689383 20.7769 8522.89 -142.203
63 12603.5 0.592967 18.0866 8518.69 -105.188
64 12802.9 0.50601 15.6163 8514.9 -76.5557
65 13002.4 0.428289 13.374 8511.53 -54.8257
66 13201.9 0.35958 11.3613 8508.55 -38.6382
67 13401.5 0.299499 9.57397 8505.94 -26.7997
68 13601.2 0.247503 8.00342 8503.69 -18.2959
69 13801 0.20289 6.63733 8501.76 -12.2957
70 14000.8 0.165115 5.46114 8500.13 -8.13519
71 14200.6 0.133236 4.45803 8498.75 -5.29977
72 14400.5 0.106706 3.61089 8497.61 -3.39994
73 14600.4 0.0848177 2.90198 8496.66 -2.14831
74 14800.3 0.0669432 2.31424 8495.89 -1.33725
75 15000.2 0.0524534 1.83122 8495.26 -0.820236
76 15200.2 0.0407978 1.43763 8494.76 -0.496022
77 15400.1 0.0315043 1.11958 8494.36 -0.295962
78 15600.1 0.0241795 0.864411 8494.04 -0.174497
79 15800.1 0.0185085 0.660996 8493.8 -0.101945
80 16000.1 0.0140976 0.49949 8493.61 -0.0593602
81 16200 0.0107893 0.371266 8493.46 -0.034808
82 16400 0.00842625 0.268777 8493.36 -0.0209731
83 16600 0.00669331 0.185306 8493.29 -0.0134545
84 16800 0.00574807 0.114475 8493.24 -0.00971511
85 17000 0.00535422 0.0503267 8493.23 -0.0084457
86 17200 0.00559053 -0.013712 8493.24 -0.00929996
87 17400 0.00661454 -0.0851723 8493.28 -0.0129801
88 17600 0.00858379 -0.173286 8493.37 -0.0218413
89 17800 0.0118133 -0.290717 8493.51 -0.0415299
90 18000 0.0168544 -0.454763 8493.73 -0.0846466
91 18200 0.0244945 -0.690564 8494.06 -0.17897
92 18399.9 0.0359936 -1.0344 8494.55 -0.385413
93 18599.9 0.0530047 -1.53945 8495.29 -0.837347
94 18799.8 0.0782823 -2.28429 8496.38 -1.82694
95 18999.8 0.11576 -3.38467 8498 -3.99394
96 19199.6 0.171254 -5.01152 8500.39 -8.73875
97 19399.5 0.253325 -7.4177 8503.94 -19.1269
98 19599.2 0.374755 -10.9768 8509.21 -41.8663
99 19798.8 1.18069 -16.2413 8442.23 416.823
