NTS LL(mkm)  STRESS(GPa)   VEL(m / s)  DENS(kg/m3)  ENERGY(J) 
0 1806.72 30.4449 900 10948.1 -342267
1 1961.87 30.4447 899.903 10948.1 -342881
2 2117.02 30.4443 899.806 10948 -342993
3 2272.17 30.4438 899.707 10948 -343103
4 2427.32 30.443 899.608 10947.9 -343239
5 2582.47 30.4421 899.507 10947.8 -343283
6 2737.63 30.441 899.403 10947.7 -343175
7 2892.78 30.4396 899.297 10947.6 -343196
8 3047.94 30.4381 899.188 10947.5 -343148
9 3203.1 30.436 899.074 10947.3 -343153
10 3358.26 30.4336 898.954 10947.1 -343104
11 3513.42 30.4304 898.826 10946.8 -343108
12 3668.59 30.4264 898.685 10946.5 -342969
13 3823.76 30.4209 898.525 10946 -342868
14 3978.94 30.4134 898.338 10945.4 -342710
15 4134.13 30.4029 898.108 10944.5 -342471
16 4289.34 30.3882 897.817 10943.2 -342127
17 4444.55 30.3676 897.435 10941.4 -341727
18 4599.8 30.339 896.925 10939 -341060
19 4755.08 30.2992 896.236 10935.6 -340223
20 4910.41 30.2448 895.299 10930.9 -339063
21 5065.8 30.1712 894.03 10924.6 -337485
22 5221.29 30.0731 892.321 10916.2 -335373
23 5376.89 29.9439 890.041 10905.2 -332598
24 5532.65 29.7761 887.034 10891 -329010
25 5688.61 29.5612 883.114 10872.8 -324446
26 5844.84 29.2891 878.068 10849.9 -318727
27 6001.39 28.949 871.655 10821.6 -311742
28 6158.36 28.5286 863.601 10786.8 -303167
29 6315.83 28.0143 853.605 10744.8 -292954
30 6473.91 27.391 841.334 10694.5 -280806
31 6632.74 26.6419 826.42 10635 -266712
32 6792.46 25.7481 808.461 10565.4 -250443
33 6953.23 24.6875 787.008 10484.6 -232071
34 7115.24 23.4351 761.553 10391.6 -211486
35 7278.7 21.9599 731.508 10285.2 -188917
36 7443.85 20.2247 696.16 10164.3 -164546
37 7610.96 18.1812 654.721 10027.3 -138768
38 7780.36 15.7659 606.444 9872.53 -112192
39 7952.41 12.8766 550.435 9696.69 -85909
40 8127.59 9.41235 483.978 9498.01 -61897.3
41 8306.43 9.99751 401.027 9323.05 -44622.4
42 8488.62 8.24072 354.13 9211.27 -32765.4
43 8673.02 6.38823 307.868 9096.19 -22732.9
44 8859.76 4.43824 259.206 8977.97 -14911.3
45 9048.96 3.24941 207.27 8865.07 -9662.7
46 9240.56 2.65218 162.574 8777.19 -6333.71
47 9434.09 2.18237 127.693 8709.95 -4207.96
48 9629.11 1.81026 100.544 8657.91 -2831.7
49 9825.3 1.35113 79.273 8616.28 -1934.8
50 10022.4 2.20974 59.4697 8589.93 -1469.76
51 10220.2 2.09249 55.524 8584.71 -1317.37
52 10418 1.97019 52.6673 8579.26 -1167.31
53 10616 1.83953 49.7866 8573.46 -1017.1
54 10814.2 1.70309 46.6695 8567.42 -871.415
55 11012.4 1.56389 43.3741 8561.26 -734.381
56 11210.8 1.42428 39.9787 8555.1 -608.791
57 11409.4 1.28644 36.5473 8549.03 -496.42
58 11608.1 1.15242 33.1359 8543.14 -398.16
59 11806.9 1.02388 29.7955 8537.5 -314.121
60 12005.8 0.902146 26.5712 8532.18 -243.768
61 12204.9 0.788419 23.5008 8527.21 -186.089
62 12404.1 0.683417 20.6146 8522.63 -139.749
63 12603.4 0.587548 17.9349 8518.45 -103.251
64 12802.8 0.500981 15.4762 8514.69 -75.057
65 13002.3 0.423809 13.2462 8511.34 -53.6878
66 13201.9 0.355649 11.246 8508.38 -37.7905
67 13401.5 0.296038 9.4711 8505.79 -26.1796
68 13601.2 0.244513 7.91259 8503.56 -17.8506
69 13801 0.200293 6.55795 8501.65 -11.9816
70 14000.8 0.162832 5.39247 8500.03 -7.91746
71 14200.6 0.131347 4.39925 8498.67 -5.15145
72 14400.5 0.105131 3.56103 8497.54 -3.30061
73 14600.4 0.0835579 2.86014 8496.6 -2.08288
74 14800.3 0.0658407 2.27941 8495.84 -1.29485
75 15000.2 0.0515871 1.8025 8495.22 -0.793203
76 15200.2 0.040089 1.41421 8494.73 -0.479038
77 15400.1 0.030953 1.10062 8494.33 -0.285448
78 15600.1 0.0237069 0.849248 8494.02 -0.168066
79 15800.1 0.0181146 0.649002 8493.78 -0.0980487
80 16000.1 0.0138613 0.490174 8493.59 -0.0570022
81 16200 0.010553 0.364175 8493.45 -0.0333663
82 16400 0.00818994 0.263578 8493.35 -0.0200623
83 16600 0.00653577 0.181755 8493.28 -0.0128367
84 16800 0.00559053 0.112447 8493.24 -0.00923938
85 17000 0.00519668 0.0497808 8493.22 -0.00800447
86 17200 0.00543299 -0.0126273 8493.23 -0.00878611
87 17400 0.00637823 -0.0820824 8493.27 -0.0122304
88 17600 0.00826871 -0.167665 8493.36 -0.0205485
89 17800 0.0114195 -0.281532 8493.49 -0.0390323
90 18000 0.0163818 -0.440638 8493.7 -0.0795289
91 18200 0.0237857 -0.669201 8494.02 -0.168122
92 18399.9 0.034891 -1.00246 8494.5 -0.362028
93 18599.9 0.0514296 -1.49193 8495.22 -0.7865
94 18799.8 0.07592 -2.21386 8496.27 -1.71603
95 18999.8 0.112217 -3.28033 8497.84 -3.75151
96 19199.6 0.16598 -4.85706 8500.17 -8.20843
97 19399.5 0.245536 -7.18918 8503.61 -17.9665
98 19599.2 0.363197 -10.6388 8508.71 -39.3274
99 19798.9 1.14444 -15.7414 8443.79 391.549
