NTS LL(mkm)  STRESS(GPa)   VEL(m / s)  DENS(kg/m3)  ENERGY(J) 
0 1896.88 30.4525 900 10948.7 -342434
1 2052.02 30.4523 899.911 10948.7 -343048
2 2207.16 30.4521 899.821 10948.7 -343163
3 2362.3 30.4516 899.731 10948.7 -343274
4 2517.44 30.451 899.64 10948.6 -343413
5 2672.59 30.4502 899.547 10948.5 -343460
6 2827.73 30.4493 899.453 10948.5 -343357
7 2982.87 30.4482 899.356 10948.4 -343383
8 3138.02 30.4468 899.257 10948.2 -343342
9 3293.17 30.4453 899.156 10948.1 -343355
10 3448.32 30.4434 899.05 10947.9 -343318
11 3603.47 30.4411 898.939 10947.7 -343339
12 3758.63 30.4381 898.82 10947.5 -343226
13 3913.78 30.4344 898.691 10947.2 -343164
14 4068.95 30.4295 898.546 10946.8 -343062
15 4224.12 30.4229 898.378 10946.2 -342907
16 4379.29 30.4139 898.174 10945.4 -342687
17 4534.48 30.4014 897.92 10944.3 -342463
18 4689.69 30.3842 897.591 10942.9 -342045
19 4844.91 30.3602 897.158 10940.8 -341552
20 5000.17 30.3274 896.577 10938 -340858
21 5155.46 30.2826 895.795 10934.1 -339899
22 5310.81 30.2222 894.742 10929 -338594
23 5466.23 30.1417 893.329 10922.1 -336852
24 5621.75 30.0356 891.449 10913 -334559
25 5777.4 29.8976 888.973 10901.3 -331589
26 5933.22 29.7205 885.745 10886.2 -327796
27 6089.25 29.4956 881.585 10867.3 -323096
28 6245.55 29.2135 876.287 10843.6 -317184
29 6402.2 28.8638 869.618 10814.5 -310016
30 6559.26 28.4345 861.313 10779.1 -301286
31 6716.85 27.9126 851.083 10736.5 -290957
32 6875.05 27.2837 838.604 10685.9 -278749
33 7034.01 26.5314 823.523 10626.4 -264660
34 7193.86 25.6375 805.447 10556.9 -248465
35 7354.76 24.5802 783.945 10476.5 -230238
36 7516.89 23.3345 758.523 10384.2 -209930
37 7680.47 21.87 728.6 10278.8 -187632
38 7845.72 20.1509 693.48 10159.2 -163524
39 8012.92 18.127 652.405 10023.7 -138083
40 8182.38 15.7314 604.617 9870.37 -111857
41 8354.47 12.8698 549.128 9696.29 -85867
42 8529.65 9.44064 483.218 9499.58 -62072
43 8708.46 10.0301 400.931 9325.1 -44860.2
44 8890.61 8.29714 354.529 9214.8 -33109.6
45 9074.94 6.46993 308.879 9101.18 -23118.4
46 9261.58 4.54225 260.848 8984.2 -15257.4
47 9450.64 3.28958 209.543 8871.14 -9913.84
48 9642.12 2.68883 164.629 8782.48 -6515.31
49 9835.53 2.21279 129.554 8714.27 -4334.01
50 10030.4 1.83669 102.142 8661.57 -2922.29
51 10226.6 1.40403 80.4292 8620.18 -2006.87
52 10423.6 2.23014 60.4228 8590.84 -1497.12
53 10621.3 2.11431 56.069 8585.68 -1345.14
54 10819.2 1.99888 53.1356 8580.54 -1201.68
55 11017.1 1.87605 50.3926 8575.08 -1058.1
56 11215.2 1.74697 47.4728 8569.36 -917.072
57 11413.4 1.61413 44.3674 8563.48 -782.493
58 11611.8 1.47979 41.1399 8557.55 -657.333
59 11810.3 1.34606 37.8509 8551.65 -543.625
60 12008.9 1.2149 34.554 8545.88 -442.591
61 12207.7 1.08789 31.2978 8540.31 -354.714
62 12406.6 0.96651 28.1264 8534.99 -279.855
63 12605.6 0.851958 25.0782 8529.98 -217.359
64 12804.7 0.745185 22.1854 8525.32 -166.198
65 13003.9 0.646677 19.4727 8521.02 -125.111
66 13203.3 0.556838 16.9585 8517.11 -92.7282
67 13402.7 0.475758 14.6541 8513.59 -67.6724
68 13602.2 0.403371 12.5648 8510.45 -48.6321
69 13801.8 0.339372 10.6902 8507.67 -34.4181
70 14001.5 0.283375 9.02554 8505.25 -23.991
71 14201.2 0.234836 7.56178 8503.14 -16.4724
72 14401 0.193211 6.28708 8501.34 -11.1424
73 14600.8 0.157716 5.18749 8499.81 -7.42655
74 14800.6 0.127883 4.24743 8498.52 -4.87872
75 15000.5 0.102927 3.45082 8497.44 -3.16036
76 15200.4 0.082298 2.78136 8496.55 -2.02022
77 15400.3 0.0653682 2.22292 8495.82 -1.27596
78 15600.2 0.0517446 1.76004 8495.23 -0.79825
79 15800.2 0.0407978 1.37793 8494.76 -0.496898
80 16000.1 0.0322919 1.06278 8494.39 -0.310358
81 16200.1 0.0257547 0.801293 8494.11 -0.19755
82 16400.1 0.0210289 0.580825 8493.9 -0.131648
83 16600 0.0179571 0.388251 8493.77 -0.0959428
84 16800 0.0164606 0.210359 8493.71 -0.0809618
85 17000 0.0167756 0.0317354 8493.72 -0.0835198
86 17200 0.0189811 -0.166118 8493.82 -0.107621
87 17400 0.0237857 -0.406928 8494.03 -0.168774
88 17600 0.0319769 -0.723213 8494.38 -0.305131
89 17799.9 0.0449718 -1.16053 8494.94 -0.602758
90 17999.9 0.064817 -1.78343 8495.79 -1.25096
91 18199.8 0.094581 -2.68508 8497.08 -2.66257
92 18399.7 0.138668 -3.99626 8498.98 -5.72632
93 18599.6 0.203205 -5.89041 8501.78 -12.3037
94 18799.4 0.295802 -8.57057 8505.78 -26.0854
95 18999.1 0.424124 -12.2104 8511.35 -53.6581
96 19198.6 0.592496 -16.8403 8518.67 -104.793
97 19398 0.79752 -22.2435 8527.6 -190.067
98 19597.2 1.02811 -28.0589 8537.69 -316.181
99 19796.2 1.842 -34.2116 8330.17 2943.65
