NTS LL(mkm)  STRESS(GPa)   VEL(m / s)  DENS(kg/m3)  ENERGY(J) 
0 810.094 30.2647 900 10932.6 -338341
1 965.465 30.2571 899.572 10931.9 -338794
2 1120.84 30.2387 899.072 10930.4 -338515
3 1276.25 30.2013 898.402 10927.2 -337825
4 1431.69 30.1323 897.39 10921.3 -336486
5 1587.22 30.0142 895.766 10911.2 -334006
6 1742.9 29.824 893.138 10895 -329854
7 1898.81 29.5335 888.975 10870.5 -323752
8 2055.06 29.11 882.601 10835 -314903
9 2211.83 28.5166 873.209 10785.8 -302839
10 2369.32 27.7143 859.881 10720.5 -286958
11 2527.76 26.662 841.619 10636.6 -267033
12 2687.46 25.318 817.386 10532.4 -242806
13 2848.73 23.6371 786.143 10406.4 -214686
14 3011.96 21.5722 746.806 10257.8 -183230
15 3177.55 19.0729 698.146 10086.4 -149558
16 3345.95 16.0801 638.822 9892.25 -115355
17 3517.66 12.4865 568.369 9673.68 -82800.3
18 3693.25 8.12208 488.139 9427.14 -54932.1
19 3873.44 8.94178 393.587 9255.58 -37206.4
20 4056.96 6.62266 336.937 9110.58 -23847.7
21 4243.4 4.24767 275.453 8966.58 -14294.2
22 4432.84 3.07234 211.118 8838.75 -8600.58
23 4625.01 2.42104 159.272 8743.89 -5234.08
24 4819.28 1.92591 119.992 8673.98 -3231.33
25 5015.1 1.42602 90.219 8621.8 -2037.55
26 5212.11 2.16815 64.9573 8588.08 -1413.68
27 5409.9 1.88322 56.6121 8575.4 -1065.35
28 5607.98 1.60944 49.506 8563.27 -777.252
29 5806.34 1.35013 42.6767 8551.83 -546.408
30 6004.96 1.11209 36.1045 8541.37 -370.387
31 6203.83 0.900029 29.981 8532.08 -242.362
32 6402.91 0.715834 24.4539 8524.04 -153.209
33 6602.18 0.559823 19.6 8517.24 -93.6242
34 6801.61 0.43049 15.4424 8511.63 -55.3389
35 7001.18 0.325689 11.9634 8507.08 -31.6566
36 7200.85 0.242468 9.11597 8503.47 -17.5362
37 7400.6 0.177707 6.83413 8500.67 -9.41185
38 7600.42 0.128198 5.04211 8498.53 -4.89687
39 7800.29 0.0910379 3.6619 8496.93 -2.4711
40 8000.2 0.0637146 2.6186 8495.75 -1.21009
41 8200.13 0.043948 1.84424 8494.89 -0.575329
42 8400.09 0.0298504 1.27942 8494.29 -0.265734
43 8600.06 0.020005 0.874614 8493.86 -0.119289
44 8800.04 0.0132311 0.589136 8493.57 -0.0520809
45 9000.02 0.00866256 0.391125 8493.37 -0.0221339
46 9200.01 0.00551176 0.256025 8493.24 -0.00915765
47 9400.01 0.00354249 0.165134 8493.15 -0.0036959
48 9600.01 0.00220337 0.104963 8493.09 -0.00145706
49 9800 0.00133688 0.0657741 8493.06 -0.000561698
50 10000 0.000864242 0.0405265 8493.03 -0.000212803
51 10200 0.000549152 0.0245625 8493.02 -7.94298e-05
52 10400 0.000312834 0.0145138 8493.01 -2.97757e-05
53 10600 0.000155296 0.00850587 8493.01 -1.07804e-05
54 10800 0.000155296 0.0045938 8493 -4.11309e-06
55 11000 7.63863e-05 0.00231708 8493 -1.75785e-06
56 11200 7.63863e-05 0.00102172 8493 -7.78581e-07
57 11400 7.63863e-05 0.000455191 8493 -3.42456e-07
58 11600 7.63863e-05 0.00020106 8493 -1.49777e-07
59 11800 7.63863e-05 8.82527e-05 8493 -6.51878e-08
60 12000 7.63863e-05 3.85494e-05 8493 -2.82353e-08
61 12200 7.63863e-05 1.67582e-05 8493 -1.21689e-08
62 12400 7.63863e-05 7.24919e-06 8493 -5.21775e-09
63 12600 7.63863e-05 3.12006e-06 8493 -2.22611e-09
64 12800 7.63863e-05 1.33603e-06 8493 -9.44711e-10
65 13000 7.63863e-05 5.69141e-07 8493 -3.98869e-10
66 13200 7.63863e-05 2.41179e-07 8493 -1.67488e-10
67 13400 7.63863e-05 1.01657e-07 8493 -6.99747e-11
68 13600 7.63863e-05 4.26173e-08 8493 -2.90967e-11
69 13800 7.63863e-05 1.77683e-08 8493 -1.20143e-11
70 14000 7.63863e-05 7.36694e-09 8493 -4.6809e-12
71 14200 7.63863e-05 3.03723e-09 8493 -2.4175e-12
72 14400 7.63863e-05 1.24505e-09 8493 0
73 14600 7.63863e-05 5.07442e-10 8493 0
74 14800 7.63863e-05 2.05611e-10 8493 0
75 15000 7.63863e-05 8.28201e-11 8493 0
76 15200 7.63863e-05 3.31612e-11 8493 0
77 15400 7.63863e-05 1.31978e-11 8493 0
78 15600 7.63863e-05 5.22067e-12 8493 0
79 15800 7.63863e-05 2.05248e-12 8493 0
80 16000 7.63863e-05 8.01933e-13 8493 0
81 16200 7.63863e-05 3.11373e-13 8493 0
82 16400 7.63863e-05 1.2014e-13 8493 0
83 16600 7.63863e-05 4.60618e-14 8493 0
84 16800 7.63863e-05 1.75477e-14 8493 0
85 17000 7.63863e-05 6.64217e-15 8493 0
86 17200 7.63863e-05 2.49801e-15 8493 0
87 17400 7.63863e-05 9.33389e-16 8493 0
88 17600 7.63863e-05 3.46481e-16 8493 0
89 17800 7.63863e-05 1.27781e-16 8493 0
90 18000 7.63863e-05 4.68152e-17 8493 0
91 18200 7.63863e-05 1.70511e-17 8493 0
92 18400 7.63863e-05 6.17215e-18 8493 0
93 18600 7.63863e-05 2.20781e-18 8493 0
94 18800 7.63863e-05 7.90928e-19 8493 0
95 19000 7.63863e-05 2.81435e-19 8493 0
96 19200 7.63863e-05 1.26159e-19 8493 0
97 19400 7.63863e-05 3.88178e-20 8493 5.34671e-07
98 19600 7.63863e-05 2.97551e-11 8493 7.3282e-06
99 19800 7.63863e-05 1.83896e-11 8493 0.0262889
