NTS LL(mkm)  STRESS(GPa)   VEL(m / s)  DENS(kg/m3)  ENERGY(J) 
0 992.56 30.3221 900 10937.5 -339588
1 1147.86 30.3202 899.719 10937.4 -340165
2 1303.16 30.3157 899.424 10937 -340187
3 1458.47 30.3067 899.096 10936.2 -340114
4 1613.79 30.2903 898.696 10934.8 -339909
5 1769.13 30.2615 898.162 10932.3 -339347
6 1924.5 30.213 897.389 10928.2 -338213
7 2079.94 30.1347 896.219 10921.5 -336570
8 2235.47 30.0132 894.426 10911.1 -333941
9 2391.14 29.8316 891.702 10895.7 -330102
10 2547.04 29.5694 887.648 10873.5 -324548
11 2703.25 29.2031 881.776 10842.7 -316958
12 2859.91 28.7063 873.505 10801.5 -306705
13 3017.17 28.0499 862.176 10747.7 -293577
14 3175.21 27.2033 847.064 10679.5 -277175
15 3334.26 26.1334 827.394 10595.3 -257308
16 3494.58 24.8052 802.36 10493.5 -233968
17 3656.45 23.1792 771.119 10372.9 -207439
18 3820.21 21.2144 732.727 10232.7 -178089
19 3986.2 18.8586 686.115 10072.1 -146901
20 4154.85 16.0481 630.219 9890.23 -115076
21 4326.59 12.6764 564.7 9684.86 -84315.7
22 4501.98 8.58245 489.173 9452.24 -57339.2
23 4681.68 9.31504 396.824 9279.29 -39732.3
24 4864.74 7.16948 343.359 9144.36 -26644.1
25 5050.49 4.94683 286.643 9008.51 -16674.5
26 5239.05 3.33755 226.634 8878.34 -10213.8
27 5430.37 2.65397 173.054 8777.46 -6339.62
28 5623.88 2.12818 131.794 8702.31 -3991.93
29 5819.07 1.72736 100.172 8646.47 -2563.4
30 6015.52 1.14607 77.0743 8601.14 -1680.83
31 6213.01 2.07558 57.9409 8583.95 -1295.41
32 6410.89 1.84616 53.5536 8573.76 -1023.96
33 6609.01 1.61342 48.0677 8563.45 -781.377
34 6807.36 1.38908 42.2983 8553.55 -578.683
35 7005.95 1.1785 36.6615 8544.28 -416.15
36 7204.74 0.985243 31.3118 8535.81 -290.614
37 7403.74 0.811719 26.3506 8528.22 -197.14
38 7602.92 0.659238 21.8528 8521.57 -129.953
39 7802.25 0.52793 17.8625 8515.86 -83.2791
40 8001.71 0.416892 14.394 8511.03 -51.9023
41 8201.28 0.324666 11.4369 8507.04 -31.4714
42 8400.95 0.24947 8.9623 8503.78 -18.5733
43 8600.7 0.189119 6.92767 8501.17 -10.6728
44 8800.51 0.141501 5.28326 8499.11 -5.97368
45 9000.37 0.104501 3.97595 8497.51 -3.258
46 9200.26 0.076235 2.95318 8496.29 -1.73206
47 9400.18 0.0548947 2.16524 8495.37 -0.897945
48 9600.13 0.0390651 1.56749 8494.68 -0.454092
49 9800.09 0.0274088 1.12044 8494.18 -0.224096
50 10000.1 0.0190598 0.790967 8493.82 -0.107968
51 10200 0.0130736 0.551504 8493.56 -0.0508094
52 10400 0.00882009 0.379872 8493.38 -0.0233641
53 10600 0.00590561 0.258488 8493.25 -0.0105033
54 10800 0.00393634 0.173721 8493.17 -0.00462057
55 11000 0.00259723 0.115336 8493.11 -0.00199047
56 11200 0.00165196 0.0755914 8493.07 -0.000841077
57 11400 0.00110056 0.0488871 8493.05 -0.000349358
58 11600 0.000706697 0.0311542 8493.03 -0.000143099
59 11800 0.000470379 0.0195693 8493.02 -5.77601e-05
60 12000 0.000312834 0.0120074 8493.01 -2.31644e-05
61 12200 0.000155296 0.00716813 8493.01 -9.32986e-06
62 12400 0.000155296 0.00415993 8493 -3.62314e-06
63 12600 7.63863e-05 0.00202852 8493 -1.68388e-06
64 12800 7.63863e-05 0.000953308 8493 -7.71691e-07
65 13000 7.63863e-05 0.000439151 8493 -3.51265e-07
66 13200 7.63863e-05 0.000200528 8493 -1.59244e-07
67 13400 7.63863e-05 9.11677e-05 8493 -7.19352e-08
68 13600 7.63863e-05 4.13037e-05 8493 -3.23749e-08
69 13800 7.63863e-05 1.86454e-05 8493 -1.45169e-08
70 14000 7.63863e-05 8.38549e-06 8493 -6.48324e-09
71 14200 7.63863e-05 3.75686e-06 8493 -2.88453e-09
72 14400 7.63863e-05 1.67663e-06 8493 -1.27867e-09
73 14600 7.63863e-05 7.4531e-07 8493 -5.64486e-10
74 14800 7.63863e-05 3.29982e-07 8493 -2.47918e-10
75 15000 7.63863e-05 1.45501e-07 8493 -1.08279e-10
76 15200 7.63863e-05 6.38902e-08 8493 -4.75083e-11
77 15400 7.63863e-05 2.7936e-08 8493 -2.0517e-11
78 15600 7.63863e-05 1.21627e-08 8493 -1.0063e-11
79 15800 7.63863e-05 5.27237e-09 8493 -4.21281e-12
80 16000 7.63863e-05 2.27543e-09 8493 0
81 16200 7.63863e-05 9.77645e-10 8493 0
82 16400 7.63863e-05 4.1815e-10 8493 0
83 16600 7.63863e-05 1.7803e-10 8493 0
84 16800 7.63863e-05 7.54471e-11 8493 0
85 17000 7.63863e-05 3.18241e-11 8493 0
86 17200 7.63863e-05 1.33602e-11 8493 0
87 17400 7.63863e-05 5.58202e-12 8493 0
88 17600 7.63863e-05 2.32097e-12 8493 0
89 17800 7.63863e-05 9.60348e-13 8493 0
90 18000 7.63863e-05 3.9541e-13 8493 0
91 18200 7.63863e-05 1.61998e-13 8493 0
92 18400 7.63863e-05 6.60399e-14 8493 0
93 18600 7.63863e-05 2.67904e-14 8493 0
94 18800 7.63863e-05 1.08244e-14 8493 0
95 19000 7.63863e-05 4.38091e-15 8493 0
96 19200 7.63863e-05 1.83998e-15 8493 0
97 19400 7.63863e-05 9.60688e-16 8493 5.34671e-07
98 19600 7.63863e-05 7.45184e-13 8493 7.3282e-06
99 19800 7.63863e-05 4.60549e-13 8493 0.0262891
