NTS LL(mkm)  STRESS(GPa)   VEL(m / s)  DENS(kg/m3)  ENERGY(J) 
0 1891.78 30.4521 900 10948.7 -342425
1 2046.92 30.452 899.91 10948.7 -343039
2 2202.07 30.4516 899.82 10948.7 -343153
3 2357.21 30.4512 899.73 10948.6 -343264
4 2512.35 30.4506 899.638 10948.6 -343404
5 2667.49 30.4498 899.545 10948.5 -343451
6 2822.64 30.4489 899.45 10948.4 -343347
7 2977.78 30.4478 899.353 10948.3 -343373
8 3132.93 30.4464 899.254 10948.2 -343331
9 3288.08 30.4448 899.151 10948.1 -343344
10 3443.23 30.4428 899.045 10947.9 -343306
11 3598.38 30.4405 898.933 10947.7 -343327
12 3753.54 30.4375 898.814 10947.4 -343213
13 3908.7 30.4337 898.683 10947.1 -343149
14 4063.86 30.4287 898.536 10946.7 -343045
15 4219.03 30.4219 898.365 10946.1 -342887
16 4374.21 30.4127 898.158 10945.3 -342660
17 4529.4 30.3998 897.898 10944.2 -342430
18 4684.61 30.3821 897.562 10942.7 -342001
19 4839.83 30.3575 897.117 10940.6 -341492
20 4995.09 30.3237 896.521 10937.7 -340778
21 5150.39 30.2777 895.717 10933.7 -339791
22 5305.74 30.2156 894.635 10928.4 -338450
23 5461.17 30.1329 893.184 10921.3 -336661
24 5616.7 30.024 891.253 10912 -334308
25 5772.37 29.8824 888.711 10900 -331264
26 5928.2 29.7008 885.399 10884.6 -327379
27 6084.26 29.4705 881.134 10865.2 -322570
28 6240.59 29.1819 875.708 10841 -316527
29 6397.28 28.8242 868.881 10811.2 -309208
30 6554.39 28.3856 860.388 10775.1 -300307
31 6712.03 27.8529 849.933 10731.7 -289785
32 6870.31 27.2111 837.19 10680.1 -277366
33 7029.35 26.4439 821.799 10619.5 -263049
34 7189.31 25.5327 803.364 10548.8 -246614
35 7350.33 24.4553 781.446 10467.1 -228142
36 7512.61 23.186 755.546 10373.4 -207590
37 7676.35 21.6937 725.078 10266.3 -185061
38 7841.81 19.9419 689.315 10145 -160755
39 8009.24 17.8802 647.422 10007.6 -135187
40 8178.97 15.4407 598.601 9852.25 -108954
41 8351.38 12.52 542.184 9675.64 -83077
42 8526.93 8.99376 476.032 9474.84 -59543.6
43 8706.21 9.82495 393.394 9311.93 -43355.4
44 8888.62 8.09294 348.749 9201.97 -31870.4
45 9073.21 6.25348 303.494 9087.92 -22100.4
46 9260.12 4.31115 255.3 8970.38 -14500.3
47 9449.47 3.21204 203.706 8859.54 -9434.66
48 9641.2 2.62731 160.06 8773.6 -6209.35
49 9834.8 2.16455 125.96 8707.44 -4137.35
50 10029.9 1.79821 99.3715 8656.25 -2793.6
51 10226.1 1.33772 78.5374 8615.29 -1916.8
52 10423.3 2.20802 59.029 8589.86 -1467.49
53 10621 2.09904 55.3718 8585 -1325.65
54 10818.9 1.98383 52.7385 8579.87 -1183.67
55 11016.8 1.8599 50.0406 8574.36 -1039.85
56 11214.9 1.72979 47.0912 8568.6 -899.005
57 11413.2 1.59624 43.9548 8562.69 -765.185
58 11611.6 1.46157 40.7068 8556.74 -641.197
59 11810.1 1.32783 37.4064 8550.85 -528.939
60 12008.7 1.19682 34.1053 8545.09 -429.522
61 12207.5 1.07034 30.8517 8539.54 -343.337
62 12406.4 0.949657 27.6894 8534.25 -270.156
63 12605.4 0.835957 24.6559 8529.28 -209.259
64 12804.6 0.730118 21.7824 8524.66 -159.566
65 13003.8 0.63278 19.0929 8520.42 -119.785
66 13203.2 0.544112 16.6048 8516.56 -88.5322
67 13402.6 0.464207 14.3283 8513.09 -64.4274
68 13602.2 0.392995 12.2682 8510 -46.1676
69 13801.8 0.330171 10.423 8507.28 -32.5798
70 14001.4 0.275351 8.78729 8504.9 -22.6434
71 14201.2 0.227834 7.35144 8502.84 -15.5016
72 14400.9 0.187151 6.10339 8501.08 -10.4546
73 14600.7 0.152521 5.02845 8499.59 -6.94736
74 14800.6 0.123475 4.11123 8498.33 -4.55009
75 15000.5 0.0992263 3.33525 8497.28 -2.93845
76 15200.4 0.0792271 2.68431 8496.42 -1.87247
77 15400.3 0.0628483 2.14228 8495.71 -1.17881
78 15600.2 0.0496183 1.6939 8495.14 -0.734949
79 15800.2 0.0390651 1.32456 8494.68 -0.455781
80 16000.1 0.0307955 1.02058 8494.33 -0.283469
81 16200.1 0.0245733 0.769159 8494.06 -0.179507
82 16400.1 0.0199262 0.557848 8493.86 -0.118848
83 16600 0.0170119 0.374255 8493.73 -0.0858875
84 16800 0.0155154 0.205508 8493.67 -0.0717427
85 17000 0.0156729 0.03719 8493.67 -0.0732169
86 17200 0.0177208 -0.148027 8493.76 -0.0934479
87 17400 0.0221316 -0.372359 8493.95 -0.145538
88 17600 0.0296928 -0.666119 8494.28 -0.262056
89 17799.9 0.0416641 -1.07139 8494.79 -0.516544
90 17999.9 0.0599347 -1.6484 8495.59 -1.07115
91 18199.8 0.0874948 -2.4842 8496.77 -2.28053
92 18399.7 0.128434 -3.70314 8498.54 -4.91377
93 18599.6 0.188647 -5.47554 8501.15 -10.6068
94 18799.4 0.275902 -8.01295 8504.92 -22.6929
95 18999.1 0.398576 -11.5198 8510.24 -47.3849
96 19198.7 0.562493 -16.0713 8517.36 -94.4412
97 19398.2 0.76543 -21.459 8526.2 -175.026
98 19597.4 0.994569 -27.2255 8536.22 -295.828
99 19796.4 1.78017 -33.1708 8338.11 2737.1
