NTS LL(mkm)  STRESS(GPa)   VEL(m / s)  DENS(kg/m3)  ENERGY(J) 
0 993.07 30.3222 900 10937.5 -339591
1 1148.37 30.3203 899.719 10937.4 -340168
2 1303.67 30.3159 899.425 10937 -340190
3 1458.98 30.3069 899.097 10936.2 -340118
4 1614.3 30.2906 898.698 10934.8 -339915
5 1769.64 30.2618 898.165 10932.4 -339355
6 1925.01 30.2136 897.395 10928.2 -338224
7 2080.44 30.1356 896.229 10921.5 -336588
8 2235.97 30.0145 894.442 10911.2 -333968
9 2391.65 29.8335 891.727 10895.8 -330142
10 2547.54 29.5722 887.687 10873.7 -324606
11 2703.75 29.207 881.834 10843.1 -317038
12 2860.41 28.7116 873.589 10801.9 -306813
13 3017.66 28.0571 862.293 10748.3 -293718
14 3175.69 27.2127 847.224 10680.3 -277353
15 3334.73 26.1454 827.607 10596.2 -257526
16 3495.03 24.8203 802.637 10494.6 -234226
17 3656.89 23.1982 771.469 10374.2 -207735
18 3820.62 21.2377 733.161 10234.3 -178419
19 3986.59 18.887 686.651 10074 -147252
20 4155.21 16.082 630.898 9892.37 -115427
21 4326.91 12.7164 565.555 9687.22 -84634.8
22 4502.26 8.63271 490.087 9454.99 -57603.7
23 4681.91 9.3391 397.623 9280.82 -39898.6
24 4864.93 7.19437 343.987 9145.94 -26779.7
25 5050.65 4.97351 287.295 9010.13 -16773.4
26 5239.17 3.34706 227.343 8879.75 -10273.6
27 5430.46 2.66123 173.612 8778.52 -6376.19
28 5623.96 2.13392 132.227 8703.11 -4014.4
29 5819.13 1.73156 100.534 8647.05 -2576.72
30 6015.57 1.15252 77.3744 8601.61 -1688.18
31 6213.04 2.078 58.0265 8584.06 -1298.46
32 6410.92 1.84921 53.6006 8573.89 -1027.33
33 6609.03 1.61663 48.1377 8563.59 -784.478
34 6807.38 1.39221 42.3766 8553.69 -581.293
35 7005.97 1.18148 36.7394 8544.41 -418.252
36 7204.76 0.987986 31.3867 8535.93 -292.244
37 7403.76 0.814229 26.4209 8528.33 -198.357
38 7602.93 0.661515 21.9172 8521.67 -130.831
39 7802.26 0.529815 17.9203 8515.94 -83.8901
40 8001.72 0.418543 14.4447 8511.11 -52.3138
41 8201.29 0.326082 11.4806 8507.1 -31.7396
42 8400.96 0.25065 8.99917 8503.83 -18.7427
43 8600.7 0.190063 6.95825 8501.21 -10.7766
44 8800.51 0.142289 5.30817 8499.14 -6.03546
45 9000.37 0.105131 3.99591 8497.53 -3.2937
46 9200.26 0.0767074 2.9689 8496.31 -1.75213
47 9400.18 0.0552097 2.17746 8495.38 -0.90891
48 9600.13 0.0393014 1.57681 8494.69 -0.459929
49 9800.09 0.027645 1.12748 8494.19 -0.227115
50 10000.1 0.0191386 0.796164 8493.83 -0.109494
51 10200 0.0131524 0.555319 8493.57 -0.0515597
52 10400 0.00889886 0.382638 8493.38 -0.0237222
53 10600 0.00598438 0.260442 8493.26 -0.0106708
54 10800 0.00393634 0.175085 8493.17 -0.00469746
55 11000 0.00259723 0.116283 8493.11 -0.002025
56 11200 0.00173074 0.0762563 8493.07 -0.00085585
57 11400 0.00110056 0.0493116 8493.05 -0.000355888
58 11600 0.000706697 0.0314504 8493.03 -0.000145841
59 11800 0.000470379 0.019756 8493.02 -5.89506e-05
60 12000 0.000312834 0.012133 8493.01 -2.36704e-05
61 12200 0.000155296 0.00726976 8493.01 -9.48761e-06
62 12400 0.000155296 0.00418345 8493 -3.73268e-06
63 12600 7.63863e-05 0.00208316 8493 -1.71176e-06
64 12800 7.63863e-05 0.000968357 8493 -7.84881e-07
65 13000 7.63863e-05 0.000446541 8493 -3.57392e-07
66 13200 7.63863e-05 0.000203995 8493 -1.62052e-07
67 13400 7.63863e-05 9.27635e-05 8493 -7.32159e-08
68 13600 7.63863e-05 4.20335e-05 8493 -3.29569e-08
69 13800 7.63863e-05 1.8978e-05 8493 -1.47805e-08
70 14000 7.63863e-05 8.53653e-06 8493 -6.60221e-09
71 14200 7.63863e-05 3.82522e-06 8493 -2.93796e-09
72 14400 7.63863e-05 1.70745e-06 8493 -1.30255e-09
73 14600 7.63863e-05 7.59151e-07 8493 -5.75173e-10
74 14800 7.63863e-05 3.36174e-07 8493 -2.52676e-10
75 15000 7.63863e-05 1.4826e-07 8493 -1.10385e-10
76 15200 7.63863e-05 6.51148e-08 8493 -4.84445e-11
77 15400 7.63863e-05 2.84773e-08 8493 -2.09061e-11
78 15600 7.63863e-05 1.2401e-08 8493 -1.0219e-11
79 15800 7.63863e-05 5.3768e-09 8493 -4.36884e-12
80 16000 7.63863e-05 2.32101e-09 8493 0
81 16200 7.63863e-05 9.97448e-10 8493 0
82 16400 7.63863e-05 4.26716e-10 8493 0
83 16600 7.63863e-05 1.81719e-10 8493 0
84 16800 7.63863e-05 7.70286e-11 8493 0
85 17000 7.63863e-05 3.2499e-11 8493 0
86 17200 7.63863e-05 1.36468e-11 8493 0
87 17400 7.63863e-05 5.70318e-12 8493 0
88 17600 7.63863e-05 2.37195e-12 8493 0
89 17800 7.63863e-05 9.8169e-13 8493 0
90 18000 7.63863e-05 4.04303e-13 8493 0
91 18200 7.63863e-05 1.65685e-13 8493 0
92 18400 7.63863e-05 6.7561e-14 8493 0
93 18600 7.63863e-05 2.74149e-14 8493 0
94 18800 7.63863e-05 1.10798e-14 8493 0
95 19000 7.63863e-05 4.48559e-15 8493 0
96 19200 7.63863e-05 1.88455e-15 8493 0
97 19400 7.63863e-05 9.84274e-16 8493 5.34671e-07
98 19600 7.63863e-05 7.37549e-13 8493 7.3282e-06
99 19800 7.63863e-05 4.5583e-13 8493 0.0262891
