NTS LL(mkm)  STRESS(GPa)   VEL(m / s)  DENS(kg/m3)  ENERGY(J) 
0 1894.33 30.4523 900 10948.7 -342429
1 2049.47 30.4521 899.911 10948.7 -343044
2 2204.61 30.4518 899.821 10948.7 -343158
3 2359.75 30.4514 899.73 10948.6 -343269
4 2514.9 30.4508 899.639 10948.6 -343409
5 2670.04 30.4501 899.546 10948.5 -343455
6 2825.18 30.4491 899.451 10948.4 -343352
7 2980.33 30.448 899.355 10948.3 -343378
8 3135.48 30.4466 899.256 10948.2 -343337
9 3290.62 30.445 899.153 10948.1 -343350
10 3445.77 30.4431 899.047 10947.9 -343312
11 3600.93 30.4407 898.936 10947.7 -343333
12 3756.08 30.4379 898.817 10947.5 -343220
13 3911.24 30.4341 898.687 10947.1 -343156
14 4066.41 30.4291 898.541 10946.7 -343053
15 4221.58 30.4224 898.371 10946.1 -342897
16 4376.75 30.4133 898.166 10945.4 -342674
17 4531.94 30.4006 897.909 10944.3 -342447
18 4687.15 30.3831 897.576 10942.8 -342023
19 4842.37 30.3589 897.137 10940.7 -341522
20 4997.63 30.3256 896.549 10937.8 -340818
21 5152.92 30.2801 895.756 10933.9 -339846
22 5308.28 30.2189 894.689 10928.7 -338523
23 5463.7 30.1373 893.257 10921.7 -336757
24 5619.23 30.0298 891.352 10912.5 -334435
25 5774.88 29.8901 888.842 10900.6 -331428
26 5930.71 29.7107 885.573 10885.4 -327589
27 6086.75 29.4831 881.361 10866.2 -322835
28 6243.07 29.1978 875.999 10842.3 -316857
29 6399.74 28.8441 869.252 10812.9 -309614
30 6556.83 28.4102 860.853 10777.1 -300798
31 6714.44 27.8829 850.511 10734.1 -290374
32 6872.68 27.2476 837.901 10683 -278060
33 7031.68 26.4879 822.666 10622.9 -263858
34 7191.58 25.5853 804.411 10552.9 -247543
35 7352.54 24.5181 782.702 10471.8 -229193
36 7514.75 23.2606 757.042 10378.8 -208763
37 7678.41 21.7823 726.848 10272.6 -186350
38 7843.76 20.047 691.405 10152.1 -162143
39 8011.08 18.0044 649.922 10015.7 -136638
40 8180.67 15.5867 601.631 9861.34 -110405
41 8352.92 12.6951 545.704 9685.96 -84463.6
42 8528.28 9.21755 479.662 9487.21 -60793.8
43 8707.33 9.92648 397.131 9318.45 -44096.6
44 8889.61 8.19411 351.593 9208.37 -32484.8
45 9074.07 6.36153 306.173 9094.55 -22605.5
46 9260.84 4.42706 258.076 8977.29 -14874.4
47 9450.05 3.25086 206.613 8865.29 -9671.1
48 9641.66 2.65777 162.328 8778.01 -6360.36
49 9835.16 2.18857 127.747 8710.83 -4234.38
50 10030.2 1.81724 100.754 8658.88 -2856.95
51 10226.3 1.37067 79.4823 8617.72 -1961.01
52 10423.4 2.21862 59.7141 8590.33 -1481.62
53 10621.2 2.10644 55.7042 8585.33 -1335.12
54 10819 1.99132 52.9284 8580.2 -1192.62
55 11017 1.86801 50.2147 8574.72 -1048.97
56 11215.1 1.73838 47.2824 8568.98 -908.038
57 11413.3 1.60522 44.1617 8563.08 -773.829
58 11611.7 1.47072 40.9238 8557.14 -649.247
59 11810.2 1.33699 37.6289 8551.25 -536.26
60 12008.8 1.20582 34.3299 8545.49 -436.031
61 12207.6 1.07911 31.0747 8539.92 -348.998
62 12406.5 0.958044 27.9078 8534.62 -274.979
63 12605.5 0.843958 24.8669 8529.63 -213.283
64 12804.6 0.737652 21.9836 8524.99 -162.858
65 13003.9 0.639689 19.2825 8520.72 -122.426
66 13203.2 0.550397 16.7812 8516.84 -90.6117
67 13402.7 0.469943 14.4907 8513.34 -66.0343
68 13602.2 0.398183 12.416 8510.22 -47.387
69 13801.8 0.334811 10.5561 8507.47 -33.4886
70 14001.5 0.279363 8.90591 8505.07 -23.3091
71 14201.2 0.231296 7.45612 8502.99 -15.9807
72 14400.9 0.190142 6.19479 8501.21 -10.7938
73 14600.7 0.155119 5.10754 8499.7 -7.18347
74 14800.6 0.125679 4.17893 8498.42 -4.71188
75 15000.5 0.101037 3.39264 8497.36 -3.04762
76 15200.4 0.0807232 2.73252 8496.48 -1.94509
77 15400.3 0.0641083 2.18232 8495.76 -1.22652
78 15600.2 0.0506421 1.72672 8495.18 -0.766005
79 15800.2 0.0399315 1.35104 8494.72 -0.475931
80 16000.1 0.0315043 1.04151 8494.36 -0.29663
81 16200.1 0.0251246 0.785091 8494.08 -0.188328
82 16400.1 0.0204776 0.569276 8493.88 -0.125091
83 16600 0.0174845 0.381235 8493.75 -0.0907779
84 16800 0.015988 0.20797 8493.69 -0.0762134
85 17000 0.0162243 0.0345804 8493.7 -0.078198
86 17200 0.0183509 -0.156839 8493.79 -0.100281
87 17400 0.0229193 -0.389296 8493.99 -0.156729
88 17600 0.0307955 -0.694074 8494.33 -0.282775
89 17799.9 0.043318 -1.11508 8494.87 -0.557993
90 17999.9 0.0623759 -1.71459 8495.69 -1.15757
91 18199.8 0.0909592 -2.58288 8496.92 -2.46437
92 18399.7 0.133472 -3.8474 8498.76 -5.30554
93 18599.6 0.195808 -5.68047 8501.46 -11.4279
94 18799.4 0.285735 -8.28984 8505.35 -24.3439
95 18999.1 0.411311 -11.8646 8510.79 -50.4593
96 19198.7 0.577495 -16.4561 8518.01 -99.5461
97 19398.1 0.781436 -21.8492 8526.9 -182.453
98 19597.3 1.01118 -27.6363 8536.95 -305.833
99 19796.3 1.81092 -33.6864 8334.17 2838.69
