NTS LL(mkm)  STRESS(GPa)   VEL(m / s)  DENS(kg/m3)  ENERGY(J) 
0 1804.68 30.4447 900 10948.1 -342263
1 1959.83 30.4445 899.903 10948 -342877
2 2114.98 30.4442 899.805 10948 -342989
3 2270.13 30.4436 899.707 10948 -343099
4 2425.28 30.4428 899.607 10947.9 -343235
5 2580.44 30.4419 899.506 10947.8 -343279
6 2735.59 30.4408 899.402 10947.7 -343171
7 2890.75 30.4394 899.296 10947.6 -343192
8 3045.9 30.4378 899.186 10947.5 -343144
9 3201.06 30.4358 899.072 10947.3 -343148
10 3356.22 30.4333 898.952 10947.1 -343098
11 3511.39 30.4302 898.823 10946.8 -343102
12 3666.56 30.4261 898.682 10946.5 -342963
13 3821.73 30.4205 898.521 10946 -342861
14 3976.91 30.4129 898.332 10945.3 -342700
15 4132.1 30.4024 898.101 10944.4 -342459
16 4287.3 30.3875 897.807 10943.1 -342111
17 4442.52 30.3667 897.421 10941.4 -341706
18 4597.77 30.3376 896.906 10938.9 -341032
19 4753.05 30.2975 896.209 10935.4 -340185
20 4908.38 30.2425 895.262 10930.7 -339012
21 5063.78 30.168 893.979 10924.3 -337416
22 5219.27 30.0688 892.251 10915.8 -335281
23 5374.87 29.9383 889.946 10904.7 -332478
24 5530.64 29.7688 886.907 10890.3 -328854
25 5686.62 29.5517 882.947 10872 -324246
26 5842.85 29.277 877.851 10848.9 -318475
27 5999.42 28.9338 871.376 10820.3 -311430
28 6156.4 28.5096 863.247 10785.3 -302785
29 6313.9 27.9909 853.161 10742.9 -292494
30 6472.01 27.3625 840.783 10692.2 -280260
31 6630.87 26.6073 825.745 10632.3 -266072
32 6790.63 25.7065 807.64 10562.2 -249705
33 6951.45 24.6377 786.018 10480.8 -231231
34 7113.52 23.3758 760.37 10387.2 -210546
35 7277.04 21.8894 730.103 10280.2 -187881
36 7442.28 20.141 694.494 10158.5 -163427
37 7609.48 18.0822 652.724 10020.8 -137597
38 7778.99 15.6492 604.036 9865.24 -111016
39 7951.17 12.7358 547.668 9688.36 -84775.1
40 8126.5 9.23255 481.103 9488.03 -60867.6
41 8305.52 9.9141 397.962 9317.66 -44005.2
42 8487.82 8.15757 351.755 9206.05 -32261.4
43 8672.33 6.30125 305.668 9090.83 -22321.9
44 8859.18 4.34482 256.957 8972.39 -14607.8
45 9048.49 3.21829 204.919 8860.42 -9471.38
46 9240.2 2.6277 160.74 8773.63 -6211.79
47 9433.8 2.163 126.246 8707.22 -4129.89
48 9628.88 1.79497 99.4188 8655.8 -2781.08
49 9825.12 1.32474 78.5033 8614.34 -1899.77
50 10022.3 2.2014 58.9243 8589.56 -1458.59
51 10220.1 2.08634 55.2647 8584.43 -1309.56
52 10417.9 1.96387 52.5134 8578.98 -1159.77
53 10615.9 1.83259 49.6389 8573.15 -1009.45
54 10814 1.69582 46.5063 8567.09 -863.941
55 11012.3 1.55639 43.1987 8560.93 -727.317
56 11210.7 1.41669 39.7962 8554.76 -602.295
57 11409.3 1.27893 36.3613 8548.7 -490.591
58 11608 1.14506 32.9496 8542.82 -393.051
59 11806.8 1.01675 29.6118 8537.19 -309.743
60 12005.8 0.895403 26.3926 8531.88 -240.098
61 12204.9 0.782064 23.3297 8526.93 -183.076
62 12404.1 0.677451 20.4528 8522.37 -137.327
63 12603.4 0.58205 17.7837 8518.21 -101.342
64 12802.8 0.49611 15.3368 8514.47 -73.5811
65 13002.3 0.419407 13.1191 8511.14 -52.5688
66 13201.9 0.351717 11.1313 8508.21 -36.958
67 13401.5 0.292578 9.36889 8505.64 -25.5715
68 13601.2 0.241445 7.82241 8503.43 -17.4145
69 13801 0.197696 6.47922 8501.54 -11.6743
70 14000.8 0.160628 5.32441 8499.94 -7.70479
71 14200.6 0.129536 4.34107 8498.59 -5.00673
72 14400.5 0.103635 3.51168 8497.47 -3.20382
73 14600.4 0.082298 2.81876 8496.55 -2.01919
74 14800.3 0.064817 2.24493 8495.8 -1.25367
75 15000.2 0.0507208 1.77417 8495.19 -0.766968
76 15200.2 0.0393802 1.39106 8494.7 -0.462589
77 15400.1 0.0304017 1.08192 8494.31 -0.27528
78 15600.1 0.0233131 0.834339 8494 -0.161851
79 15800.1 0.0177996 0.637187 8493.77 -0.0942877
80 16000 0.0135462 0.481019 8493.58 -0.054727
81 16200 0.0103955 0.357193 8493.45 -0.0319775
82 16400 0.0080324 0.25843 8493.34 -0.0191886
83 16600 0.00637823 0.178245 8493.27 -0.0122466
84 16800 0.00543299 0.110421 8493.23 -0.00878776
85 17000 0.00503914 0.0492486 8493.22 -0.00758579
86 17200 0.00527545 -0.0115812 8493.23 -0.00829923
87 17400 0.00622069 -0.0791013 8493.27 -0.0115221
88 17600 0.0080324 -0.162227 8493.35 -0.0193298
89 17800 0.0111044 -0.272688 8493.48 -0.0366891
90 18000 0.0158304 -0.426926 8493.68 -0.0747209
91 18200 0.022998 -0.648509 8493.99 -0.157934
92 18399.9 0.0337884 -0.971526 8494.46 -0.340072
93 18599.9 0.0497758 -1.44591 8495.15 -0.738785
94 18799.8 0.0735577 -2.14556 8496.17 -1.61187
95 18999.8 0.108753 -3.17918 8497.69 -3.5238
96 19199.7 0.160865 -4.70735 8499.94 -7.71027
97 19399.5 0.237983 -6.96766 8503.28 -16.8764
98 19599.3 0.352032 -10.3111 8508.22 -36.9423
99 19798.9 1.10927 -15.2569 8445.3 367.805
