NTS LL(mkm)  STRESS(GPa)   VEL(m / s)  DENS(kg/m3)  ENERGY(J) 
0 855.46 30.2814 900 10934 -338703
1 1010.81 30.2762 899.62 10933.6 -339208
2 1166.17 30.2635 899.194 10932.5 -339055
3 1321.54 30.2378 898.656 10930.3 -338616
4 1476.94 30.1899 897.887 10926.2 -337732
5 1632.4 30.107 896.698 10919.1 -336004
6 1787.96 29.9714 894.802 10907.5 -333004
7 1943.69 29.7606 891.799 10889.6 -328555
8 2099.67 29.4478 887.163 10863.2 -321937
9 2256.04 29.0017 880.242 10825.9 -312717
10 2412.94 28.3881 870.268 10775.3 -300261
11 2570.58 27.5703 856.379 10708.9 -284236
12 2729.19 26.51 837.643 10624.7 -264173
13 2889.06 25.1667 813.103 10520.9 -240197
14 3050.52 23.4977 781.776 10396.1 -212462
15 3213.9 21.4573 742.627 10249.7 -181566
16 3379.63 18.9957 694.456 10081.2 -148570
17 3548.12 16.0476 635.982 9890.21 -115068
18 3719.86 12.5239 566.748 9675.87 -83049.8
19 3895.41 8.2181 487.939 9432.36 -55435.1
20 4075.49 9.03328 393.992 9261.36 -37814.1
21 4258.9 6.76018 338.412 9119.06 -24532.8
22 4445.17 4.4269 278.237 8977.29 -14869.3
23 4634.38 3.13844 214.962 8848.53 -8989.42
24 4826.35 2.47978 162.727 8752.3 -5501.51
25 5020.42 1.97648 123.001 8681.03 -3413.88
26 5216.09 1.51735 92.4821 8628.53 -2168.41
27 5412.95 2.22313 66.8498 8590.53 -1486.65
28 5610.68 1.94141 57.9876 8577.99 -1132.57
29 5808.7 1.67552 50.8311 8566.19 -842.672
30 6006.99 1.42224 44.1936 8555.01 -606.565
31 6205.54 1.18656 37.8145 8544.64 -421.775
32 6404.33 0.973172 31.7947 8535.28 -283.489
33 6603.34 0.785045 26.276 8527.06 -184.32
34 6802.54 0.622965 21.353 8519.99 -116
35 7001.9 0.486524 17.0687 8514.06 -70.703
36 7201.41 0.373969 13.4246 8509.17 -41.7583
37 7401.03 0.28306 10.3918 8505.23 -23.9109
38 7600.74 0.210995 7.91905 8502.11 -13.2806
39 7800.53 0.154961 5.9424 8499.69 -7.15857
40 8000.37 0.112138 4.39199 8497.84 -3.74651
41 8200.26 0.0799358 3.19796 8496.45 -1.90473
42 8400.18 0.0562334 2.29457 8495.42 -0.941113
43 8600.12 0.0389864 1.62268 8494.68 -0.452128
44 8800.08 0.0266211 1.13124 8494.15 -0.211304
45 9000.05 0.0179571 0.777601 8493.77 -0.0961152
46 9200.03 0.0119708 0.527076 8493.51 -0.0425774
47 9400.02 0.00787486 0.352386 8493.34 -0.0183789
48 9600.01 0.00511791 0.232344 8493.22 -0.00773779
49 9800.01 0.00330617 0.151118 8493.14 -0.00317924
50 10000 0.00204582 0.0968913 8493.09 -0.00127797
51 10200 0.00133688 0.0612582 8493.05 -0.000503131
52 10400 0.000785469 0.0381023 8493.03 -0.000194917
53 10600 0.000470379 0.023332 8493.02 -7.44584e-05
54 10800 0.000312834 0.013935 8493.01 -2.8469e-05
55 11000 0.000155296 0.00824733 8493.01 -1.05673e-05
56 11200 0.000155296 0.0045034 8493 -4.09799e-06
57 11400 7.63863e-05 0.00229559 8493 -1.77071e-06
58 11600 7.63863e-05 0.00102159 8493 -7.91783e-07
59 11800 7.63863e-05 0.00045945 8493 -3.51677e-07
60 12000 7.63863e-05 0.000204889 8493 -1.55373e-07
61 12200 7.63863e-05 9.08251e-05 8493 -6.83391e-08
62 12400 7.63863e-05 4.00836e-05 8493 -2.99249e-08
63 12600 7.63863e-05 1.76131e-05 8493 -1.30442e-08
64 12800 7.63863e-05 7.7043e-06 8493 -5.65836e-09
65 13000 7.63863e-05 3.35424e-06 8493 -2.44369e-09
66 13200 7.63863e-05 1.45338e-06 8493 -1.04963e-09
67 13400 7.63863e-05 6.26697e-07 8493 -4.4903e-10
68 13600 7.63863e-05 2.68904e-07 8493 -1.9058e-10
69 13800 7.63863e-05 1.14807e-07 8493 -8.07408e-11
70 14000 7.63863e-05 4.87685e-08 8493 -3.40126e-11
71 14200 7.63863e-05 2.06103e-08 8493 -1.42758e-11
72 14400 7.63863e-05 8.66501e-09 8493 -5.92915e-12
73 14600 7.63863e-05 3.62383e-09 8493 -3.1206e-12
74 14800 7.63863e-05 1.50747e-09 8493 0
75 15000 7.63863e-05 6.23715e-10 8493 0
76 15200 7.63863e-05 2.56655e-10 8493 0
77 15400 7.63863e-05 1.0503e-10 8493 0
78 15600 7.63863e-05 4.27418e-11 8493 0
79 15800 7.63863e-05 1.72957e-11 8493 0
80 16000 7.63863e-05 6.95904e-12 8493 0
81 16200 7.63863e-05 2.78393e-12 8493 0
82 16400 7.63863e-05 1.10725e-12 8493 0
83 16600 7.63863e-05 4.37812e-13 8493 0
84 16800 7.63863e-05 1.72093e-13 8493 0
85 17000 7.63863e-05 6.72443e-14 8493 0
86 17200 7.63863e-05 2.61181e-14 8493 0
87 17400 7.63863e-05 1.00834e-14 8493 0
88 17600 7.63863e-05 3.86932e-15 8493 0
89 17800 7.63863e-05 1.47573e-15 8493 0
90 18000 7.63863e-05 5.59382e-16 8493 0
91 18200 7.63863e-05 2.10737e-16 8493 0
92 18400 7.63863e-05 7.89032e-17 8493 0
93 18600 7.63863e-05 2.93546e-17 8493 0
94 18800 7.63863e-05 1.08588e-17 8493 0
95 19000 7.63863e-05 4.0126e-18 8493 0
96 19200 7.63863e-05 1.53323e-18 8493 0
97 19400 7.63863e-05 7.3265e-19 8493 5.34671e-07
98 19600 7.63863e-05 1.1897e-11 8493 7.3282e-06
99 19800 7.63863e-05 7.35276e-12 8493 0.026289
