NTS LL(mkm)  STRESS(GPa)   VEL(m / s)  DENS(kg/m3)  ENERGY(J) 
0 1351.29 30.3921 900 10943.5 -341114
1 1506.5 30.3917 899.834 10943.5 -341723
2 1661.72 30.3908 899.668 10943.4 -341825
3 1816.93 30.3895 899.498 10943.3 -341917
4 1972.15 30.3874 899.324 10943.1 -342025
5 2127.37 30.3844 899.142 10942.9 -342022
6 2282.59 30.3799 898.946 10942.5 -341840
7 2437.82 30.3731 898.724 10941.9 -341741
8 2593.06 30.3626 898.46 10941 -341501
9 2748.31 30.3464 898.126 10939.6 -341198
10 2903.58 30.322 897.68 10937.5 -340669
11 3058.88 30.2851 897.06 10934.3 -339940
12 3214.23 30.2308 896.178 10929.7 -338711
13 3369.64 30.1521 894.915 10923 -337029
14 3525.15 30.0407 893.115 10913.4 -334633
15 3680.79 29.8864 890.578 10900.3 -331314
16 3836.62 29.6768 887.057 10882.6 -326833
17 3992.71 29.3981 882.256 10859.1 -321013
18 4149.13 29.0343 875.83 10828.7 -313415
19 4305.99 28.5677 867.386 10790 -303924
20 4463.41 27.979 856.485 10741.9 -292207
21 4621.54 27.247 842.644 10683 -278044
22 4780.54 26.3483 825.341 10612 -261272
23 4940.61 25.2573 804.013 10527.8 -241817
24 5101.95 23.9447 778.053 10429.1 -219705
25 5264.82 22.3768 746.787 10314.9 -195110
26 5429.5 20.514 709.416 10184.1 -168397
27 5596.29 18.305 664.993 10035.4 -140221
28 5765.55 15.6874 612.595 9867.62 -111409
29 5937.68 12.5438 551.818 9677.05 -83296.8
30 6113.21 8.74785 481.274 9461.31 -58207.7
31 6292.74 9.5689 394.045 9295.53 -41511.5
32 6475.48 7.64432 345.598 9173.9 -29251.4
33 6660.63 5.62048 295.019 9049.29 -19314.6
34 6848.34 3.63531 241.405 8923.4 -12196.3
35 7038.69 2.92635 187.741 8817.19 -7771.38
36 7231.34 2.37018 145.705 8736.65 -5007.08
37 7425.76 1.93868 112.975 8675.76 -3276.83
38 7621.55 1.53183 87.1346 8629.6 -2191.84
39 7818.38 2.26736 64.6561 8592.51 -1547.39
40 8016.07 2.07995 57.9477 8584.15 -1301.23
41 8213.94 1.90335 53.0743 8576.3 -1088.97
42 8412 1.72628 48.7368 8568.44 -895.106
43 8610.24 1.54857 44.4207 8560.58 -719.853
44 8808.66 1.37375 40.0557 8552.87 -566.098
45 9007.26 1.2052 35.7154 8545.46 -435.394
46 9206.03 1.04566 31.4911 8538.46 -327.565
47 9404.97 0.897363 27.4603 8531.97 -241.105
48 9604.05 0.761742 23.6833 8526.04 -173.651
49 9803.28 0.639768 20.2038 8520.72 -122.403
50 10002.6 0.531543 17.0497 8516.01 -84.4559
51 10202.1 0.436935 14.2341 8511.91 -57.0523
52 10401.6 0.355413 11.7575 8508.37 -37.7409
53 10601.3 0.286128 9.60981 8505.37 -24.4531
54 10801 0.227991 7.7727 8502.85 -15.5213
55 11000.8 0.179832 6.222 8500.77 -9.65369
56 11200.6 0.140399 4.92993 8499.06 -5.88453
57 11400.4 0.108595 3.86674 8497.68 -3.51633
58 11600.3 0.0830854 3.00237 8496.59 -2.06017
59 11800.2 0.0630058 2.30825 8495.72 -1.18373
60 12000.2 0.0473345 1.75713 8495.04 -0.667199
61 12200.1 0.035206 1.32467 8494.52 -0.368954
62 12400.1 0.0259123 0.989046 8494.12 -0.200223
63 12600.1 0.0189023 0.73133 8493.81 -0.106662
64 12800 0.0137037 0.535576 8493.59 -0.0557969
65 13000 0.00984409 0.388726 8493.42 -0.0286555
66 13200 0.00692962 0.279283 8493.3 -0.0144602
67 13400 0.00488159 0.198795 8493.21 -0.00717219
68 13600 0.00346371 0.140148 8493.15 -0.00349853
69 13800 0.00236091 0.0978275 8493.1 -0.00167973
70 14000 0.00165196 0.0676695 8493.07 -0.000793183
71 14200 0.00110056 0.0462389 8493.05 -0.000369431
72 14400 0.000785469 0.0312748 8493.03 -0.000169544
73 14600 0.000470379 0.0208464 8493.02 -7.68725e-05
74 14800 0.000312834 0.013645 8493.01 -3.4622e-05
75 15000 0.000234061 0.00867692 8493.01 -1.57459e-05
76 15200 0.000155296 0.00545593 8493.01 -7.04787e-06
77 15400 7.63863e-05 0.00333919 8493 -3.03482e-06
78 15600 7.63863e-05 0.00165127 8493 -1.45655e-06
79 15800 7.63863e-05 0.000796095 8493 -6.95166e-07
80 16000 7.63863e-05 0.000380544 8493 -3.31134e-07
81 16200 7.63863e-05 0.000181492 8493 -1.57511e-07
82 16400 7.63863e-05 8.63118e-05 8493 -7.49356e-08
83 16600 7.63863e-05 4.06864e-05 8493 -3.60107e-08
84 16800 7.63863e-05 1.8515e-05 8493 -1.82981e-08
85 17000 7.63863e-05 7.03669e-06 8493 -1.15651e-08
86 17200 7.63863e-05 -3.80902e-07 8493 -1.19285e-08
87 17400 7.63863e-05 -7.92861e-06 8493 -1.95074e-08
88 17600 7.63863e-05 -1.95669e-05 8493 -3.82091e-08
89 17800 7.63863e-05 -4.0933e-05 8493 -7.73157e-08
90 18000 7.63863e-05 -8.19315e-05 8493 -1.55591e-07
91 18200 7.63863e-05 -0.000161371 8493 -3.09753e-07
92 18400 7.63863e-05 -0.000316182 8493 -6.11838e-07
93 18600 7.63863e-05 -0.000621417 8493 -1.20575e-06
94 18800 7.63863e-05 -0.00123754 8493 -2.38875e-06
95 19000 0.000155296 -0.00249104 8493 -4.98071e-06
96 19200 0.000155296 -0.00381153 8493.01 -9.70346e-06
97 19400 0.000234061 -0.00619689 8493.01 -1.93757e-05
98 19600 0.000391606 -0.00945267 8493.01 -3.31925e-05
99 19800 0.00110056 -0.0143159 8492.95 0.0266376
