NTS LL(mkm)  STRESS(GPa)   VEL(m / s)  DENS(kg/m3)  ENERGY(J) 
0 1897.38 30.4525 900 10948.7 -342435
1 2052.53 30.4524 899.911 10948.7 -343049
2 2207.67 30.4521 899.821 10948.7 -343163
3 2362.81 30.4516 899.731 10948.7 -343275
4 2517.95 30.451 899.64 10948.6 -343414
5 2673.09 30.4503 899.547 10948.5 -343461
6 2828.24 30.4493 899.453 10948.5 -343358
7 2983.38 30.4482 899.357 10948.4 -343384
8 3138.53 30.4469 899.258 10948.3 -343343
9 3293.68 30.4453 899.156 10948.1 -343356
10 3448.83 30.4434 899.05 10948 -343319
11 3603.98 30.4411 898.939 10947.8 -343340
12 3759.13 30.4382 898.821 10947.5 -343227
13 3914.29 30.4344 898.692 10947.2 -343165
14 4069.46 30.4296 898.547 10946.8 -343064
15 4224.63 30.423 898.379 10946.2 -342909
16 4379.8 30.414 898.176 10945.4 -342689
17 4534.99 30.4015 897.922 10944.3 -342467
18 4690.19 30.3843 897.594 10942.9 -342050
19 4845.42 30.3605 897.162 10940.8 -341558
20 5000.67 30.3278 896.583 10938 -340866
21 5155.97 30.2831 895.803 10934.2 -339910
22 5311.31 30.2229 894.752 10929 -338609
23 5466.73 30.1426 893.343 10922.1 -336871
24 5622.25 30.0368 891.469 10913.1 -334584
25 5777.9 29.8991 888.998 10901.4 -331622
26 5933.72 29.7224 885.779 10886.4 -327837
27 6089.75 29.498 881.629 10867.5 -323148
28 6246.05 29.2166 876.345 10843.9 -317248
29 6402.69 28.8676 869.691 10814.8 -310095
30 6559.75 28.4393 861.405 10779.5 -301382
31 6717.33 27.9185 851.197 10737 -291073
32 6875.53 27.2909 838.744 10686.5 -278886
33 7034.48 26.5401 823.693 10627 -264820
34 7194.31 25.6478 805.653 10557.7 -248648
35 7355.2 24.5926 784.193 10477.4 -230446
36 7517.32 23.3492 758.818 10385.3 -210162
37 7680.88 21.8874 728.949 10280 -187888
38 7846.11 20.1715 693.894 10160.6 -163800
39 8013.29 18.1514 652.899 10025.3 -138371
40 8182.72 15.7602 605.209 9872.17 -112148
41 8354.78 12.9047 549.803 9698.35 -86149.7
42 8529.92 9.48513 483.922 9502.05 -62330.8
43 8708.68 10.0507 401.697 9326.45 -45015.5
44 8890.81 8.31719 355.127 9216.1 -33235.8
45 9075.12 6.49121 309.424 9102.5 -23221.9
46 9261.73 4.56496 261.402 8985.58 -15335
47 9450.76 3.29749 210.132 8872.31 -9963.14
48 9642.21 2.69503 165.093 8783.38 -6546.78
49 9835.6 2.21782 129.918 8714.96 -4354.25
50 10030.5 1.84059 102.42 8662.11 -2935.61
51 10226.6 1.41077 80.6191 8620.68 -2016.24
52 10423.6 2.23255 60.5672 8590.95 -1500.38
53 10621.4 2.11595 56.1457 8585.75 -1347.22
54 10819.2 2.00036 53.1792 8580.61 -1203.51
55 11017.2 1.87768 50.4288 8575.15 -1059.92
56 11215.2 1.74868 47.5109 8569.44 -918.879
57 11413.5 1.61592 44.4084 8563.56 -784.228
58 11611.8 1.48159 41.183 8557.63 -658.954
59 11810.3 1.34794 37.8953 8551.73 -545.104
60 12008.9 1.21671 34.5988 8545.96 -443.909
61 12207.7 1.08961 31.3423 8540.38 -355.864
62 12406.6 0.968234 28.1701 8535.06 -280.837
63 12605.6 0.853605 25.1206 8530.05 -218.18
64 12804.7 0.746676 22.2258 8525.38 -166.872
65 13004 0.648012 19.5109 8521.09 -125.653
66 13203.3 0.558094 16.9941 8517.17 -93.156
67 13402.7 0.476937 14.6868 8513.64 -68.0038
68 13602.2 0.404393 12.5947 8510.49 -48.8842
69 13801.8 0.340316 10.7172 8507.71 -34.6065
70 14001.5 0.28424 9.04959 8505.28 -24.1293
71 14201.2 0.235544 7.58302 8503.18 -16.5722
72 14401 0.193762 6.30565 8501.37 -11.2132
73 14600.8 0.158267 5.20359 8499.83 -7.47601
74 14800.6 0.128277 4.26121 8498.54 -4.91271
75 15000.5 0.103242 3.46254 8497.46 -3.18335
76 15200.4 0.082613 2.79121 8496.56 -2.03556
77 15400.3 0.0656832 2.23112 8495.83 -1.28606
78 15600.2 0.0519021 1.76675 8495.24 -0.804849
79 15800.2 0.0409553 1.38337 8494.77 -0.50119
80 16000.1 0.0323707 1.06705 8494.4 -0.313177
81 16200.1 0.0258335 0.804571 8494.11 -0.199446
82 16400.1 0.0211077 0.583147 8493.91 -0.133001
83 16600 0.0180359 0.389668 8493.78 -0.09701
84 16800 0.0166181 0.210838 8493.71 -0.0819445
85 17000 0.0168544 0.0311149 8493.73 -0.0846293
86 17200 0.0191386 -0.168004 8493.82 -0.109149
87 17400 0.0239432 -0.410552 8494.03 -0.17129
88 17599.9 0.0322919 -0.729187 8494.39 -0.309808
89 17799.9 0.0453656 -1.16984 8494.95 -0.612128
90 17999.9 0.0652895 -1.79751 8495.82 -1.2705
91 18199.8 0.0952896 -2.70598 8497.11 -2.70404
92 18399.7 0.139691 -4.02658 8499.03 -5.81412
93 18599.6 0.2047 -5.93298 8501.84 -12.4857
94 18799.4 0.297847 -8.62716 8505.87 -26.4448
95 18999.1 0.426717 -12.2797 8511.46 -54.3129
96 19198.6 0.59548 -16.9171 8518.8 -105.86
97 19398 0.800736 -22.3229 8527.75 -191.614
98 19597.2 1.03156 -28.1448 8537.84 -318.292
99 19796.2 1.84836 -34.3178 8329.37 2965.06
