NTS LL(mkm)  STRESS(GPa)   VEL(m / s)  DENS(kg/m3)  ENERGY(J) 
0 1895.35 30.4523 900 10948.7 -342431
1 2050.49 30.4522 899.911 10948.7 -343046
2 2205.63 30.452 899.821 10948.7 -343160
3 2360.77 30.4515 899.731 10948.6 -343271
4 2515.91 30.4509 899.639 10948.6 -343410
5 2671.06 30.4501 899.546 10948.5 -343457
6 2826.2 30.4492 899.452 10948.4 -343354
7 2981.35 30.4481 899.355 10948.4 -343380
8 3136.49 30.4467 899.256 10948.2 -343339
9 3291.64 30.4451 899.154 10948.1 -343352
10 3446.79 30.4432 899.048 10947.9 -343314
11 3601.94 30.4409 898.937 10947.7 -343336
12 3757.1 30.4379 898.818 10947.5 -343222
13 3912.26 30.4342 898.689 10947.2 -343159
14 4067.42 30.4293 898.543 10946.7 -343057
15 4222.59 30.4226 898.374 10946.2 -342901
16 4377.77 30.4135 898.169 10945.4 -342679
17 4532.96 30.4009 897.913 10944.3 -342453
18 4688.16 30.3835 897.582 10942.8 -342032
19 4843.39 30.3594 897.145 10940.7 -341534
20 4998.64 30.3263 896.56 10937.9 -340834
21 5153.94 30.2812 895.772 10934 -339867
22 5309.29 30.2203 894.71 10928.8 -338552
23 5464.71 30.139 893.286 10921.8 -336796
24 5620.24 30.0322 891.391 10912.7 -334485
25 5775.89 29.8932 888.895 10900.9 -331493
26 5931.71 29.7146 885.642 10885.7 -327672
27 6087.75 29.4881 881.451 10866.6 -322940
28 6244.06 29.2041 876.115 10842.8 -316988
29 6400.72 28.852 869.399 10813.5 -309775
30 6557.8 28.4199 861.038 10777.9 -300994
31 6715.4 27.8948 850.741 10735.1 -290607
32 6873.63 27.2621 838.183 10684.2 -278336
33 7032.61 26.5054 823.01 10624.3 -264179
34 7192.49 25.6063 804.827 10554.5 -247912
35 7353.43 24.543 783.201 10473.7 -229612
36 7515.6 23.2903 757.637 10381 -209231
37 7679.23 21.8174 727.551 10275.1 -186863
38 7844.54 20.0886 692.237 10155 -162696
39 8011.81 18.0535 650.917 10018.9 -137216
40 8181.35 15.6448 602.831 9864.96 -110986
41 8353.54 12.7651 547.085 9690.09 -85023
42 8528.83 9.30687 481.093 9492.16 -61301.8
43 8707.78 9.96718 398.645 9321.09 -44399.4
44 8890.01 8.23578 352.757 9210.94 -32733.4
45 9074.42 6.40509 307.252 9097.2 -22809.7
46 9261.14 4.47322 259.184 8980.06 -15026.6
47 9450.29 3.26644 207.783 8867.62 -9767.43
48 9641.84 2.67017 163.245 8779.79 -6421.86
49 9835.31 2.19823 128.467 8712.19 -4273.92
50 10030.3 1.825 101.309 8659.95 -2882.84
51 10226.4 1.38395 79.8606 8618.7 -1979.15
52 10423.5 2.22305 59.9949 8590.53 -1487.66
53 10621.2 2.10956 55.8463 8585.47 -1339.06
54 10819.1 1.99436 53.0092 8580.34 -1196.23
55 11017 1.87121 50.2853 8574.87 -1052.62
56 11215.1 1.74181 47.3586 8569.13 -911.652
57 11413.4 1.60882 44.2441 8563.24 -777.292
58 11611.7 1.47432 41.0104 8557.31 -652.477
59 11810.2 1.34059 37.7178 8551.41 -539.2
60 12008.8 1.2095 34.4196 8545.64 -438.648
61 12207.6 1.08256 31.1639 8540.08 -351.278
62 12406.5 0.961415 27.9952 8534.77 -276.923
63 12605.5 0.847173 24.9514 8529.77 -214.907
64 12804.7 0.740634 22.0642 8525.12 -164.188
65 13003.9 0.642437 19.3585 8520.84 -123.495
66 13203.3 0.552989 16.852 8516.95 -91.4538
67 13402.7 0.472301 14.556 8513.44 -66.6857
68 13602.2 0.400227 12.4754 8510.31 -47.8819
69 13801.8 0.33662 10.6096 8507.55 -33.858
70 14001.5 0.280936 8.95364 8505.14 -23.5799
71 14201.2 0.232712 7.49829 8503.05 -16.1759
72 14400.9 0.191322 6.23158 8501.26 -10.9321
73 14600.8 0.156142 5.13942 8499.74 -7.27987
74 14800.6 0.126545 4.20624 8498.46 -4.77801
75 15000.5 0.101824 3.41583 8497.39 -3.09228
76 15200.4 0.0813531 2.75198 8496.51 -1.97484
77 15400.3 0.0646595 2.1985 8495.79 -1.24608
78 15600.2 0.0511146 1.73998 8495.2 -0.778756
79 15800.2 0.0403253 1.36176 8494.74 -0.484213
80 16000.1 0.0318194 1.04998 8494.37 -0.302049
81 16200.1 0.0253609 0.791522 8494.09 -0.191968
82 16400.1 0.0207139 0.573889 8493.89 -0.127674
83 16600 0.017642 0.384022 8493.76 -0.0928117
84 16800 0.0162243 0.208956 8493.7 -0.0780766
85 17000 0.0163818 0.0334511 8493.71 -0.0802862
86 17200 0.0185872 -0.160494 8493.8 -0.103156
87 17400 0.0233131 -0.396235 8494 -0.161435
88 17600 0.031268 -0.705605 8494.35 -0.291514
89 17799.9 0.043948 -1.13306 8494.89 -0.575495
90 17999.9 0.0633208 -1.74181 8495.73 -1.19408
91 18199.8 0.0923764 -2.62332 8496.99 -2.54188
92 18399.7 0.135519 -3.90639 8498.85 -5.47029
93 18599.6 0.198719 -5.76384 8501.58 -11.7716
94 18799.4 0.289746 -8.40168 8505.52 -25.0295
95 18999.1 0.41642 -12.0028 8511.01 -51.7238
96 19198.7 0.583464 -16.6098 8518.27 -101.628
97 19398.1 0.78787 -22.0064 8527.18 -185.476
98 19597.3 1.01792 -27.8039 8537.24 -309.931
99 19796.2 1.82329 -33.8953 8332.58 2880.27
