NTS LL(mkm)  STRESS(GPa)   VEL(m / s)  DENS(kg/m3)  ENERGY(J) 
0 1358.93 30.3933 900 10943.6 -341139
1 1514.14 30.3929 899.836 10943.6 -341748
2 1669.35 30.392 899.671 10943.5 -341851
3 1824.57 30.3907 899.503 10943.4 -341943
4 1979.79 30.3887 899.331 10943.2 -342052
5 2135.01 30.3858 899.152 10943 -342052
6 2290.23 30.3814 898.958 10942.6 -341874
7 2445.46 30.3748 898.741 10942.1 -341781
8 2600.69 30.3648 898.484 10941.2 -341550
9 2755.94 30.3495 898.161 10939.9 -341264
10 2911.21 30.3262 897.732 10937.9 -340761
11 3066.5 30.2911 897.137 10934.9 -340071
12 3221.84 30.2394 896.294 10930.4 -338898
13 3377.24 30.1644 895.088 10924 -337294
14 3532.73 30.0581 893.37 10914.9 -335006
15 3688.36 29.9105 890.946 10902.4 -331828
16 3844.16 29.7098 887.578 10885.3 -327530
17 4000.2 29.4423 882.98 10862.8 -321938
18 4156.57 29.0926 876.817 10833.5 -314618
19 4313.36 28.6434 868.704 10796.3 -305453
20 4470.69 28.0755 858.213 10749.8 -294111
21 4628.71 27.3685 844.871 10692.7 -280365
22 4787.56 26.4992 828.166 10623.8 -264042
23 4947.45 25.4427 807.545 10541.9 -245054
24 5108.58 24.1705 782.409 10445.9 -223407
25 5271.19 22.65 752.086 10334.5 -199253
26 5435.55 20.843 715.812 10206.8 -172916
27 5601.97 18.6984 672.762 10061.4 -144980
28 5770.79 16.153 622.15 9896.84 -116169
29 5942.42 13.1022 563.129 9710.08 -87798.5
30 6117.35 9.45784 493.064 9500.54 -62171.8
31 6296.14 9.9055 405.948 9317.09 -43933
32 6478.45 7.9858 354.835 9195.25 -31226.6
33 6663.18 5.97877 304.058 9071.11 -20853.1
34 6850.43 3.88778 251.228 8945.13 -13210.7
35 7040.32 3.0395 196.127 8833.9 -8410.36
36 7232.6 2.45976 152.308 8749.46 -5411.34
37 7426.74 2.01 118.013 8685.72 -3537.61
38 7622.3 1.63949 91.1259 8637.52 -2359.9
39 7818.96 1.08281 70.8696 8596.46 -1609.39
40 8016.55 2.10964 56.2725 8585.47 -1338.83
41 8214.4 1.93892 53.6983 8577.87 -1130.16
42 8412.42 1.76211 49.612 8570.03 -932.802
43 8610.62 1.58475 45.2944 8562.18 -753.971
44 8809 1.40973 40.939 8554.46 -596.252
45 9007.57 1.24035 36.6035 8547 -461.231
46 9206.3 1.07927 32.3666 8539.93 -349.033
47 9405.2 0.92896 28.3058 8533.35 -258.429
48 9604.26 0.791008 24.4844 8527.32 -187.247
49 9803.45 0.666304 20.9496 8521.88 -132.789
50 10002.8 0.555267 17.7325 8517.05 -92.1851
51 10202.2 0.45792 14.8495 8512.81 -62.6604
52 10401.7 0.373654 12.3038 8509.16 -41.7107
53 10601.4 0.30178 10.0877 8506.04 -27.1961
54 10801.1 0.241209 8.18496 8503.42 -17.3725
55 11000.8 0.19085 6.57287 8501.24 -10.8745
56 11200.6 0.14953 5.22463 8499.45 -6.67163
57 11400.5 0.115996 4.11107 8498 -4.0127
58 11600.4 0.0890695 3.20259 8496.84 -2.3664
59 11800.3 0.0677306 2.47015 8495.92 -1.36868
60 12000.2 0.0510359 1.88672 8495.2 -0.776539
61 12200.1 0.0380413 1.42706 8494.64 -0.432275
62 12400.1 0.0281176 1.06901 8494.21 -0.236168
63 12600.1 0.0206351 0.79316 8493.89 -0.126657
64 12800.1 0.014964 0.582913 8493.64 -0.0666915
65 13000 0.0107893 0.424422 8493.46 -0.0344886
66 13200 0.00763855 0.306043 8493.33 -0.0175217
67 13400 0.00543299 0.218651 8493.23 -0.00874727
68 13600 0.0037788 0.154662 8493.16 -0.00429574
69 13800 0.002676 0.10842 8493.11 -0.00207459
70 14000 0.00180951 0.0752183 8493.08 -0.000986528
71 14200 0.0012581 0.0516443 8493.05 -0.000462248
72 14400 0.000864242 0.0350681 8493.03 -0.000213574
73 14600 0.000549152 0.0234987 8493.02 -9.74838e-05
74 14800 0.000391606 0.0154536 8493.02 -4.43086e-05
75 15000 0.000234061 0.0100699 8493.01 -1.97914e-05
76 15200 0.000155296 0.00632833 8493.01 -8.80367e-06
77 15400 0.000155296 0.00386561 8493 -3.81777e-06
78 15600 7.63863e-05 0.00204993 8493 -1.81471e-06
79 15800 7.63863e-05 0.000986071 8493 -8.71507e-07
80 16000 7.63863e-05 0.000476008 8493 -4.16266e-07
81 16200 7.63863e-05 0.000227853 8493 -1.98312e-07
82 16400 7.63863e-05 0.000108507 8493 -9.45068e-08
83 16600 7.63863e-05 5.11968e-05 8493 -4.55274e-08
84 16800 7.63863e-05 2.33111e-05 8493 -2.3226e-08
85 17000 7.63863e-05 8.86794e-06 8493 -1.47411e-08
86 17200 7.63863e-05 -4.13043e-07 8493 -1.51338e-08
87 17400 7.63863e-05 -9.70682e-06 8493 -2.44096e-08
88 17600 7.63863e-05 -2.38207e-05 8493 -4.71736e-08
89 17800 7.63863e-05 -4.95448e-05 8493 -9.4507e-08
90 18000 7.63863e-05 -9.88622e-05 8493 -1.88959e-07
91 18200 7.63863e-05 -0.000194792 8493 -3.75069e-07
92 18400 7.63863e-05 -0.000383301 8493 -7.41325e-07
93 18600 7.63863e-05 -0.000757616 8493 -1.46525e-06
94 18800 7.63863e-05 -0.00149822 8493 -2.89604e-06
95 19000 0.000155296 -0.00290064 8493 -6.04222e-06
96 19200 0.000234061 -0.00440798 8493.01 -1.20032e-05
97 19400 0.000312834 -0.00699485 8493.01 -2.39987e-05
98 19600 0.000391606 -0.0107073 8493.02 -4.30321e-05
99 19800 0.00117933 -0.0160549 8492.95 0.0267264
