NTS LL(mkm)  STRESS(GPa)   VEL(m / s)  DENS(kg/m3)  ENERGY(J) 
0 996.637 30.3231 900 10937.6 -339611
1 1151.94 30.3213 899.721 10937.5 -340189
2 1307.24 30.3169 899.429 10937.1 -340214
3 1462.54 30.3082 899.104 10936.3 -340146
4 1617.86 30.2923 898.711 10935 -339952
5 1773.2 30.2643 898.187 10932.6 -339409
6 1928.57 30.2173 897.433 10928.5 -338306
7 2084 30.1413 896.293 10922 -336712
8 2239.52 30.0232 894.549 10912 -334156
9 2395.18 29.8465 891.898 10896.9 -330420
10 2551.06 29.5911 887.953 10875.3 -325006
11 2707.25 29.2338 882.233 10845.3 -317594
12 2863.87 28.7484 874.166 10805 -307562
13 3021.08 28.1066 863.104 10752.3 -294696
14 3179.05 27.2775 848.331 10685.4 -278589
15 3338.01 26.2287 829.08 10602.7 -259038
16 3498.22 24.9255 804.549 10502.6 -236020
17 3659.95 23.329 773.894 10383.8 -209798
18 3823.53 21.3989 736.176 10245.6 -180714
19 3989.32 19.0834 690.388 10087.1 -149699
20 4157.72 16.3167 635.618 9907.18 -117873
21 4329.17 12.9954 571.4 9703.73 -86890.5
22 4504.21 8.98532 496.28 9474.37 -59504.9
23 4683.5 9.51018 403.392 9291.74 -41090.4
24 4866.3 7.37304 348.515 9157.02 -27741
25 5051.8 5.16145 291.881 9021.47 -17478.3
26 5240.09 3.41344 232.315 8889.74 -10700.9
27 5431.16 2.71323 177.558 8786.05 -6638.08
28 5624.49 2.17398 135.317 8708.76 -4174.82
29 5819.53 1.76125 103.086 8651.14 -2672.08
30 6015.88 1.19925 79.3613 8605.07 -1742.91
31 6213.27 2.09577 58.7752 8584.85 -1320.85
32 6411.13 1.87012 53.9743 8574.82 -1050.75
33 6609.23 1.63881 48.6181 8564.57 -806.222
34 6807.55 1.41411 42.919 8554.65 -599.73
35 7006.11 1.20222 37.2841 8545.33 -433.149
36 7204.89 1.00734 31.9114 8536.78 -303.826
37 7403.86 0.8318 26.9141 8529.1 -207.033
38 7603.02 0.677137 22.3703 8522.35 -137.1
39 7802.33 0.543484 18.3271 8516.53 -88.2655
40 8001.77 0.430176 14.8025 8511.61 -55.2675
41 8201.34 0.335833 11.789 8507.52 -33.6703
42 8401 0.258674 9.25992 8504.18 -19.9658
43 8600.73 0.196595 7.17482 8501.49 -11.5282
44 8800.53 0.147484 5.48485 8499.36 -6.4838
45 9000.38 0.109146 4.13771 8497.71 -3.55349
46 9200.27 0.0797783 3.0808 8496.44 -1.89849
47 9400.19 0.0575722 2.26446 8495.48 -0.989079
48 9600.13 0.0411128 1.64333 8494.77 -0.502684
49 9800.09 0.0289052 1.17762 8494.25 -0.24932
50 10000.1 0.0201625 0.833436 8493.87 -0.120727
51 10200 0.0138613 0.5826 8493.6 -0.057101
52 10400 0.00945025 0.402348 8493.4 -0.0263881
53 10600 0.00629946 0.274496 8493.27 -0.0119216
54 10800 0.00417266 0.184963 8493.18 -0.00527066
55 11000 0.00275477 0.123132 8493.12 -0.00228184
56 11200 0.00180951 0.0809276 8493.08 -0.000969025
57 11400 0.00117933 0.0525139 8493.05 -0.000404134
58 11600 0.000785469 0.0336055 8493.03 -0.000165767
59 11800 0.000470379 0.0210989 8493.02 -6.75568e-05
60 12000 0.000312834 0.013037 8493.01 -2.72973e-05
61 12200 0.000155296 0.00794959 8493.01 -1.06913e-05
62 12400 0.000155296 0.00441781 8493 -4.46974e-06
63 12600 7.63863e-05 0.00242259 8493 -1.93094e-06
64 12800 7.63863e-05 0.00109311 8493 -8.8377e-07
65 13000 7.63863e-05 0.000501927 8493 -4.03192e-07
66 13200 7.63863e-05 0.00022986 8493 -1.83098e-07
67 13400 7.63863e-05 0.00010471 8493 -8.2825e-08
68 13600 7.63863e-05 4.75052e-05 8493 -3.73268e-08
69 13800 7.63863e-05 2.14734e-05 8493 -1.67605e-08
70 14000 7.63863e-05 9.67067e-06 8493 -7.49621e-09
71 14200 7.63863e-05 4.33881e-06 8493 -3.34019e-09
72 14400 7.63863e-05 1.93916e-06 8493 -1.48275e-09
73 14600 7.63863e-05 8.6329e-07 8493 -6.55446e-10
74 14800 7.63863e-05 3.82799e-07 8493 -2.88326e-10
75 15000 7.63863e-05 1.69053e-07 8493 -1.26377e-10
76 15200 7.63863e-05 7.43502e-08 8493 -5.53868e-11
77 15400 7.63863e-05 3.25628e-08 8493 -2.40267e-11
78 15600 7.63863e-05 1.42007e-08 8493 -1.14673e-11
79 15800 7.63863e-05 6.16629e-09 8493 -5.46106e-12
80 16000 7.63863e-05 2.66585e-09 8493 0
81 16200 7.63863e-05 1.14741e-09 8493 0
82 16400 7.63863e-05 4.91647e-10 8493 0
83 16600 7.63863e-05 2.09706e-10 8493 0
84 16800 7.63863e-05 8.90373e-11 8493 0
85 17000 7.63863e-05 3.76281e-11 8493 0
86 17200 7.63863e-05 1.58274e-11 8493 0
87 17400 7.63863e-05 6.62586e-12 8493 0
88 17600 7.63863e-05 2.76052e-12 8493 0
89 17800 7.63863e-05 1.14455e-12 8493 0
90 18000 7.63863e-05 4.72227e-13 8493 0
91 18200 7.63863e-05 1.93877e-13 8493 0
92 18400 7.63863e-05 7.92043e-14 8493 0
93 18600 7.63863e-05 3.22006e-14 8493 0
94 18800 7.63863e-05 1.30393e-14 8493 0
95 19000 7.63863e-05 5.28955e-15 8493 0
96 19200 7.63863e-05 2.22729e-15 8493 0
97 19400 7.63863e-05 1.16588e-15 8493 5.34671e-07
98 19600 7.63863e-05 6.86252e-13 8493 7.3282e-06
99 19800 7.63863e-05 4.24127e-13 8493 0.0262891
