NTS LL(mkm)  STRESS(GPa)   VEL(m / s)  DENS(kg/m3)  ENERGY(J) 
0 1890.76 30.452 900 10948.7 -342423
1 2045.9 30.4518 899.91 10948.7 -343037
2 2201.05 30.4516 899.82 10948.7 -343152
3 2356.19 30.4511 899.729 10948.6 -343263
4 2511.33 30.4505 899.638 10948.6 -343402
5 2666.48 30.4497 899.544 10948.5 -343449
6 2821.62 30.4488 899.449 10948.4 -343345
7 2976.77 30.4476 899.353 10948.3 -343371
8 3131.91 30.4463 899.253 10948.2 -343329
9 3287.06 30.4447 899.15 10948.1 -343342
10 3442.21 30.4428 899.044 10947.9 -343304
11 3597.37 30.4404 898.932 10947.7 -343325
12 3752.52 30.4374 898.812 10947.4 -343210
13 3907.68 30.4336 898.681 10947.1 -343146
14 4062.85 30.4285 898.534 10946.7 -343041
15 4218.02 30.4217 898.362 10946.1 -342882
16 4373.19 30.4124 898.154 10945.3 -342655
17 4528.39 30.3996 897.893 10944.2 -342423
18 4683.59 30.3817 897.555 10942.6 -341992
19 4838.82 30.3569 897.109 10940.5 -341480
20 4994.08 30.323 896.509 10937.6 -340762
21 5149.38 30.2767 895.702 10933.6 -339770
22 5304.73 30.2142 894.613 10928.3 -338421
23 5460.16 30.131 893.154 10921.2 -336622
24 5615.7 30.0216 891.213 10911.8 -334257
25 5771.36 29.8793 888.657 10899.7 -331198
26 5927.2 29.6968 885.328 10884.2 -327295
27 6083.26 29.4654 881.043 10864.7 -322463
28 6239.6 29.1755 875.59 10840.4 -316394
29 6396.29 28.8163 868.731 10810.6 -309045
30 6553.42 28.3758 860.2 10774.3 -300108
31 6711.07 27.8407 849.7 10730.7 -289548
32 6869.36 27.1964 836.903 10679 -277086
33 7028.42 26.4262 821.45 10618.1 -262724
34 7188.4 25.5114 802.942 10547.2 -246241
35 7349.44 24.43 780.94 10465.2 -227719
36 7511.75 23.156 754.944 10371.2 -207119
37 7675.53 21.658 724.365 10263.8 -184543
38 7841.03 19.8996 688.474 10142.1 -160198
39 8008.51 17.8302 646.418 10004.3 -134605
40 8178.29 15.3819 597.379 9848.6 -108374
41 8350.77 12.4498 540.746 9671.52 -82527.1
42 8526.39 8.90403 474.554 9469.89 -59051.9
43 8705.76 9.78491 391.921 9309.36 -43065.1
44 8888.22 8.05228 347.641 9199.42 -31627.4
45 9072.87 6.2102 302.428 9085.27 -21900.4
46 9259.83 4.26507 254.186 8967.61 -14353.1
47 9449.24 3.19667 202.551 8857.26 -9341.83
48 9641.02 2.61543 159.163 8771.86 -6150.01
49 9834.66 2.15507 125.252 8706.1 -4099.23
50 10029.8 1.79073 98.8191 8655.22 -2768.82
51 10226 1.32469 78.1591 8614.33 -1899.59
52 10423.2 2.20405 58.7623 8589.68 -1462.22
53 10620.9 2.09616 55.2485 8584.87 -1322.01
54 10818.8 1.98087 52.6672 8579.74 -1180.11
55 11016.8 1.85662 49.9717 8574.22 -1036.19
56 11214.9 1.72628 47.0143 8568.44 -895.391
57 11413.1 1.59264 43.8716 8562.53 -761.734
58 11611.5 1.4579 40.6198 8556.58 -637.987
59 11810 1.32416 37.3172 8550.69 -526.024
60 12008.7 1.19322 34.0155 8544.93 -426.933
61 12207.5 1.06681 30.7625 8539.38 -341.088
62 12406.4 0.946286 27.6021 8534.11 -268.243
63 12605.4 0.83282 24.5716 8529.14 -207.663
64 12804.6 0.727136 21.702 8524.53 -158.262
65 13003.8 0.629953 19.0173 8520.3 -118.741
66 13203.2 0.54152 16.5344 8516.45 -87.7107
67 13402.6 0.461928 14.2636 8512.99 -63.7934
68 13602.2 0.390951 12.2093 8509.91 -45.6871
69 13801.8 0.328363 10.37 8507.2 -32.222
70 14001.4 0.273699 8.74011 8504.83 -22.3817
71 14201.1 0.226417 7.30985 8502.78 -15.3134
72 14400.9 0.185892 6.06709 8501.03 -10.3216
73 14600.7 0.151498 4.99707 8499.54 -6.85482
74 14800.6 0.122609 4.08437 8498.29 -4.48676
75 15000.5 0.0985177 3.31248 8497.25 -2.89576
76 15200.4 0.0785972 2.66521 8496.39 -1.84411
77 15400.3 0.0623759 2.12644 8495.69 -1.1602
78 15600.2 0.0492245 1.68091 8495.12 -0.722845
79 15800.2 0.0387501 1.31405 8494.67 -0.447945
80 16000.1 0.0305592 1.01232 8494.32 -0.278355
81 16200.1 0.024337 0.762841 8494.05 -0.176089
82 16400.1 0.0197687 0.55332 8493.85 -0.116436
83 16600 0.0167756 0.371461 8493.72 -0.0840068
84 16800 0.0153578 0.204536 8493.66 -0.0700256
85 17000 0.0154366 0.0381559 8493.67 -0.0713143
86 17200 0.0174845 -0.144623 8493.75 -0.090847
87 17400 0.0218166 -0.365766 8493.94 -0.141283
88 17600 0.0292203 -0.655256 8494.26 -0.254193
89 17799.9 0.0410341 -1.05439 8494.77 -0.500825
90 17999.9 0.0590684 -1.62261 8495.55 -1.03837
91 18199.8 0.0861562 -2.44577 8496.72 -2.2108
92 18399.7 0.126466 -3.64675 8498.46 -4.76486
93 18599.6 0.185892 -5.39499 8501.03 -10.2931
94 18799.4 0.272048 -7.90333 8504.75 -22.0575
95 18999.1 0.393545 -11.3821 8510.02 -46.1896
96 19198.7 0.556523 -15.9171 8517.1 -92.4379
97 19398.2 0.758996 -21.3038 8525.92 -172.105
98 19597.4 0.987986 -27.0648 8535.93 -291.921
99 19796.4 1.76802 -32.9672 8339.67 2697.38
