NTS LL(mkm)  STRESS(GPa)   VEL(m / s)  DENS(kg/m3)  ENERGY(J) 
0 1359.44 30.3933 900 10943.6 -341141
1 1514.65 30.3929 899.836 10943.6 -341750
2 1669.86 30.3921 899.671 10943.5 -341853
3 1825.08 30.3908 899.504 10943.4 -341945
4 1980.3 30.3888 899.332 10943.3 -342054
5 2135.51 30.3859 899.152 10943 -342054
6 2290.74 30.3815 898.959 10942.6 -341876
7 2445.96 30.375 898.742 10942.1 -341783
8 2601.2 30.365 898.486 10941.2 -341554
9 2756.45 30.3497 898.163 10939.9 -341269
10 2911.72 30.3265 897.735 10937.9 -340767
11 3067.01 30.2915 897.142 10934.9 -340079
12 3222.35 30.24 896.301 10930.5 -338910
13 3377.75 30.1652 895.099 10924.1 -337311
14 3533.24 30.0592 893.386 10915 -335030
15 3688.86 29.9121 890.969 10902.5 -331862
16 3844.66 29.7119 887.612 10885.5 -327576
17 4000.7 29.4452 883.028 10863 -321999
18 4157.07 29.0964 876.881 10833.8 -314696
19 4313.85 28.6483 868.79 10796.7 -305553
20 4471.18 28.0819 858.326 10750.3 -294236
21 4629.18 27.3764 845.017 10693.3 -280517
22 4788.03 26.5091 828.351 10624.6 -264224
23 4947.91 25.4549 807.777 10542.9 -245267
24 5109.02 24.1852 782.694 10447 -223651
25 5271.61 22.6679 752.433 10335.8 -199527
26 5435.95 20.8645 716.233 10208.3 -173215
27 5602.35 18.7241 673.274 10063.1 -145295
28 5771.14 16.1835 622.772 9898.77 -116486
29 5942.74 13.1392 563.85 9712.28 -88104.4
30 6117.63 9.505 493.821 9503.16 -62446.4
31 6296.37 9.92836 406.764 9318.57 -44102.1
32 6478.65 8.00874 355.484 9196.68 -31361.8
33 6663.35 6.00272 304.672 9072.56 -20958.4
34 6850.57 3.91222 251.864 8946.61 -13282.2
35 7040.43 3.04746 196.712 8835.04 -8454.82
36 7232.69 2.46594 152.757 8750.33 -5439.5
37 7426.81 2.01495 118.361 8686.4 -3555.64
38 7622.35 1.64632 91.4271 8638.02 -2370.96
39 7819 1.08775 71.2069 8596.82 -1614.72
40 8016.58 2.11104 56.2527 8585.53 -1340.63
41 8214.43 1.94118 53.7147 8577.97 -1132.79
42 8412.45 1.76445 49.6647 8570.13 -935.336
43 8610.64 1.58717 45.3525 8562.29 -756.271
44 8809.03 1.41216 40.9978 8554.56 -598.289
45 9007.59 1.24269 36.6626 8547.1 -462.983
46 9206.32 1.08154 32.425 8540.03 -350.494
47 9405.22 0.931077 28.3623 8533.44 -259.613
48 9604.27 0.792969 24.5381 8527.4 -188.18
49 9803.47 0.668031 20.9997 8521.96 -133.504
50 10002.8 0.556838 17.7785 8517.12 -92.719
51 10202.2 0.459334 14.891 8512.88 -63.0493
52 10401.8 0.374912 12.3407 8509.21 -41.9869
53 10601.4 0.302803 10.1201 8506.09 -27.3877
54 10801.1 0.242153 8.21294 8503.46 -17.5023
55 11000.8 0.191637 6.59672 8501.27 -10.9604
56 11200.6 0.15016 5.2447 8499.48 -6.72721
57 11400.5 0.116468 4.12774 8498.03 -4.04788
58 11600.4 0.0894632 3.21629 8496.86 -2.38818
59 11800.3 0.0680456 2.48125 8495.94 -1.38187
60 12000.2 0.0512721 1.8956 8495.21 -0.784373
61 12200.1 0.0382776 1.43411 8494.65 -0.436824
62 12400.1 0.0282751 1.07452 8494.22 -0.238759
63 12600.1 0.0207139 0.797413 8493.89 -0.128106
64 12800.1 0.0150428 0.586191 8493.65 -0.067484
65 13000 0.0107893 0.426889 8493.47 -0.0349154
66 13200 0.00771732 0.307924 8493.33 -0.0177448
67 13400 0.00543299 0.220013 8493.23 -0.00886344
68 13600 0.00385757 0.155689 8493.16 -0.00435417
69 13800 0.002676 0.109137 8493.11 -0.00210428
70 14000 0.00180951 0.0757653 8493.08 -0.0010008
71 14200 0.0012581 0.0520157 8493.05 -0.00046922
72 14400 0.000864242 0.0353336 8493.04 -0.000216916
73 14600 0.000549152 0.0236982 8493.02 -9.89631e-05
74 14800 0.000391606 0.0155775 8493.02 -4.5013e-05
75 15000 0.000234061 0.0101665 8493.01 -2.00847e-05
76 15200 0.000155296 0.00638888 8493.01 -8.93225e-06
77 15400 0.000155296 0.00388296 8493 -3.91099e-06
78 15600 7.63863e-05 0.00209639 8493 -1.84219e-06
79 15800 7.63863e-05 0.00100092 8493 -8.84592e-07
80 16000 7.63863e-05 0.000483031 8493 -4.22629e-07
81 16200 7.63863e-05 0.000231307 8493 -2.01373e-07
82 16400 7.63863e-05 0.00011017 8493 -9.59768e-08
83 16600 7.63863e-05 5.19858e-05 8493 -4.62428e-08
84 16800 7.63863e-05 2.36716e-05 8493 -2.35965e-08
85 17000 7.63863e-05 9.00636e-06 8493 -1.4979e-08
86 17200 7.63863e-05 -4.13386e-07 8493 -1.5372e-08
87 17400 7.63863e-05 -9.83607e-06 8493 -2.47712e-08
88 17600 7.63863e-05 -2.41321e-05 8493 -4.78326e-08
89 17800 7.63863e-05 -5.01775e-05 8493 -9.57703e-08
90 18000 7.63863e-05 -0.000100112 8493 -1.91417e-07
91 18200 7.63863e-05 -0.000197274 8493 -3.799e-07
92 18400 7.63863e-05 -0.000388283 8493 -7.50916e-07
93 18600 7.63863e-05 -0.000767438 8493 -1.4842e-06
94 18800 7.63863e-05 -0.00151597 8493 -2.93188e-06
95 19000 0.000155296 -0.00292975 8493 -6.12091e-06
96 19200 0.000234061 -0.00446318 8493.01 -1.2205e-05
97 19400 0.000312834 -0.00705129 8493.01 -2.43864e-05
98 19600 0.000391606 -0.0107774 8493.02 -4.37332e-05
99 19800 0.0012581 -0.016174 8492.95 0.0267329
