NTS LL(mkm)  STRESS(GPa)   VEL(m / s)  DENS(kg/m3)  ENERGY(J) 
0 1803.66 30.4446 900 10948.1 -342261
1 1958.81 30.4444 899.903 10948 -342875
2 2113.96 30.444 899.805 10948 -342987
3 2269.11 30.4435 899.706 10948 -343097
4 2424.27 30.4428 899.607 10947.9 -343233
5 2579.42 30.4419 899.505 10947.8 -343277
6 2734.57 30.4407 899.402 10947.7 -343169
7 2889.73 30.4394 899.295 10947.6 -343189
8 3044.89 30.4377 899.185 10947.5 -343142
9 3200.04 30.4357 899.071 10947.3 -343146
10 3355.21 30.4332 898.951 10947.1 -343096
11 3510.37 30.4301 898.822 10946.8 -343099
12 3665.54 30.4259 898.68 10946.4 -342959
13 3820.71 30.4204 898.519 10946 -342857
14 3975.89 30.4127 898.329 10945.3 -342696
15 4131.08 30.4021 898.097 10944.4 -342453
16 4286.29 30.3872 897.802 10943.1 -342104
17 4441.51 30.3662 897.414 10941.3 -341696
18 4596.75 30.337 896.897 10938.8 -341018
19 4752.04 30.2966 896.196 10935.3 -340166
20 4907.37 30.2412 895.243 10930.6 -338986
21 5062.77 30.1665 893.953 10924.2 -337381
22 5218.26 30.0667 892.216 10915.7 -335234
23 5373.87 29.9354 889.899 10904.5 -332417
24 5529.64 29.7651 886.843 10890 -328775
25 5685.62 29.5469 882.863 10871.6 -324146
26 5841.86 29.2709 877.742 10848.4 -318349
27 5998.43 28.9261 871.235 10819.7 -311273
28 6155.43 28.5001 863.069 10784.5 -302593
29 6312.93 27.9792 852.938 10741.9 -292263
30 6471.06 27.3481 840.506 10691.1 -279985
31 6629.94 26.5899 825.405 10631 -265750
32 6789.72 25.6856 807.227 10560.6 -249334
33 6950.56 24.6127 785.52 10479 -230809
34 7112.66 23.346 759.775 10385 -210074
35 7276.22 21.8539 729.397 10277.7 -187361
36 7441.49 20.0989 693.657 10155.6 -162866
37 7608.75 18.0324 651.721 10017.5 -137010
38 7778.31 15.5906 602.821 9861.58 -110429
39 7950.55 12.6653 546.261 9684.2 -84212.2
40 8125.95 9.14242 479.648 9483.05 -60359.5
41 8305.07 9.87264 396.443 9315 -43702
42 8487.42 8.11652 350.589 9203.45 -32012
43 8671.98 6.25739 304.575 9088.15 -22118.3
44 8858.89 4.2982 255.831 8969.6 -14458.3
45 9048.26 3.20262 203.751 8858.12 -9377.24
46 9240.02 2.61553 159.831 8771.86 -6151.76
47 9433.66 2.15347 125.528 8705.87 -4091.46
48 9628.77 1.78752 98.8568 8654.76 -2756.24
49 9825.03 1.31166 78.1178 8613.37 -1882.66
50 10022.2 2.19743 58.6584 8589.38 -1453.33
51 10220 2.0833 55.1437 8584.3 -1305.78
52 10417.9 1.96067 52.4402 8578.84 -1156.02
53 10615.9 1.82915 49.5654 8573 -1005.63
54 10814 1.69215 46.4244 8566.93 -860.205
55 11012.3 1.55264 43.1107 8560.76 -723.792
56 11210.7 1.41286 39.7047 8554.6 -599.058
57 11409.2 1.27517 36.2682 8548.53 -487.69
58 11607.9 1.14138 32.8564 8542.65 -390.511
59 11806.8 1.01314 29.5199 8537.03 -307.569
60 12005.8 0.891953 26.3034 8531.73 -238.277
61 12204.8 0.778847 23.2442 8526.79 -181.582
62 12404.1 0.674468 20.372 8522.24 -136.127
63 12603.4 0.57938 17.7084 8518.1 -100.397
64 12802.8 0.493596 15.2673 8514.37 -72.8517
65 13002.3 0.417128 13.0558 8511.05 -52.0164
66 13201.9 0.349752 11.0743 8508.12 -36.5474
67 13401.5 0.290847 9.31804 8505.57 -25.2719
68 13601.2 0.23995 7.77758 8503.37 -17.1998
69 13801 0.196437 6.44009 8501.48 -11.5232
70 14000.8 0.159526 5.29061 8499.89 -7.60033
71 14200.6 0.128592 4.3122 8498.55 -4.93571
72 14400.5 0.102848 3.4872 8497.44 -3.15637
73 14600.4 0.0815894 2.7982 8496.52 -1.98803
74 14800.3 0.0642658 2.22788 8495.77 -1.23352
75 15000.2 0.0502483 1.76012 8495.17 -0.754152
76 15200.2 0.0390651 1.37963 8494.68 -0.454553
77 15400.1 0.0300866 1.07265 8494.3 -0.270322
78 15600.1 0.0230768 0.826948 8493.99 -0.158826
79 15800.1 0.017642 0.631382 8493.76 -0.0924549
80 16000 0.0133887 0.476455 8493.58 -0.053624
81 16200 0.0102379 0.353759 8493.44 -0.0313041
82 16400 0.00795363 0.255887 8493.34 -0.0187658
83 16600 0.00629946 0.176509 8493.27 -0.0119616
84 16800 0.00535422 0.109436 8493.23 -0.00856914
85 17000 0.00496036 0.0489639 8493.21 -0.00738444
86 17200 0.00519668 -0.0110693 8493.22 -0.0080652
87 17400 0.00614192 -0.0776759 8493.26 -0.0111845
88 17600 0.00795363 -0.159541 8493.34 -0.0187457
89 17800 0.0109469 -0.268377 8493.47 -0.0355687
90 18000 0.0155941 -0.420232 8493.67 -0.0724242
91 18200 0.022683 -0.638412 8493.98 -0.153073
92 18399.9 0.033237 -0.956417 8494.43 -0.329597
93 18599.9 0.049067 -1.42343 8495.11 -0.716013
94 18799.8 0.0724553 -2.1122 8496.12 -1.56216
95 18999.8 0.107099 -3.1298 8497.62 -3.41518
96 19199.7 0.158346 -4.63424 8499.84 -7.47266
97 19399.5 0.234285 -6.85947 8503.12 -16.3565
98 19599.3 0.346528 -10.1511 8507.98 -35.8045
99 19798.9 1.09204 -15.0202 8446.03 356.478
