NTS LL(mkm)  STRESS(GPa)   VEL(m / s)  DENS(kg/m3)  ENERGY(J) 
0 1357.4 30.393 900 10943.6 -341134
1 1512.61 30.3926 899.836 10943.6 -341743
2 1667.83 30.3918 899.67 10943.5 -341846
3 1823.04 30.3904 899.502 10943.4 -341938
4 1978.26 30.3885 899.33 10943.2 -342047
5 2133.48 30.3855 899.15 10943 -342046
6 2288.7 30.3811 898.956 10942.6 -341867
7 2443.93 30.3745 898.738 10942 -341773
8 2599.17 30.3644 898.48 10941.2 -341541
9 2754.41 30.3489 898.154 10939.8 -341251
10 2909.68 30.3254 897.721 10937.8 -340743
11 3064.98 30.2899 897.122 10934.8 -340045
12 3220.32 30.2377 896.271 10930.3 -338861
13 3375.72 30.162 895.054 10923.8 -337242
14 3531.22 30.0547 893.32 10914.6 -334933
15 3686.84 29.9057 890.873 10902 -331727
16 3842.65 29.7033 887.476 10884.8 -327393
17 3998.7 29.4336 882.838 10862.1 -321756
18 4155.08 29.0811 876.623 10832.6 -314381
19 4311.89 28.6285 868.445 10795 -305152
20 4469.24 28.0565 857.873 10748.2 -293735
21 4627.27 27.3445 844.433 10690.8 -279907
22 4786.16 26.4695 827.61 10621.5 -263495
23 4946.08 25.4061 806.849 10539.1 -244413
24 5107.25 24.1259 781.55 10442.5 -222673
25 5269.91 22.5961 751.04 10330.6 -198430
26 5434.33 20.7781 714.546 10202.3 -172018
27 5600.82 18.6209 671.221 10056.3 -144033
28 5769.73 16.061 620.269 9891.05 -115216
29 5941.46 12.991 560.944 9703.47 -86885
30 6116.52 9.31628 490.774 9492.68 -61355.3
31 6295.45 9.8368 403.512 9312.67 -43431.6
32 6477.85 7.91731 352.912 9190.96 -30823.8
33 6662.66 5.9076 302.224 9066.76 -20539.5
34 6850.01 3.81368 249.304 8940.74 -12999.6
35 7039.99 3.01645 194.393 8830.5 -8278.46
36 7232.35 2.44167 150.971 8746.84 -5327.77
37 7426.54 1.9956 116.978 8683.7 -3483.97
38 7622.15 1.61885 90.2349 8636 -2326.84
39 7818.84 1.06885 69.7887 8595.42 -1594.36
40 8016.45 2.10527 56.412 8585.28 -1333.23
41 8214.3 1.93205 53.6439 8577.57 -1122.15
42 8412.33 1.75493 49.4484 8569.71 -925.205
43 8610.54 1.57748 45.1196 8561.86 -747.09
44 8808.93 1.40254 40.7624 8554.14 -590.161
45 9007.5 1.2333 36.4261 8546.69 -455.998
46 9206.25 1.07253 32.1915 8539.64 -344.672
47 9405.16 0.92261 28.1364 8533.07 -254.9
48 9604.22 0.785124 24.3236 8527.06 -184.47
49 9803.42 0.660966 20.7996 8521.65 -130.662
50 10002.7 0.550475 17.595 8516.84 -90.5974
51 10202.2 0.453676 14.7254 8512.63 -61.5052
52 10401.7 0.369959 12.1934 8509 -40.8908
53 10601.3 0.298634 9.99104 8505.91 -26.628
54 10801 0.238534 8.1014 8503.3 -16.9881
55 11000.8 0.188647 6.50166 8501.15 -10.6203
56 11200.6 0.147641 5.16471 8499.37 -6.5073
57 11400.5 0.1145 4.06134 8497.94 -3.90878
58 11600.3 0.0878885 3.16182 8496.79 -2.30208
59 11800.3 0.0667857 2.43704 8495.88 -1.32976
60 12000.2 0.0502483 1.86024 8495.17 -0.753464
61 12200.1 0.03749 1.4061 8494.62 -0.418874
62 12400.1 0.0277238 1.0526 8494.19 -0.228545
63 12600.1 0.0202413 0.780469 8493.87 -0.122405
64 12800.1 0.0147277 0.573219 8493.63 -0.0643626
65 13000 0.010553 0.417047 8493.45 -0.0332401
66 13200 0.00755978 0.300529 8493.32 -0.0168642
67 13400 0.00527545 0.214524 8493.23 -0.00840944
68 13600 0.00370003 0.151679 8493.16 -0.00412369
69 13800 0.00259723 0.106222 8493.11 -0.00198924
70 14000 0.00180951 0.0736678 8493.08 -0.00094428
71 14200 0.0012581 0.0505369 8493.05 -0.000441597
72 14400 0.000864242 0.0342783 8493.03 -0.00020366
73 14600 0.000549152 0.0228977 8493.02 -9.31313e-05
74 14800 0.000391606 0.0150907 8493.01 -4.22152e-05
75 15000 0.000234061 0.00977842 8493.01 -1.89285e-05
76 15200 0.000155296 0.00614569 8493.01 -8.43149e-06
77 15400 7.63863e-05 0.00379834 8493 -3.57848e-06
78 15600 7.63863e-05 0.00192759 8493 -1.73717e-06
79 15800 7.63863e-05 0.000945433 8493 -8.3334e-07
80 16000 7.63863e-05 0.000455475 8493 -3.97715e-07
81 16200 7.63863e-05 0.000217772 8493 -1.89398e-07
82 16400 7.63863e-05 0.000103661 8493 -9.02278e-08
83 16600 7.63863e-05 4.88998e-05 8493 -4.34459e-08
84 16800 7.63863e-05 2.22621e-05 8493 -2.21477e-08
85 17000 7.63863e-05 8.46571e-06 8493 -1.40479e-08
86 17200 7.63863e-05 -4.105e-07 8493 -1.44384e-08
87 17400 7.63863e-05 -9.32746e-06 8493 -2.33521e-08
88 17600 7.63863e-05 -2.29087e-05 8493 -4.5245e-08
89 17800 7.63863e-05 -4.76933e-05 8493 -9.08099e-08
90 18000 7.63863e-05 -9.52091e-05 8493 -1.81771e-07
91 18200 7.63863e-05 -0.000187544 8493 -3.60954e-07
92 18400 7.63863e-05 -0.000368733 8493 -7.13289e-07
93 18600 7.63863e-05 -0.000728653 8493 -1.4096e-06
94 18800 7.63863e-05 -0.00144543 8493 -2.79016e-06
95 19000 0.000155296 -0.0028161 8493 -5.81469e-06
96 19200 0.000234061 -0.00423777 8493.01 -1.13977e-05
97 19400 0.000312834 -0.00682765 8493.01 -2.28434e-05
98 19600 0.000391606 -0.0105035 8493.02 -4.09694e-05
99 19800 0.00117933 -0.0156889 8492.95 0.0267072
