NTS LL(mkm)  STRESS(GPa)   VEL(m / s)  DENS(kg/m3)  ENERGY(J) 
0 1804.17 30.4446 900 10948.1 -342262
1 1959.32 30.4445 899.903 10948 -342876
2 2114.47 30.4441 899.805 10948 -342988
3 2269.62 30.4436 899.707 10948 -343098
4 2424.77 30.4428 899.607 10947.9 -343234
5 2579.93 30.4419 899.505 10947.8 -343278
6 2735.08 30.4407 899.402 10947.7 -343170
7 2890.24 30.4394 899.296 10947.6 -343191
8 3045.39 30.4378 899.186 10947.5 -343143
9 3200.55 30.4358 899.072 10947.3 -343147
10 3355.72 30.4333 898.951 10947.1 -343097
11 3510.88 30.4301 898.822 10946.8 -343101
12 3666.05 30.426 898.681 10946.5 -342961
13 3821.22 30.4205 898.52 10946 -342859
14 3976.4 30.4128 898.331 10945.3 -342698
15 4131.59 30.4022 898.099 10944.4 -342456
16 4286.79 30.3873 897.804 10943.1 -342108
17 4442.02 30.3664 897.418 10941.3 -341701
18 4597.26 30.3373 896.901 10938.8 -341025
19 4752.54 30.297 896.202 10935.4 -340175
20 4907.87 30.2419 895.253 10930.6 -338999
21 5063.27 30.1672 893.966 10924.3 -337398
22 5218.76 30.0678 892.233 10915.8 -335258
23 5374.37 29.9369 889.923 10904.6 -332447
24 5530.14 29.7669 886.875 10890.2 -328814
25 5686.12 29.5493 882.905 10871.8 -324196
26 5842.35 29.274 877.796 10848.7 -318412
27 5998.93 28.9299 871.305 10820 -311351
28 6155.91 28.5049 863.158 10784.9 -302689
29 6313.41 27.9851 853.049 10742.4 -292379
30 6471.53 27.3553 840.645 10691.7 -280122
31 6630.4 26.5987 825.575 10631.6 -265911
32 6790.17 25.6961 807.433 10561.4 -249519
33 6951 24.6252 785.77 10479.9 -231020
34 7113.09 23.3609 760.073 10386.1 -210310
35 7276.63 21.8717 729.751 10278.9 -187621
36 7441.88 20.1199 694.076 10157.1 -163147
37 7609.12 18.0574 652.222 10019.2 -137303
38 7778.65 15.6199 603.43 9863.41 -110723
39 7950.86 12.7005 546.966 9686.28 -84493.3
40 8126.22 9.18745 480.377 9485.54 -60613
41 8305.3 9.89332 397.201 9316.33 -43853.2
42 8487.62 8.13679 351.17 9204.75 -32136.5
43 8672.16 6.27918 305.121 9089.49 -22219.9
44 8859.03 4.32164 256.394 8970.99 -14532.8
45 9048.38 3.21049 204.334 8859.27 -9424.18
46 9240.11 2.62138 160.285 8772.74 -6181.7
47 9433.73 2.1581 125.887 8706.54 -4110.62
48 9628.82 1.79126 99.1378 8655.28 -2768.62
49 9825.07 1.3182 78.3107 8613.85 -1891.18
50 10022.3 2.19938 58.7908 8589.47 -1455.93
51 10220 2.08486 55.2035 8584.37 -1307.66
52 10417.9 1.96223 52.4765 8578.91 -1157.89
53 10615.9 1.83087 49.6021 8573.08 -1007.54
54 10814 1.69403 46.4654 8567.01 -862.073
55 11012.3 1.55451 43.1547 8560.84 -725.554
56 11210.7 1.41481 39.7505 8554.68 -600.676
57 11409.3 1.27705 36.3147 8548.61 -489.14
58 11608 1.14318 32.903 8542.73 -391.78
59 11806.8 1.01494 29.5658 8537.11 -308.655
60 12005.8 0.893678 26.348 8531.8 -239.186
61 12204.9 0.780416 23.2869 8526.86 -182.328
62 12404.1 0.67596 20.4124 8522.3 -136.726
63 12603.4 0.580715 17.746 8518.15 -100.868
64 12802.8 0.494853 15.302 8514.42 -73.2157
65 13002.3 0.418228 13.0874 8511.09 -52.292
66 13201.9 0.350695 11.1028 8508.16 -36.7522
67 13401.5 0.291712 9.34345 8505.61 -25.4214
68 13601.2 0.240737 7.79998 8503.4 -17.3068
69 13801 0.197067 6.45963 8501.51 -11.5986
70 14000.8 0.160077 5.3075 8499.91 -7.65241
71 14200.6 0.129064 4.32662 8498.57 -4.97111
72 14400.5 0.103242 3.49942 8497.45 -3.18002
73 14600.4 0.0819043 2.80846 8496.53 -2.00356
74 14800.3 0.0645808 2.2364 8495.78 -1.24355
75 15000.2 0.0504846 1.76713 8495.18 -0.760534
76 15200.2 0.0392227 1.38533 8494.69 -0.458556
77 15400.1 0.0302442 1.07729 8494.3 -0.27279
78 15600.1 0.0231556 0.830628 8494 -0.160333
79 15800.1 0.0177208 0.634282 8493.76 -0.0933674
80 16000 0.0134674 0.478737 8493.58 -0.0541726
81 16200 0.0103167 0.355475 8493.44 -0.0316388
82 16400 0.00795363 0.257144 8493.34 -0.0189767
83 16600 0.00637823 0.17739 8493.27 -0.0121028
84 16800 0.00543299 0.109928 8493.23 -0.00867734
85 17000 0.00503914 0.0491069 8493.21 -0.00748399
86 17200 0.00527545 -0.0113243 8493.22 -0.00818094
87 17400 0.00614192 -0.0783999 8493.26 -0.0113527
88 17600 0.0080324 -0.160868 8493.34 -0.0190353
89 17800 0.0110256 -0.270528 8493.47 -0.0361247
90 18000 0.0157517 -0.423559 8493.68 -0.0735623
91 18200 0.0228405 -0.643451 8493.98 -0.155486
92 18399.9 0.0335521 -0.963928 8494.44 -0.334789
93 18599.9 0.0493821 -1.43465 8495.13 -0.727318
94 18799.8 0.0730065 -2.1288 8496.15 -1.58682
95 18999.8 0.107887 -3.1544 8497.66 -3.46907
96 19199.7 0.159605 -4.67064 8499.89 -7.59053
97 19399.5 0.236095 -6.91336 8503.2 -16.6144
98 19599.3 0.34928 -10.2308 8508.1 -36.3689
99 19798.9 1.10066 -15.1381 8445.67 362.097
