NTS LL(mkm)  STRESS(GPa)   VEL(m / s)  DENS(kg/m3)  ENERGY(J) 
0 1808.24 30.445 900 10948.1 -342270
1 1963.39 30.4448 899.903 10948.1 -342883
2 2118.55 30.4445 899.806 10948 -342996
3 2273.7 30.4439 899.708 10948 -343106
4 2428.85 30.4432 899.608 10947.9 -343242
5 2584 30.4423 899.507 10947.9 -343286
6 2739.15 30.4411 899.404 10947.8 -343178
7 2894.31 30.4398 899.298 10947.6 -343199
8 3049.47 30.4382 899.189 10947.5 -343152
9 3204.62 30.4362 899.076 10947.3 -343157
10 3359.79 30.4338 898.956 10947.1 -343107
11 3514.95 30.4306 898.828 10946.9 -343112
12 3670.12 30.4266 898.688 10946.5 -342974
13 3825.29 30.4211 898.529 10946 -342874
14 3980.47 30.4137 898.342 10945.4 -342717
15 4135.66 30.4033 898.114 10944.5 -342480
16 4290.86 30.3887 897.824 10943.2 -342139
17 4446.08 30.3683 897.445 10941.5 -341743
18 4601.32 30.3399 896.94 10939 -341081
19 4756.6 30.3005 896.255 10935.7 -340251
20 4911.93 30.2466 895.327 10931 -339101
21 5067.32 30.1736 894.068 10924.8 -337536
22 5222.8 30.0763 892.373 10916.5 -335441
23 5378.4 29.9481 890.112 10905.6 -332688
24 5534.16 29.7816 887.128 10891.4 -329126
25 5690.11 29.5682 883.238 10873.4 -324595
26 5846.33 29.2981 878.23 10850.7 -318914
27 6002.87 28.9603 871.862 10822.5 -311974
28 6159.82 28.5427 863.864 10788 -303451
29 6317.28 28.0317 853.935 10746.2 -293297
30 6475.34 27.4122 841.743 10696.2 -281213
31 6634.15 26.6676 826.923 10637.1 -267189
32 6793.83 25.779 809.072 10567.8 -250994
33 6954.57 24.7245 787.745 10487.4 -232697
34 7116.53 23.4792 762.434 10394.8 -212189
35 7279.94 22.0124 732.554 10288.9 -189692
36 7445.03 20.287 697.402 10168.5 -165382
37 7612.08 18.255 656.212 10032.1 -139644
38 7781.39 15.8529 608.231 9877.98 -113074
39 7953.35 12.9821 552.472 9702.94 -86766.4
40 8128.41 9.5468 486.107 9505.49 -62680.8
41 8307.11 10.0612 403.347 9327.15 -45094.7
42 8489.22 8.30344 355.947 9215.2 -33148.1
43 8673.55 6.45426 309.53 9100.22 -23044.7
44 8860.2 4.50823 260.893 8982.15 -15142.8
45 9049.31 3.27298 209.044 8868.6 -9808.87
46 9240.84 2.67084 163.964 8779.89 -6426.8
47 9434.31 2.19698 128.787 8712.02 -4267.59
48 9629.28 1.8218 101.389 8659.52 -2870.52
49 9825.43 1.37114 79.85 8617.76 -1961.79
50 10022.5 2.21644 59.8899 8590.23 -1478.72
51 10220.3 2.09732 55.7328 8584.92 -1323.44
52 10418.1 1.97494 52.7897 8579.48 -1173
53 10616.1 1.84468 49.8986 8573.69 -1022.82
54 10814.2 1.70855 46.7914 8567.66 -877.024
55 11012.5 1.56951 43.5051 8561.51 -739.691
56 11210.9 1.42999 40.1153 8555.35 -613.681
57 11409.4 1.29215 36.6866 8549.28 -500.813
58 11608.1 1.15798 33.2756 8543.38 -402.015
59 11806.9 1.02921 29.9334 8537.74 -317.429
60 12005.9 0.907321 26.7053 8532.4 -246.545
61 12205 0.793205 23.6294 8527.42 -188.371
62 12404.2 0.687892 20.7363 8522.82 -141.587
63 12603.5 0.591632 18.0486 8518.63 -104.701
64 12802.9 0.504753 15.5812 8514.85 -76.1789
65 13002.3 0.427189 13.342 8511.48 -54.5394
66 13201.9 0.358558 11.3324 8508.51 -38.4249
67 13401.5 0.298634 9.5482 8505.91 -26.6435
68 13601.2 0.246716 7.98064 8503.66 -18.1837
69 13801 0.202261 6.61743 8501.74 -12.2165
70 14000.8 0.164485 5.44392 8500.1 -8.08028
71 14200.6 0.132764 4.44329 8498.73 -5.26234
72 14400.5 0.106312 3.59837 8497.59 -3.37486
73 14600.4 0.0845027 2.89147 8496.65 -2.13179
74 14800.3 0.0667069 2.30551 8495.88 -1.32653
75 15000.2 0.0522171 1.824 8495.25 -0.8134
76 15200.2 0.0406403 1.43175 8494.75 -0.491722
77 15400.1 0.0313468 1.1148 8494.35 -0.293302
78 15600.1 0.0241007 0.860614 8494.04 -0.172867
79 15800.1 0.0184297 0.657986 8493.79 -0.100956
80 16000.1 0.0140188 0.49713 8493.6 -0.0587626
81 16200 0.0107105 0.369476 8493.46 -0.0344431
82 16400 0.00834748 0.267483 8493.36 -0.0207415
83 16600 0.00669331 0.184417 8493.29 -0.013297
84 16800 0.0056693 0.113954 8493.24 -0.0095943
85 17000 0.00527545 0.0501919 8493.23 -0.00833349
86 17200 0.00551176 -0.013437 8493.24 -0.00916918
87 17400 0.00653577 -0.0843885 8493.28 -0.0127889
88 17600 0.00850502 -0.17185 8493.36 -0.0215098
89 17800 0.0117345 -0.288401 8493.5 -0.0408909
90 18000 0.0166969 -0.451202 8493.72 -0.0833399
91 18200 0.024337 -0.685143 8494.05 -0.176193
92 18399.9 0.0356786 -1.02633 8494.54 -0.379433
93 18599.9 0.0526109 -1.52743 8495.27 -0.824341
94 18799.8 0.0777311 -2.26646 8496.35 -1.79855
95 18999.8 0.114894 -3.35829 8497.96 -3.9319
96 19199.6 0.169916 -4.97245 8500.34 -8.60305
97 19399.5 0.251358 -7.35989 8503.86 -18.8299
98 19599.2 0.371767 -10.8913 8509.08 -41.2167
99 19798.8 1.17153 -16.1149 8442.63 410.356
