NTS LL(mkm)  STRESS(GPa)   VEL(m / s)  DENS(kg/m3)  ENERGY(J) 
0 1358.42 30.3931 900 10943.6 -341137
1 1513.63 30.3927 899.836 10943.6 -341746
2 1668.85 30.392 899.67 10943.5 -341849
3 1824.06 30.3906 899.503 10943.4 -341941
4 1979.28 30.3886 899.331 10943.2 -342050
5 2134.5 30.3857 899.151 10943 -342050
6 2289.72 30.3813 898.957 10942.6 -341871
7 2444.95 30.3747 898.74 10942 -341778
8 2600.18 30.3647 898.483 10941.2 -341547
9 2755.43 30.3493 898.159 10939.9 -341260
10 2910.7 30.3259 897.728 10937.8 -340755
11 3065.99 30.2907 897.132 10934.8 -340062
12 3221.33 30.2388 896.286 10930.4 -338886
13 3376.73 30.1636 895.077 10923.9 -337276
14 3532.23 30.0569 893.353 10914.8 -334982
15 3687.85 29.9089 890.922 10902.2 -331795
16 3843.65 29.7076 887.544 10885.2 -327484
17 3999.7 29.4394 882.933 10862.5 -321878
18 4156.07 29.0888 876.753 10833.2 -314539
19 4312.87 28.6384 868.618 10795.9 -305353
20 4470.21 28.0693 858.1 10749.3 -293986
21 4628.23 27.3605 844.725 10692.1 -280213
22 4787.09 26.4894 827.981 10623.1 -263860
23 4946.99 25.4306 807.314 10541 -244840
24 5108.13 24.1556 782.123 10444.8 -223163
25 5270.76 22.632 751.738 10333.2 -198979
26 5435.14 20.8214 715.391 10205.3 -172617
27 5601.58 18.6727 672.249 10059.7 -144665
28 5770.44 16.1224 621.525 9894.91 -115851
29 5942.1 13.0651 562.405 9707.87 -87493.3
30 6117.07 9.41074 492.304 9497.92 -61898.4
31 6295.91 9.88234 405.134 9315.61 -43765
32 6478.25 7.96281 354.19 9193.82 -31091.8
33 6663 5.95501 303.445 9069.66 -20748.2
34 6850.29 3.86312 250.59 8943.67 -13139.8
35 7040.21 3.03168 195.545 8832.76 -8366.15
36 7232.52 2.45378 151.861 8748.58 -5383.33
37 7426.67 2.00523 117.666 8685.05 -3519.66
38 7622.25 1.63261 90.8265 8637.01 -2348.87
39 7818.92 1.07802 70.5215 8596.1 -1604.21
40 8016.52 2.10823 56.305 8585.41 -1337.01
41 8214.37 1.93665 53.6814 8577.77 -1127.51
42 8412.39 1.75969 49.5584 8569.92 -930.268
43 8610.59 1.58233 45.2362 8562.07 -751.674
44 8808.98 1.40739 40.8801 8554.35 -594.219
45 9007.55 1.238 36.5443 8546.9 -459.483
46 9206.28 1.07708 32.3082 8539.83 -347.576
47 9405.19 0.926844 28.2493 8533.26 -257.249
48 9604.24 0.789047 24.4308 8527.23 -186.318
49 9803.44 0.664498 20.8996 8521.8 -132.077
50 10002.8 0.553696 17.6866 8516.98 -91.6535
51 10202.2 0.456505 14.808 8512.75 -62.2735
52 10401.7 0.372396 12.2669 8509.11 -41.4359
53 10601.4 0.300679 10.0554 8506 -27.0057
54 10801.1 0.240344 8.15707 8503.38 -17.2436
55 11000.8 0.190142 6.54907 8501.21 -10.7892
56 11200.6 0.148901 5.20461 8499.43 -6.61645
57 11400.5 0.115445 4.09443 8497.98 -3.9778
58 11600.3 0.0886758 3.18896 8496.82 -2.34479
59 11800.3 0.0674156 2.45907 8495.91 -1.35559
60 12000.2 0.0507996 1.87787 8495.19 -0.768772
61 12200.1 0.0378838 1.42004 8494.63 -0.427764
62 12400.1 0.0279601 1.0635 8494.21 -0.233603
63 12600.1 0.0204776 0.788915 8493.88 -0.125225
64 12800.1 0.0148852 0.579667 8493.64 -0.0659072
65 13000 0.0107105 0.42196 8493.46 -0.0340672
66 13200 0.00763855 0.304193 8493.33 -0.0172998
67 13400 0.00535422 0.217264 8493.23 -0.00863344
68 13600 0.0037788 0.153665 8493.16 -0.00423767
69 13800 0.00259723 0.107678 8493.11 -0.00204595
70 14000 0.00180951 0.0746996 8493.08 -0.000972356
71 14200 0.0012581 0.0512741 8493.05 -0.000455319
72 14400 0.000864242 0.0348036 8493.03 -0.000210251
73 14600 0.000549152 0.0232989 8493.02 -9.60185e-05
74 14800 0.000391606 0.0153311 8493.01 -4.36076e-05
75 15000 0.000234061 0.00997311 8493.01 -1.9501e-05
76 15200 0.000155296 0.00626753 8493.01 -8.67739e-06
77 15400 0.000155296 0.00385037 8493 -3.72295e-06
78 15600 7.63863e-05 0.00200167 8493 -1.78806e-06
79 15800 7.63863e-05 0.000971942 8493 -8.58614e-07
80 16000 7.63863e-05 0.000469083 8493 -4.09994e-07
81 16200 7.63863e-05 0.000224446 8493 -1.95296e-07
82 16400 7.63863e-05 0.000106868 8493 -9.30588e-08
83 16600 7.63863e-05 5.04196e-05 8493 -4.4823e-08
84 16800 7.63863e-05 2.29561e-05 8493 -2.28611e-08
85 17000 7.63863e-05 8.73171e-06 8493 -1.45066e-08
86 17200 7.63863e-05 -4.12443e-07 8493 -1.48988e-08
87 17400 7.63863e-05 -9.57898e-06 8493 -2.40524e-08
88 17600 7.63863e-05 -2.35131e-05 8493 -4.65228e-08
89 17800 7.63863e-05 -4.892e-05 8493 -9.32593e-08
90 18000 7.63863e-05 -9.76285e-05 8493 -1.86533e-07
91 18200 7.63863e-05 -0.000192343 8493 -3.70302e-07
92 18400 7.63863e-05 -0.000378382 8493 -7.31858e-07
93 18600 7.63863e-05 -0.000747877 8493 -1.4465e-06
94 18800 7.63863e-05 -0.00148056 8493 -2.86047e-06
95 19000 0.000155296 -0.00287196 8493 -5.96491e-06
96 19200 0.000234061 -0.00435206 8493.01 -1.18014e-05
97 19400 0.000312834 -0.00693876 8493.01 -2.36123e-05
98 19600 0.000391606 -0.0106382 8493.02 -4.23376e-05
99 19800 0.00117933 -0.0159344 8492.95 0.02672
