NTS LL(mkm)  STRESS(GPa)   VEL(m / s)  DENS(kg/m3)  ENERGY(J) 
0 1799.58 30.4442 900 10948 -342253
1 1954.74 30.444 899.902 10948 -342867
2 2109.89 30.4437 899.804 10948 -342979
3 2265.04 30.4431 899.705 10947.9 -343088
4 2420.19 30.4424 899.605 10947.9 -343225
5 2575.35 30.4415 899.503 10947.8 -343268
6 2730.5 30.4403 899.399 10947.7 -343160
7 2885.66 30.439 899.292 10947.6 -343181
8 3040.81 30.4373 899.182 10947.4 -343132
9 3195.97 30.4352 899.067 10947.3 -343136
10 3351.14 30.4327 898.946 10947 -343085
11 3506.3 30.4295 898.816 10946.8 -343088
12 3661.47 30.4253 898.673 10946.4 -342946
13 3816.65 30.4196 898.51 10945.9 -342841
14 3971.83 30.4118 898.318 10945.2 -342677
15 4127.02 30.4009 898.082 10944.3 -342429
16 4282.22 30.3857 897.781 10943 -342072
17 4437.44 30.3643 897.386 10941.1 -341654
18 4592.69 30.3344 896.857 10938.6 -340961
19 4747.98 30.293 896.141 10935 -340088
20 4903.31 30.2364 895.167 10930.2 -338881
21 5058.72 30.1599 893.848 10923.6 -337240
22 5214.22 30.058 892.072 10914.9 -335047
23 5369.84 29.9239 889.705 10903.5 -332170
24 5525.62 29.7501 886.584 10888.8 -328456
25 5681.62 29.5275 882.522 10870 -323739
26 5837.88 29.2463 877.298 10846.4 -317836
27 5994.49 28.8951 870.666 10817.1 -310637
28 6151.52 28.4615 862.347 10781.3 -301817
29 6309.07 27.9316 852.033 10738.1 -291328
30 6467.25 27.2901 839.385 10686.4 -278876
31 6626.2 26.5197 824.031 10625.4 -264453
32 6786.07 25.6011 805.557 10554.1 -247838
33 6947.01 24.5117 783.508 10471.4 -229111
34 7109.22 23.2256 757.369 10376.2 -208175
35 7272.92 21.7106 726.545 10267.5 -185271
36 7438.36 19.9284 690.285 10144 -160612
37 7605.8 17.8306 647.684 10004.4 -134653
38 7775.59 15.3535 597.898 9846.83 -108081
39 7948.09 12.3822 540.469 9667.55 -81988.1
40 8123.79 8.78117 473.684 9463.13 -58375.5
41 8303.29 9.71007 390.495 9304.57 -42525.1
42 8485.85 7.95094 346.09 9193.1 -31029.8
43 8670.61 6.08179 300.234 9077.41 -21316.6
44 8857.74 4.11114 251.298 8958.43 -13875.4
45 9047.35 3.14196 199.13 8849.05 -9010.67
46 9239.3 2.56728 156.259 8764.91 -5917.62
47 9433.1 2.11564 122.693 8700.54 -3941.56
48 9628.33 1.75799 96.6094 8650.7 -2659.98
49 9824.68 1.26023 76.5623 8609.58 -1817.02
50 10022 2.18318 57.6483 8588.75 -1434.53
51 10219.7 2.07176 54.7212 8583.78 -1291.26
52 10417.6 1.94796 52.1702 8578.28 -1141
53 10615.6 1.81518 49.2724 8572.38 -990.288
54 10813.8 1.67747 46.0935 8566.28 -845.278
55 11012.1 1.53755 42.7567 8560.09 -709.746
56 11210.5 1.39769 39.3378 8553.93 -586.182
57 11409.1 1.26007 35.8952 8547.87 -476.17
58 11607.8 1.12658 32.4833 8542 -380.442
59 11806.7 0.998958 29.1527 8536.41 -298.965
60 12005.6 0.878465 25.9471 8531.14 -231.083
61 12204.7 0.766136 22.9034 8526.23 -175.693
62 12404 0.662693 20.0501 8521.72 -131.404
63 12603.3 0.568541 17.4083 8517.63 -96.6846
64 12802.7 0.483852 14.9909 8513.94 -69.9903
65 13002.2 0.408402 12.8041 8510.67 -49.8527
66 13201.8 0.341967 10.8477 8507.78 -34.942
67 13401.5 0.284083 9.11636 8505.28 -24.1025
68 13601.2 0.234049 7.59991 8503.11 -16.3632
69 13800.9 0.191401 6.28521 8501.26 -10.9355
70 14000.7 0.155276 5.15693 8499.7 -7.19455
71 14200.6 0.12497 4.19797 8498.39 -4.66038
72 14400.4 0.0997775 3.39051 8497.31 -2.97273
73 14600.3 0.0791484 2.71714 8496.41 -1.8676
74 14800.3 0.0622184 2.16068 8495.68 -1.15578
75 15000.2 0.0485945 1.70479 8495.1 -0.704786
76 15200.2 0.0377263 1.33456 8494.62 -0.42368
77 15400.1 0.0290627 1.03631 8494.25 -0.251282
78 15600.1 0.0222104 0.797927 8493.96 -0.147227
79 15800.1 0.0169332 0.608392 8493.73 -0.0854701
80 16000 0.0128373 0.458742 8493.55 -0.0494104
81 16200 0.00984409 0.340228 8493.42 -0.0287432
82 16400 0.00755978 0.245947 8493.33 -0.0171607
83 16600 0.00606315 0.169726 8493.26 -0.0108818
84 16800 0.00511791 0.105482 8493.22 -0.0077477
85 17000 0.00472405 0.0478136 8493.2 -0.00663085
86 17200 0.00488159 -0.00917125 8493.21 -0.00719447
87 17400 0.00574807 -0.0721773 8493.25 -0.00992852
88 17600 0.00748101 -0.149332 8493.32 -0.0165878
89 17800 0.0102379 -0.251727 8493.44 -0.0314181
90 18000 0.0146489 -0.394578 8493.63 -0.0639377
91 18200 0.0212652 -0.59947 8493.92 -0.135071
92 18399.9 0.031268 -0.898318 8494.35 -0.290822
93 18599.9 0.0460744 -1.33692 8494.99 -0.63172
94 18799.9 0.0680456 -1.98395 8495.93 -1.37827
95 18999.8 0.100565 -2.93977 8497.34 -3.01316
96 19199.7 0.148743 -4.35293 8499.42 -6.59312
97 19399.5 0.220044 -6.44323 8502.5 -14.4317
98 19599.3 0.325531 -9.53538 8507.07 -31.5928
99 19799 1.02592 -14.1096 8448.87 314.55
