NTS LL(mkm)  STRESS(GPa)   VEL(m / s)  DENS(kg/m3)  ENERGY(J) 
0 1890.25 30.452 900 10948.7 -342422
1 2045.4 30.4518 899.91 10948.7 -343036
2 2200.54 30.4515 899.82 10948.6 -343151
3 2355.68 30.451 899.729 10948.6 -343262
4 2510.82 30.4504 899.637 10948.6 -343401
5 2665.97 30.4497 899.544 10948.5 -343448
6 2821.11 30.4487 899.449 10948.4 -343344
7 2976.26 30.4476 899.352 10948.3 -343370
8 3131.4 30.4462 899.253 10948.2 -343328
9 3286.55 30.4446 899.15 10948.1 -343341
10 3441.7 30.4427 899.043 10947.9 -343303
11 3596.86 30.4403 898.931 10947.7 -343323
12 3752.01 30.4373 898.811 10947.4 -343209
13 3907.17 30.4335 898.681 10947.1 -343144
14 4062.34 30.4285 898.533 10946.7 -343040
15 4217.51 30.4217 898.361 10946.1 -342880
16 4372.69 30.4123 898.153 10945.3 -342653
17 4527.88 30.3994 897.891 10944.2 -342419
18 4683.08 30.3815 897.552 10942.6 -341987
19 4838.31 30.3567 897.104 10940.5 -341474
20 4993.57 30.3226 896.504 10937.6 -340753
21 5148.87 30.2761 895.694 10933.6 -339759
22 5304.22 30.2136 894.602 10928.2 -338406
23 5459.66 30.1301 893.139 10921.1 -336603
24 5615.19 30.0204 891.193 10911.7 -334232
25 5770.86 29.8777 888.63 10899.6 -331164
26 5926.7 29.6948 885.293 10884.1 -327252
27 6082.76 29.4628 880.997 10864.5 -322409
28 6239.11 29.1722 875.531 10840.2 -316327
29 6395.8 28.8123 868.656 10810.2 -308963
30 6552.93 28.3708 860.106 10773.9 -300009
31 6710.59 27.8347 849.583 10730.2 -289429
32 6868.89 27.1891 836.759 10678.4 -276946
33 7027.96 26.4173 821.275 10617.4 -262561
34 7187.94 25.5008 802.731 10546.4 -246053
35 7349 24.4173 780.686 10464.3 -227507
36 7511.33 23.1409 754.641 10370.1 -206883
37 7675.12 21.6401 724.008 10262.6 -184284
38 7840.64 19.8783 688.053 10140.6 -159919
39 8008.14 17.8051 645.915 10002.7 -134314
40 8177.96 15.3524 596.765 9846.76 -108084
41 8350.46 12.4146 540.021 9669.46 -82253.2
42 8526.13 8.85922 473.81 9467.43 -58807.9
43 8705.54 9.76516 391.19 9308.08 -42921.4
44 8888.03 8.03195 347.093 9198.14 -31506.4
45 9072.7 6.18892 301.896 9083.94 -21800.9
46 9259.69 4.24193 253.628 8966.23 -14280.1
47 9449.13 3.18916 201.975 8856.13 -9295.79
48 9640.93 2.60945 158.717 8770.99 -6120.56
49 9834.59 2.15029 124.899 8705.43 -4080.32
50 10029.7 1.787 98.543 8654.7 -2756.54
51 10226 1.3182 77.9699 8613.85 -1891.08
52 10423.2 2.20218 58.6307 8589.6 -1459.67
53 10620.9 2.09475 55.189 8584.81 -1320.21
54 10818.8 1.97939 52.6324 8579.67 -1178.33
55 11016.8 1.85498 49.9374 8574.15 -1034.36
56 11214.9 1.72456 46.9758 8568.37 -893.584
57 11413.1 1.59085 43.8299 8562.45 -760.01
58 11611.5 1.4561 40.5762 8556.5 -636.385
59 11810 1.32236 37.2726 8550.61 -524.569
60 12008.7 1.19142 33.9705 8544.85 -425.642
61 12207.4 1.06509 30.7179 8539.31 -339.966
62 12406.4 0.94464 27.5585 8534.03 -267.289
63 12605.4 0.831173 24.5295 8529.07 -206.869
64 12804.5 0.725645 21.6619 8524.47 -157.614
65 13003.8 0.628618 18.9796 8520.24 -118.221
66 13203.2 0.540263 16.4993 8516.4 -87.3022
67 13402.6 0.460749 14.2313 8512.94 -63.4782
68 13602.2 0.389929 12.1799 8509.87 -45.4483
69 13801.8 0.327497 10.3436 8507.16 -32.0443
70 14001.4 0.272913 8.71657 8504.79 -22.2518
71 14201.1 0.225788 7.28912 8502.75 -15.22
72 14400.9 0.185341 6.04899 8501 -10.2555
73 14600.7 0.151026 4.98142 8499.52 -6.80895
74 14800.6 0.122136 4.07098 8498.27 -4.45539
75 15000.4 0.0981241 3.30114 8497.23 -2.87463
76 15200.3 0.0782823 2.65569 8496.38 -1.83008
77 15400.3 0.0621396 2.11857 8495.68 -1.15099
78 15600.2 0.0489883 1.67442 8495.11 -0.716867
79 15800.2 0.0385926 1.30885 8494.66 -0.444072
80 16000.1 0.0304017 1.00819 8494.31 -0.275833
81 16200.1 0.0241795 0.759699 8494.04 -0.174405
82 16400.1 0.0196899 0.551084 8493.85 -0.115246
83 16600 0.0166969 0.370062 8493.72 -0.0830806
84 16800 0.0152003 0.204019 8493.66 -0.0691855
85 17000 0.0153578 0.0386431 8493.66 -0.0703821
86 17200 0.017327 -0.142949 8493.75 -0.0895748
87 17400 0.0215803 -0.362532 8493.93 -0.13921
88 17600 0.028984 -0.649873 8494.25 -0.250353
89 17799.9 0.040719 -1.04598 8494.75 -0.493145
90 17999.9 0.0585959 -1.60987 8495.53 -1.02236
91 18199.8 0.0854476 -2.42676 8496.69 -2.17674
92 18399.7 0.125521 -3.6188 8498.42 -4.692
93 18599.6 0.184476 -5.35504 8500.96 -10.1394
94 18799.4 0.270081 -7.84878 8504.67 -21.7451
95 18999.1 0.391029 -11.3134 8509.91 -45.5992
96 19198.8 0.553539 -15.8399 8516.97 -91.4444
97 19398.2 0.755779 -21.2265 8525.78 -170.654
98 19597.4 0.984772 -26.9852 8535.79 -289.988
99 19796.4 1.76199 -32.8658 8340.45 2677.71
