NTS LL(mkm)  STRESS(GPa)   VEL(m / s)  DENS(kg/m3)  ENERGY(J) 
0 905.92 30.2978 900 10935.4 -339060
1 1061.25 30.2943 899.663 10935.1 -339602
2 1216.58 30.2859 899.298 10934.4 -339539
3 1371.93 30.2687 898.861 10932.9 -339286
4 1527.29 30.2366 898.275 10930.2 -338744
5 1682.7 30.1806 897.413 10925.4 -337594
6 1838.17 30.0877 896.075 10917.5 -335505
7 1993.76 29.9409 893.974 10904.9 -332402
8 2149.52 29.719 890.719 10886.1 -327660
9 2305.55 29.3967 885.806 10859 -320915
10 2461.98 28.945 878.622 10821.2 -311558
11 2618.95 28.3322 868.453 10770.7 -299214
12 2776.65 27.5242 854.499 10705.2 -283297
13 2935.32 26.4849 835.904 10622.7 -263730
14 3095.23 25.1765 811.769 10521.6 -240373
15 3256.66 23.5587 781.163 10400.6 -213426
16 3419.98 21.5881 743.083 10258.9 -183425
17 3585.56 19.2128 696.437 10095.7 -151342
18 3753.8 16.3737 640.225 9910.78 -118425
19 3925.19 12.9579 574.142 9701.51 -86550.4
20 4100.28 8.82216 497.205 9465.39 -58598.5
21 4279.73 9.36674 402.507 9282.58 -40086.3
22 4462.72 7.15289 346.244 9143.33 -26555.2
23 4648.5 4.8708 287.576 9003.93 -16398.8
24 4837.15 3.29516 225.829 8871.95 -9946.3
25 5028.6 2.60762 171.584 8770.74 -6111.93
26 5222.27 2.08312 129.95 8695.98 -3813.49
27 5417.6 1.68645 97.802 8640.97 -2434.92
28 5614.18 1.07844 73.889 8596.14 -1605.59
29 5811.78 2.02858 57.9576 8581.86 -1237.07
30 6009.71 1.77187 52.8476 8570.46 -942.792
31 6207.9 1.52317 46.4833 8559.46 -696.077
32 6406.35 1.2891 40.2403 8549.14 -498.071
33 6605.03 1.07355 34.3051 8539.68 -345.148
34 6803.94 0.879955 28.7783 8531.2 -231.688
35 7003.04 0.710026 23.7565 8523.78 -150.733
36 7202.32 0.564143 19.303 8517.43 -95.0927
37 7401.75 0.441415 15.4422 8512.1 -58.2013
38 7601.3 0.340316 12.1657 8507.71 -34.5763
39 7800.95 0.258596 9.44128 8504.17 -19.9472
40 8000.69 0.193604 7.21901 8501.36 -11.18
41 8200.49 0.142918 5.43975 8499.17 -6.09051
42 8400.35 0.104029 4.04049 8497.49 -3.22634
43 8600.24 0.0746601 2.95895 8496.22 -1.66263
44 8800.17 0.0529259 2.13688 8495.28 -0.833833
45 9000.11 0.0369387 1.52201 8494.59 -0.407171
46 9200.08 0.0255185 1.06944 8494.1 -0.193674
47 9400.05 0.017327 0.741384 8493.75 -0.0897825
48 9600.03 0.0116558 0.507202 8493.5 -0.040582
49 9800.02 0.00771732 0.342444 8493.33 -0.0178948
50 10000 0.00511791 0.228165 8493.22 -0.00770409
51 10200 0.00330617 0.150023 8493.14 -0.00324263
52 10400 0.0021246 0.0973464 8493.09 -0.00133538
53 10600 0.00133688 0.0622921 8493.06 -0.000539319
54 10800 0.000864242 0.0392853 8493.04 -0.00021405
55 11000 0.000549152 0.0243482 8493.02 -8.40434e-05
56 11200 0.000312834 0.0148365 8493.01 -3.26594e-05
57 11400 0.000234061 0.00878647 8493.01 -1.26998e-05
58 11600 0.000155296 0.00495907 8493 -5.09069e-06
59 11800 7.63863e-05 0.00270231 8493 -2.09632e-06
60 12000 7.63863e-05 0.00120428 8493 -9.42376e-07
61 12200 7.63863e-05 0.000542037 8493 -4.23139e-07
62 12400 7.63863e-05 0.000244261 8493 -1.89169e-07
63 12600 7.63863e-05 0.000109585 8493 -8.41898e-08
64 12800 7.63863e-05 4.89326e-05 8493 -3.73089e-08
65 13000 7.63863e-05 2.17559e-05 8493 -1.64631e-08
66 13200 7.63863e-05 9.63181e-06 8493 -7.23207e-09
67 13400 7.63863e-05 4.24581e-06 8493 -3.16396e-09
68 13600 7.63863e-05 1.86337e-06 8493 -1.37705e-09
69 13800 7.63863e-05 8.14133e-07 8493 -5.9686e-10
70 14000 7.63863e-05 3.54092e-07 8493 -2.57434e-10
71 14200 7.63863e-05 1.53296e-07 8493 -1.10774e-10
72 14400 7.63863e-05 6.60555e-08 8493 -4.72752e-11
73 14600 7.63863e-05 2.83283e-08 8493 -2.0126e-11
74 14800 7.63863e-05 1.20903e-08 8493 -8.57973e-12
75 15000 7.63863e-05 5.13491e-09 8493 -3.58869e-12
76 15200 7.63863e-05 2.17009e-09 8493 -1.32529e-12
77 15400 7.63863e-05 9.12526e-10 8493 0
78 15600 7.63863e-05 3.81778e-10 8493 0
79 15800 7.63863e-05 1.58909e-10 8493 0
80 16000 7.63863e-05 6.5801e-11 8493 0
81 16200 7.63863e-05 2.71044e-11 8493 0
82 16400 7.63863e-05 1.11057e-11 8493 0
83 16600 7.63863e-05 4.52612e-12 8493 0
84 16800 7.63863e-05 1.83468e-12 8493 0
85 17000 7.63863e-05 7.39647e-13 8493 0
86 17200 7.63863e-05 2.96551e-13 8493 0
87 17400 7.63863e-05 1.1824e-13 8493 0
88 17600 7.63863e-05 4.68814e-14 8493 0
89 17800 7.63863e-05 1.84837e-14 8493 0
90 18000 7.63863e-05 7.24623e-15 8493 0
91 18200 7.63863e-05 2.82459e-15 8493 0
92 18400 7.63863e-05 1.09473e-15 8493 0
93 18600 7.63863e-05 4.21878e-16 8493 0
94 18800 7.63863e-05 1.61765e-16 8493 0
95 19000 7.63863e-05 6.19995e-17 8493 0
96 19200 7.63863e-05 2.45398e-17 8493 0
97 19400 7.63863e-05 1.20564e-17 8493 5.34671e-07
98 19600 7.63863e-05 4.29152e-12 8493 7.3282e-06
99 19800 7.63863e-05 2.65231e-12 8493 0.026289
