NTS LL(mkm)  STRESS(GPa)   VEL(m / s)  DENS(kg/m3)  ENERGY(J) 
0 1359.95 30.3934 900 10943.6 -341142
1 1515.16 30.393 899.836 10943.6 -341751
2 1670.37 30.3922 899.671 10943.5 -341854
3 1825.59 30.3908 899.504 10943.4 -341946
4 1980.8 30.3889 899.332 10943.3 -342056
5 2136.02 30.386 899.153 10943 -342056
6 2291.25 30.3816 898.96 10942.6 -341878
7 2446.47 30.3751 898.743 10942.1 -341786
8 2601.71 30.3651 898.487 10941.2 -341557
9 2756.96 30.3499 898.166 10939.9 -341273
10 2912.22 30.3267 897.738 10937.9 -340773
11 3067.52 30.2919 897.147 10934.9 -340088
12 3222.86 30.2405 896.309 10930.5 -338922
13 3378.25 30.166 895.111 10924.1 -337328
14 3533.75 30.0603 893.403 10915.1 -335054
15 3689.36 29.9136 890.993 10902.6 -331895
16 3845.16 29.7141 887.646 10885.7 -327621
17 4001.2 29.448 883.075 10863.3 -322059
18 4157.56 29.1002 876.945 10834.1 -314775
19 4314.35 28.6532 868.876 10797.1 -305653
20 4471.67 28.0882 858.438 10750.8 -294360
21 4629.66 27.3843 845.162 10694 -280669
22 4788.5 26.519 828.535 10625.4 -264406
23 4948.36 25.467 808.007 10543.8 -245479
24 5109.46 24.2 782.978 10448.1 -223895
25 5272.04 22.6858 752.78 10337.1 -199800
26 5436.36 20.8861 716.653 10209.8 -173514
27 5602.73 18.7498 673.785 10064.8 -145610
28 5771.49 16.214 623.393 9900.69 -116804
29 5943.06 13.1762 564.567 9714.48 -88411.1
30 6117.91 9.552 494.576 9505.78 -62722.2
31 6296.6 9.95135 407.582 9320.05 -44272.1
32 6478.85 8.0314 356.137 9198.12 -31497.5
33 6663.52 6.02644 305.287 9074.01 -21064
34 6850.72 3.93733 252.498 8948.08 -13354.1
35 7040.54 3.05523 197.3 8836.18 -8499.54
36 7232.78 2.47215 153.207 8751.21 -5467.81
37 7426.87 2.01978 118.711 8687.08 -3573.74
38 7622.41 1.65316 91.73 8638.52 -2382.05
39 7819.04 1.09278 71.5343 8597.2 -1620.21
40 8016.61 2.11244 56.2446 8585.6 -1342.41
41 8214.46 1.94336 53.7307 8578.07 -1135.4
42 8412.47 1.76687 49.7166 8570.24 -937.87
43 8610.67 1.5896 45.4105 8562.39 -758.575
44 8809.05 1.41458 41.0567 8554.67 -600.329
45 9007.61 1.24504 36.7217 8547.21 -464.738
46 9206.34 1.08381 32.4834 8540.13 -351.959
47 9405.24 0.933194 28.4189 8533.53 -260.8
48 9604.29 0.794931 24.5918 8527.49 -189.115
49 9803.48 0.669837 21.0499 8522.04 -134.222
50 10002.8 0.558487 17.8245 8517.19 -93.2553
51 10202.2 0.460749 14.9325 8512.94 -63.4401
52 10401.8 0.376092 12.3777 8509.27 -42.2647
53 10601.4 0.303904 10.1525 8506.13 -27.5804
54 10801.1 0.243019 8.24096 8503.5 -17.6329
55 11000.8 0.192345 6.62064 8501.31 -11.0469
56 11200.6 0.15079 5.26482 8499.51 -6.78319
57 11400.5 0.117019 4.14448 8498.05 -4.08331
58 11600.4 0.0898569 3.23002 8496.88 -2.41013
59 11800.3 0.0683606 2.4924 8495.95 -1.39518
60 12000.2 0.0515084 1.90452 8495.22 -0.792275
61 12200.1 0.0385138 1.44117 8494.66 -0.441421
62 12400.1 0.0284327 1.08007 8494.23 -0.241376
63 12600.1 0.0208714 0.8017 8493.9 -0.129568
64 12800.1 0.0151215 0.589473 8493.65 -0.0682846
65 13000 0.0108681 0.429388 8493.47 -0.0353443
66 13200 0.00779609 0.309781 8493.33 -0.0179715
67 13400 0.00551176 0.221407 8493.24 -0.00898026
68 13600 0.00385757 0.156691 8493.16 -0.00441418
69 13800 0.002676 0.109885 8493.11 -0.00213413
70 14000 0.00180951 0.0763121 8493.08 -0.00101517
71 14200 0.0012581 0.052389 8493.05 -0.000476237
72 14400 0.000864242 0.0356002 8493.04 -0.000220277
73 14600 0.000549152 0.0238975 8493.02 -0.000100456
74 14800 0.000391606 0.0157027 8493.02 -4.57211e-05
75 15000 0.000234061 0.0102628 8493.01 -2.03808e-05
76 15200 0.000155296 0.00644923 8493.01 -9.06301e-06
77 15400 0.000155296 0.00390225 8493 -4.0028e-06
78 15600 7.63863e-05 0.00214122 8493 -1.87045e-06
79 15800 7.63863e-05 0.00101641 8493 -8.97882e-07
80 16000 7.63863e-05 0.000490168 8493 -4.29083e-07
81 16200 7.63863e-05 0.000234809 8493 -2.0448e-07
82 16400 7.63863e-05 0.000111858 8493 -9.74693e-08
83 16600 7.63863e-05 5.27868e-05 8493 -4.69692e-08
84 16800 7.63863e-05 2.40376e-05 8493 -2.39727e-08
85 17000 7.63863e-05 9.14702e-06 8493 -1.52205e-08
86 17200 7.63863e-05 -4.13465e-07 8493 -1.56137e-08
87 17400 7.63863e-05 -9.96675e-06 8493 -2.51374e-08
88 17600 7.63863e-05 -2.44471e-05 8493 -4.84999e-08
89 17800 7.63863e-05 -5.08181e-05 8493 -9.70493e-08
90 18000 7.63863e-05 -0.000101378 8493 -1.93907e-07
91 18200 7.63863e-05 -0.000199791 8493 -3.84795e-07
92 18400 7.63863e-05 -0.000393329 8493 -7.6063e-07
93 18600 7.63863e-05 -0.000777343 8493 -1.50336e-06
94 18800 7.63863e-05 -0.0015338 8493 -2.96802e-06
95 19000 0.000155296 -0.00295926 8493 -6.20092e-06
96 19200 0.000234061 -0.00451771 8493.01 -1.2407e-05
97 19400 0.000312834 -0.00710806 8493.01 -2.47757e-05
98 19600 0.000391606 -0.0108484 8493.02 -4.44423e-05
99 19800 0.0012581 -0.0163181 8492.95 0.0267399
