NTS LL(mkm)  STRESS(GPa)   VEL(m / s)  DENS(kg/m3)  ENERGY(J) 
0 1889.74 30.4519 900 10948.7 -342421
1 2044.89 30.4518 899.91 10948.7 -343035
2 2200.03 30.4515 899.82 10948.6 -343150
3 2355.17 30.451 899.729 10948.6 -343261
4 2510.31 30.4504 899.637 10948.6 -343400
5 2665.46 30.4497 899.544 10948.5 -343447
6 2820.6 30.4487 899.449 10948.4 -343343
7 2975.75 30.4476 899.352 10948.3 -343369
8 3130.9 30.4462 899.252 10948.2 -343327
9 3286.04 30.4446 899.15 10948.1 -343340
10 3441.2 30.4426 899.043 10947.9 -343302
11 3596.35 30.4403 898.931 10947.7 -343322
12 3751.5 30.4373 898.811 10947.4 -343208
13 3906.66 30.4335 898.68 10947.1 -343143
14 4061.83 30.4284 898.532 10946.7 -343038
15 4217 30.4215 898.36 10946.1 -342878
16 4372.18 30.4122 898.151 10945.3 -342650
17 4527.37 30.3992 897.889 10944.1 -342416
18 4682.57 30.3813 897.549 10942.6 -341983
19 4837.8 30.3564 897.1 10940.5 -341468
20 4993.06 30.3222 896.498 10937.5 -340745
21 5148.36 30.2757 895.686 10933.5 -339748
22 5303.72 30.2129 894.591 10928.2 -338391
23 5459.15 30.1293 893.124 10921 -336583
24 5614.69 30.0192 891.173 10911.6 -334206
25 5770.36 29.8762 888.604 10899.4 -331131
26 5926.2 29.6927 885.258 10883.9 -327210
27 6082.26 29.4603 880.951 10864.3 -322356
28 6238.61 29.1691 875.472 10839.9 -316260
29 6395.31 28.8082 868.581 10809.9 -308881
30 6552.44 28.3658 860.011 10773.5 -299909
31 6710.11 27.8286 849.465 10729.7 -289310
32 6868.42 27.1817 836.615 10677.8 -276806
33 7027.49 26.4084 821.099 10616.7 -262397
34 7187.49 25.4901 802.519 10545.6 -245866
35 7348.56 24.4046 780.432 10463.3 -227295
36 7510.9 23.1258 754.338 10369 -206647
37 7674.71 21.6223 723.65 10261.3 -184025
38 7840.25 19.8571 687.631 10139.2 -159640
39 8007.78 17.7798 645.411 10001.1 -134022
40 8177.62 15.3228 596.15 9844.93 -107794
41 8350.15 12.3795 539.292 9667.39 -81980
42 8525.86 8.81433 473.061 9464.96 -58565.2
43 8705.32 9.74524 390.463 9306.81 -42778.4
44 8887.83 8.01109 346.549 9196.87 -31385.8
45 9072.53 6.16719 301.365 9082.61 -21701.7
46 9259.54 4.21883 253.069 8964.85 -14207.5
47 9449.02 3.18156 201.401 8855 -9249.99
48 9640.84 2.60345 158.272 8770.12 -6091.26
49 9834.52 2.14562 124.547 8704.77 -4061.5
50 10029.7 1.78336 98.267 8654.19 -2744.34
51 10225.9 1.31171 77.7804 8613.38 -1882.64
52 10423.1 2.20031 58.5002 8589.51 -1457.17
53 10620.9 2.09335 55.1309 8584.74 -1318.44
54 10818.7 1.97791 52.5983 8579.61 -1176.55
55 11016.7 1.85334 49.9032 8574.07 -1032.53
56 11214.8 1.72284 46.9372 8568.29 -891.777
57 11413.1 1.58905 43.7882 8562.37 -758.287
58 11611.5 1.4543 40.5327 8556.42 -634.784
59 11810 1.32048 37.2279 8550.53 -523.116
60 12008.6 1.18962 33.9256 8544.77 -424.353
61 12207.4 1.06329 30.6733 8539.23 -338.847
62 12406.3 0.942915 27.5149 8533.96 -266.338
63 12605.4 0.829604 24.4874 8529 -206.077
64 12804.5 0.724153 21.6218 8524.4 -156.967
65 13003.8 0.627205 18.9418 8520.18 -117.703
66 13203.2 0.539006 16.4642 8516.34 -86.8952
67 13402.6 0.459649 14.1991 8512.89 -63.1643
68 13602.1 0.388907 12.1506 8509.82 -45.2105
69 13801.7 0.326554 10.3172 8507.12 -31.8675
70 14001.4 0.272126 8.69308 8504.76 -22.1225
71 14201.1 0.22508 7.26843 8502.72 -15.1271
72 14400.9 0.184712 6.03091 8500.98 -10.1899
73 14600.7 0.150553 4.96584 8499.5 -6.76333
74 14800.6 0.121743 4.05761 8498.25 -4.4242
75 15000.4 0.0978091 3.28984 8497.22 -2.85363
76 15200.3 0.078046 2.64621 8496.36 -1.81613
77 15400.3 0.0618246 2.11067 8495.67 -1.14185
78 15600.2 0.0488308 1.66799 8495.1 -0.710929
79 15800.2 0.0384351 1.30365 8494.66 -0.440229
80 16000.1 0.0302442 1.00407 8494.3 -0.273334
81 16200.1 0.0241007 0.756587 8494.04 -0.172733
82 16400.1 0.0195324 0.548821 8493.84 -0.114071
83 16600 0.0166181 0.36869 8493.71 -0.0821636
84 16800 0.0151215 0.203498 8493.65 -0.0683548
85 17000 0.0152791 0.0391255 8493.66 -0.0694606
86 17200 0.0172482 -0.141283 8493.74 -0.0883172
87 17400 0.0214228 -0.359341 8493.92 -0.137166
88 17600 0.0287477 -0.64454 8494.24 -0.246573
89 17799.9 0.040404 -1.03763 8494.74 -0.485583
90 17999.9 0.0581234 -1.59724 8495.51 -1.0066
91 18199.8 0.0848177 -2.40788 8496.66 -2.14318
92 18399.7 0.124498 -3.59108 8498.37 -4.62022
93 18599.6 0.183059 -5.31529 8500.91 -9.98771
94 18799.4 0.268193 -7.79437 8504.59 -21.4361
95 18999.2 0.388513 -11.2447 8509.8 -45.0138
96 19198.8 0.550554 -15.7626 8516.84 -90.4563
97 19398.2 0.75264 -21.1492 8525.64 -169.21
98 19597.4 0.98148 -26.9062 8535.65 -288.069
99 19796.4 1.75596 -32.7649 8341.22 2658.17
