NTS LL(mkm)  STRESS(GPa)   VEL(m / s)  DENS(kg/m3)  ENERGY(J) 
0 1802.13 30.4445 900 10948 -342258
1 1957.28 30.4443 899.903 10948 -342872
2 2112.43 30.4439 899.805 10948 -342984
3 2267.59 30.4434 899.706 10947.9 -343093
4 2422.74 30.4426 899.606 10947.9 -343230
5 2577.89 30.4417 899.504 10947.8 -343273
6 2733.05 30.4405 899.401 10947.7 -343166
7 2888.2 30.4392 899.294 10947.6 -343186
8 3043.36 30.4375 899.184 10947.4 -343138
9 3198.52 30.4356 899.07 10947.3 -343142
10 3353.68 30.4331 898.949 10947.1 -343092
11 3508.85 30.4299 898.82 10946.8 -343095
12 3664.01 30.4257 898.677 10946.4 -342954
13 3819.19 30.4201 898.516 10945.9 -342851
14 3974.37 30.4124 898.325 10945.3 -342689
15 4129.56 30.4017 898.091 10944.4 -342444
16 4284.76 30.3866 897.794 10943.1 -342092
17 4439.98 30.3655 897.404 10941.2 -341680
18 4595.23 30.336 896.882 10938.7 -340997
19 4750.51 30.2952 896.175 10935.2 -340137
20 4905.85 30.2394 895.215 10930.4 -338947
21 5061.25 30.164 893.914 10924 -337328
22 5216.74 30.0634 892.162 10915.4 -335165
23 5372.36 29.9312 889.826 10904.1 -332325
24 5528.13 29.7595 886.747 10889.5 -328656
25 5684.12 29.5397 882.736 10871 -323994
26 5840.37 29.2617 877.576 10847.6 -318157
27 5996.95 28.9145 871.023 10818.7 -311036
28 6153.96 28.4857 862.799 10783.3 -302304
29 6311.48 27.9614 852.6 10740.5 -291914
30 6469.63 27.3265 840.088 10689.4 -279571
31 6628.54 26.5637 824.893 10628.9 -265266
32 6788.35 25.6541 806.604 10558.2 -248775
33 6949.23 24.575 784.77 10476.1 -230175
34 7111.37 23.3011 758.877 10381.7 -209364
35 7274.98 21.8004 728.333 10273.9 -186579
36 7440.31 20.0353 692.397 10151.3 -162023
37 7607.64 17.9572 650.211 10012.6 -136128
38 7777.29 15.5021 600.987 9856.07 -109548
39 7949.63 12.5592 544.121 9677.96 -83372.9
40 8125.14 9.00702 477.441 9475.57 -59606.1
41 8304.4 9.81151 394.186 9311.05 -43254
42 8486.83 8.05424 348.87 9199.56 -31640.9
43 8671.47 6.19153 302.941 9084.12 -21815.3
44 8858.45 4.22784 254.137 8965.41 -14236.8
45 9047.92 3.17983 202.007 8854.69 -9237.91
46 9239.75 2.59724 158.48 8769.24 -6062.85
47 9433.45 2.1392 124.458 8703.86 -4034.54
48 9628.6 1.77633 98.014 8653.22 -2719.57
49 9824.9 1.29221 77.5377 8611.94 -1857.52
50 10022.1 2.19182 58.2691 8589.13 -1445.86
51 10219.9 2.07893 54.9735 8584.1 -1300.22
52 10417.8 1.95592 52.3349 8578.63 -1150.39
53 10615.8 1.82393 49.4556 8572.77 -999.883
54 10813.9 1.68669 46.3009 8566.69 -854.605
55 11012.2 1.54693 42.9783 8560.51 -718.515
56 11210.6 1.40715 39.5673 8554.34 -594.216
57 11409.2 1.26946 36.1284 8548.28 -483.354
58 11607.9 1.13582 32.7165 8542.41 -386.718
59 11806.7 1.00781 29.3821 8536.8 -304.325
60 12005.7 0.886856 26.1697 8531.51 -235.562
61 12204.8 0.774061 23.1163 8526.58 -179.358
62 12404 0.670072 20.2511 8522.04 -134.342
63 12603.3 0.575296 17.5956 8517.92 -98.9924
64 12802.8 0.489903 15.1633 8514.21 -71.7682
65 13002.3 0.413905 12.9611 8510.9 -51.1964
66 13201.8 0.346842 10.989 8507.99 -35.9384
67 13401.5 0.28833 9.24208 8505.46 -24.828
68 13601.2 0.237747 7.71064 8503.27 -16.882
69 13800.9 0.194549 6.38171 8501.4 -11.2998
70 14000.7 0.157952 5.24023 8499.82 -7.44588
71 14200.6 0.127253 4.26907 8498.49 -4.83085
72 14400.5 0.101667 3.4507 8497.39 -3.08638
73 14600.4 0.0806445 2.76759 8496.48 -1.94208
74 14800.3 0.0635571 2.20251 8495.74 -1.20383
75 15000.2 0.0496183 1.7392 8495.14 -0.735285
76 15200.2 0.0385138 1.36256 8494.66 -0.442752
77 15400.1 0.0296928 1.05894 8494.28 -0.26303
78 15600.1 0.0227618 0.815958 8493.98 -0.154382
79 15800.1 0.017327 0.622668 8493.75 -0.0897769
80 16000 0.0132311 0.469767 8493.57 -0.0520052
81 16200 0.0100804 0.348624 8493.43 -0.0303197
82 16400 0.00779609 0.252127 8493.33 -0.0181477
83 16600 0.00622069 0.173921 8493.27 -0.0115463
84 16800 0.00527545 0.107965 8493.23 -0.0082514
85 17000 0.00488159 0.0485264 8493.21 -0.00709284
86 17200 0.00511791 -0.0103122 8493.22 -0.00772613
87 17400 0.00598438 -0.0755816 8493.26 -0.010696
88 17600 0.00771732 -0.155651 8493.33 -0.0179073
89 17800 0.0107105 -0.261973 8493.46 -0.0339492
90 18000 0.0152003 -0.41045 8493.66 -0.0691196
91 18200 0.0221316 -0.623521 8493.95 -0.146061
92 18399.9 0.0325282 -0.934177 8494.4 -0.314479
93 18599.9 0.0478857 -1.39036 8495.06 -0.683157
94 18799.9 0.0707229 -2.06318 8496.05 -1.4905
95 18999.8 0.10458 -3.05712 8497.51 -3.25848
96 19199.7 0.154725 -4.52668 8499.68 -7.12983
97 19399.5 0.228857 -6.70032 8502.88 -15.6063
98 19599.3 0.338507 -9.9157 8507.64 -34.1631
99 19798.9 1.06681 -14.6721 8447.12 340.138
