NTS LL(mkm)  STRESS(GPa)   VEL(m / s)  DENS(kg/m3)  ENERGY(J) 
0 903.371 30.297 900 10935.4 -339043
1 1058.7 30.2935 899.661 10935.1 -339584
2 1214.04 30.2848 899.293 10934.3 -339517
3 1369.38 30.2673 898.852 10932.8 -339256
4 1524.75 30.2346 898.259 10930 -338700
5 1680.16 30.1775 897.383 10925.1 -337526
6 1835.63 30.0828 896.022 10917 -335399
7 1991.23 29.9333 893.883 10904.3 -332238
8 2147 29.7075 890.569 10885.1 -327415
9 2303.05 29.3797 885.57 10857.5 -320561
10 2459.49 28.921 878.266 10819.2 -311064
11 2616.49 28.2989 867.933 10768 -298551
12 2774.23 27.4797 853.768 10701.6 -282438
13 2932.96 26.4266 834.906 10618.1 -262659
14 3092.93 25.1019 810.445 10515.9 -239083
15 3254.46 23.4647 779.454 10393.7 -211925
16 3417.88 21.4712 740.932 10250.7 -181742
17 3583.59 19.0694 693.75 10086.1 -149538
18 3752 16.2015 636.799 9899.9 -116621
19 3923.57 12.7538 569.825 9689.43 -84900.6
20 4098.88 8.56531 492.582 9451.3 -57232.7
21 4278.6 9.24064 398.355 9274.57 -39221.4
22 4461.75 7.0207 342.945 9135.16 -25862.9
23 4647.69 4.732 284.192 8995.58 -15904.9
24 4836.51 3.2478 222.204 8864.89 -9653.04
25 5028.12 2.57113 168.766 8765.45 -5933.96
26 5221.91 2.05445 127.836 8691.95 -3703.46
27 5417.33 1.64551 96.1003 8637.96 -2367.93
28 5613.97 1.0541 71.5679 8594.33 -1579.62
29 5811.61 2.01369 58.3598 8581.2 -1218.84
30 6009.56 1.75407 52.5466 8569.67 -923.882
31 6207.77 1.50598 46.0401 8558.7 -680.343
32 6406.23 1.27267 39.8089 8548.42 -485.433
33 6604.94 1.05828 33.8917 8539.01 -335.362
34 6803.86 0.865996 28.3885 8530.6 -224.414
35 7002.98 0.697703 23.3981 8523.25 -145.538
36 7202.27 0.55346 18.9817 8516.97 -91.5218
37 7401.71 0.432377 15.1609 8511.71 -55.8346
38 7601.27 0.332845 11.9248 8507.39 -33.0619
39 7800.93 0.252381 9.2392 8503.91 -19.0107
40 8000.67 0.188725 7.05284 8501.15 -10.6196
41 8200.48 0.139061 5.30568 8499 -5.76583
42 8400.34 0.101037 3.93429 8497.36 -3.04403
43 8600.24 0.0724553 2.87632 8496.12 -1.56331
44 8800.16 0.0511934 2.07359 8495.21 -0.781343
45 9000.11 0.0357573 1.47444 8494.54 -0.380209
46 9200.07 0.0245733 1.03416 8494.06 -0.180228
47 9400.05 0.0166969 0.715698 8493.72 -0.0832555
48 9600.03 0.0112619 0.488766 8493.48 -0.0374971
49 9800.02 0.00740224 0.329356 8493.32 -0.0164793
50 10000 0.00488159 0.219074 8493.21 -0.00706973
51 10200 0.00314863 0.143761 8493.13 -0.00296594
52 10400 0.00204582 0.0931122 8493.09 -0.00121737
53 10600 0.0012581 0.0594537 8493.05 -0.000490285
54 10800 0.000785469 0.0374105 8493.03 -0.000194163
55 11000 0.000470379 0.0231765 8493.02 -7.57307e-05
56 11200 0.000312834 0.0139949 8493.01 -2.96223e-05
57 11400 0.000234061 0.00838848 8493.01 -1.12185e-05
58 11600 0.000155296 0.00461308 8493 -4.52075e-06
59 11800 7.63863e-05 0.00246775 8493 -1.91358e-06
60 12000 7.63863e-05 0.00109738 8493 -8.61972e-07
61 12200 7.63863e-05 0.000496036 8493 -3.8686e-07
62 12400 7.63863e-05 0.000223529 8493 -1.7275e-07
63 12600 7.63863e-05 0.000100156 8493 -7.68003e-08
64 12800 7.63863e-05 4.46724e-05 8493 -3.39998e-08
65 13000 7.63863e-05 1.98418e-05 8493 -1.49876e-08
66 13200 7.63863e-05 8.77553e-06 8493 -6.57693e-09
67 13400 7.63863e-05 3.86433e-06 8493 -2.87423e-09
68 13600 7.63863e-05 1.69415e-06 8493 -1.2495e-09
69 13800 7.63863e-05 7.39391e-07 8493 -5.41005e-10
70 14000 7.63863e-05 3.21226e-07 8493 -2.33252e-10
71 14200 7.63863e-05 1.38909e-07 8493 -1.00087e-10
72 14400 7.63863e-05 5.97867e-08 8493 -4.26714e-11
73 14600 7.63863e-05 2.56095e-08 8493 -1.82536e-11
74 14800 7.63863e-05 1.09167e-08 8493 -7.79958e-12
75 15000 7.63863e-05 4.63071e-09 8493 -3.19765e-12
76 15200 7.63863e-05 1.95454e-09 8493 -9.36181e-13
77 15400 7.63863e-05 8.20829e-10 8493 0
78 15600 7.63863e-05 3.42964e-10 8493 0
79 15800 7.63863e-05 1.42563e-10 8493 0
80 16000 7.63863e-05 5.8952e-11 8493 0
81 16200 7.63863e-05 2.42496e-11 8493 0
82 16400 7.63863e-05 9.92194e-12 8493 0
83 16600 7.63863e-05 4.03789e-12 8493 0
84 16800 7.63863e-05 1.63438e-12 8493 0
85 17000 7.63863e-05 6.57922e-13 8493 0
86 17200 7.63863e-05 2.63387e-13 8493 0
87 17400 7.63863e-05 1.04856e-13 8493 0
88 17600 7.63863e-05 4.15102e-14 8493 0
89 17800 7.63863e-05 1.63402e-14 8493 0
90 18000 7.63863e-05 6.39565e-15 8493 0
91 18200 7.63863e-05 2.48898e-15 8493 0
92 18400 7.63863e-05 9.63066e-16 8493 0
93 18600 7.63863e-05 3.70524e-16 8493 0
94 18800 7.63863e-05 1.41825e-16 8493 0
95 19000 7.63863e-05 5.42661e-17 8493 0
96 19200 7.63863e-05 2.14348e-17 8493 0
97 19400 7.63863e-05 1.05136e-17 8493 5.34671e-07
98 19600 7.63863e-05 4.5183e-12 8493 7.3282e-06
99 19800 7.63863e-05 2.79247e-12 8493 0.026289
