NTS LL(mkm)  STRESS(GPa)   VEL(m / s)  DENS(kg/m3)  ENERGY(J) 
0 1350.27 30.392 900 10943.5 -341111
1 1505.48 30.3916 899.834 10943.5 -341719
2 1660.7 30.3907 899.667 10943.4 -341822
3 1815.91 30.3893 899.498 10943.3 -341913
4 1971.13 30.3873 899.324 10943.1 -342021
5 2126.35 30.3842 899.141 10942.9 -342018
6 2281.58 30.3797 898.944 10942.5 -341836
7 2436.81 30.3728 898.722 10941.9 -341736
8 2592.05 30.3622 898.457 10941 -341494
9 2747.3 30.346 898.122 10939.6 -341189
10 2902.57 30.3214 897.673 10937.5 -340656
11 3057.87 30.2843 897.049 10934.3 -339922
12 3213.22 30.2296 896.162 10929.6 -338686
13 3368.63 30.1505 894.892 10922.8 -336992
14 3524.14 30.0384 893.08 10913.2 -334582
15 3679.78 29.8831 890.527 10900 -331243
16 3835.62 29.6724 886.985 10882.2 -326737
17 3991.71 29.3921 882.157 10858.6 -320886
18 4148.14 29.0263 875.695 10828 -313252
19 4305.01 28.5575 867.206 10789.2 -303716
20 4462.44 27.9659 856.249 10740.9 -291948
21 4620.59 27.2304 842.341 10681.7 -277729
22 4779.61 26.3278 824.957 10610.4 -260897
23 4939.7 25.2321 803.533 10525.8 -241379
24 5101.07 23.914 777.461 10426.8 -219205
25 5263.98 22.3397 746.066 10312.2 -194552
26 5428.69 20.4693 708.551 10181 -167789
27 5595.53 18.2514 663.947 10031.9 -139581
28 5764.85 15.6241 611.296 9863.67 -110774
29 5937.06 12.469 550.232 9672.65 -82709.2
30 6112.67 8.65307 479.621 9456.11 -57703.5
31 6292.3 9.52505 392.529 9292.75 -41204.6
32 6475.09 7.59899 344.444 9171.07 -28994.7
33 6660.3 5.57243 293.836 9046.36 -19114.7
34 6848.07 3.61706 240.085 8920.56 -12067
35 7038.48 2.91148 186.647 8815.02 -7689.91
36 7231.17 2.35864 144.838 8734.99 -4955.72
37 7425.63 1.9295 112.32 8674.47 -3243.69
38 7621.45 1.51673 86.6845 8628.49 -2169.11
39 7818.31 2.26004 64.3031 8592.18 -1537.37
40 8016 2.07457 57.7276 8583.91 -1294.54
41 8213.88 1.89859 52.9302 8576.08 -1083.5
42 8411.94 1.72151 48.6185 8568.23 -890.152
43 8610.19 1.54373 44.305 8560.37 -715.357
44 8808.61 1.3689 39.9378 8552.66 -562.134
45 9007.22 1.2005 35.5968 8545.25 -432.011
46 9206 1.04119 31.3744 8538.26 -324.766
47 9404.94 0.893207 27.3479 8531.78 -238.855
48 9604.03 0.757897 23.5771 8525.87 -171.893
49 9803.26 0.636234 20.1052 8520.57 -121.066
50 10002.6 0.528401 16.9596 8515.88 -83.4644
51 10202.1 0.434184 14.1531 8511.79 -56.3357
52 10401.6 0.353054 11.6857 8508.27 -37.2357
53 10601.3 0.284083 9.54714 8505.28 -24.1054
54 10801 0.22626 7.71877 8502.77 -15.2876
55 11000.8 0.178416 6.17622 8500.7 -9.50017
56 11200.6 0.139219 4.89153 8499.01 -5.78596
57 11400.4 0.107572 3.83499 8497.64 -3.4544
58 11600.3 0.0823768 2.97639 8496.55 -2.02213
59 11800.2 0.0623759 2.28728 8495.69 -1.16084
60 12000.2 0.0468619 1.74043 8495.02 -0.653711
61 12200.1 0.0348122 1.31144 8494.5 -0.361183
62 12400.1 0.0255972 0.978748 8494.1 -0.195833
63 12600.1 0.018666 0.723407 8493.81 -0.104227
64 12800 0.0135462 0.529529 8493.58 -0.0544739
65 13000 0.00968655 0.384161 8493.42 -0.0279496
66 13200 0.00685085 0.275849 8493.3 -0.0140927
67 13400 0.00480282 0.196268 8493.21 -0.00698398
68 13600 0.00338494 0.138307 8493.14 -0.00340364
69 13800 0.00236091 0.0964985 8493.1 -0.00163257
70 14000 0.00157319 0.0667074 8493.07 -0.00077028
71 14200 0.00110056 0.0455518 8493.05 -0.000358542
72 14400 0.000706697 0.0308007 8493.03 -0.000164379
73 14600 0.000470379 0.0204877 8493.02 -7.46381e-05
74 14800 0.000312834 0.0134229 8493.01 -3.35942e-05
75 15000 0.000234061 0.00853252 8493.01 -1.52459e-05
76 15200 0.000155296 0.00534406 8493 -6.83064e-06
77 15400 7.63863e-05 0.00326381 8493 -2.94967e-06
78 15600 7.63863e-05 0.00160702 8493 -1.41355e-06
79 15800 7.63863e-05 0.000772888 8493 -6.7431e-07
80 16000 7.63863e-05 0.00036917 8493 -3.2115e-07
81 16200 7.63863e-05 0.000176046 8493 -1.52737e-07
82 16400 7.63863e-05 8.37138e-05 8493 -7.26477e-08
83 16600 7.63863e-05 3.94567e-05 8493 -3.48989e-08
84 16800 7.63863e-05 1.79545e-05 8493 -1.77225e-08
85 17000 7.63863e-05 6.82407e-06 8493 -1.11931e-08
86 17200 7.63863e-05 -3.73451e-07 8493 -1.15495e-08
87 17400 7.63863e-05 -7.71279e-06 8493 -1.89223e-08
88 17600 7.63863e-05 -1.90543e-05 8493 -3.71347e-08
89 17800 7.63863e-05 -3.9899e-05 8493 -7.52536e-08
90 18000 7.63863e-05 -7.99082e-05 8493 -1.51596e-07
91 18200 7.63863e-05 -0.000157408 8493 -3.01971e-07
92 18400 7.63863e-05 -0.000308296 8493 -5.96512e-07
93 18600 7.63863e-05 -0.000605114 8493 -1.17483e-06
94 18800 7.63863e-05 -0.00120358 8493 -2.32551e-06
95 19000 0.000155296 -0.00243386 8493 -4.84396e-06
96 19200 0.000155296 -0.00375615 8493.01 -9.4587e-06
97 19400 0.000234061 -0.00609992 8493.01 -1.88753e-05
98 19600 0.000391606 -0.0092583 8493.01 -3.19255e-05
99 19800 0.00110056 -0.0141034 8492.96 0.0266269
