NTS LL(mkm)  STRESS(GPa)   VEL(m / s)  DENS(kg/m3)  ENERGY(J) 
0 1360.46 30.3935 900 10943.7 -341144
1 1515.67 30.3931 899.836 10943.6 -341753
2 1670.88 30.3923 899.671 10943.6 -341856
3 1826.1 30.3909 899.504 10943.4 -341948
4 1981.31 30.3889 899.333 10943.3 -342057
5 2136.53 30.3861 899.153 10943 -342057
6 2291.75 30.3817 898.961 10942.6 -341880
7 2446.98 30.3752 898.745 10942.1 -341789
8 2602.22 30.3653 898.489 10941.2 -341560
9 2757.47 30.3501 898.168 10939.9 -341277
10 2912.73 30.327 897.742 10937.9 -340779
11 3068.03 30.2923 897.152 10935 -340096
12 3223.36 30.241 896.316 10930.6 -338934
13 3378.76 30.1668 895.122 10924.2 -337345
14 3534.25 30.0615 893.419 10915.2 -335078
15 3689.87 29.9152 891.017 10902.8 -331929
16 3845.66 29.7162 887.679 10885.9 -327666
17 4001.7 29.4509 883.122 10863.5 -322119
18 4158.06 29.104 877.009 10834.5 -314853
19 4314.84 28.6581 868.961 10797.5 -305753
20 4472.15 28.0945 858.551 10751.3 -294484
21 4630.14 27.3923 845.307 10694.6 -280821
22 4788.97 26.5288 828.719 10626.2 -264587
23 4948.82 25.4791 808.237 10544.7 -245691
24 5109.91 24.2148 783.262 10449.2 -224138
25 5272.46 22.7036 753.125 10338.4 -200073
26 5436.76 20.9075 717.072 10211.3 -173812
27 5603.11 18.7754 674.295 10066.5 -145925
28 5771.85 16.2444 624.012 9902.61 -117121
29 5943.38 13.2132 565.28 9716.68 -88718.4
30 6118.19 9.59905 495.328 9508.4 -62999.1
31 6296.83 9.97435 408.402 9321.55 -44443
32 6479.05 8.05392 356.792 9199.55 -31633.6
33 6663.69 6.04991 305.903 9075.45 -21170.1
34 6850.86 3.96176 253.13 8949.55 -13426.6
35 7040.66 3.06297 197.892 8837.33 -8544.52
36 7232.86 2.47818 153.659 8752.09 -5496.27
37 7426.94 2.02448 119.064 8687.76 -3591.92
38 7622.46 1.65999 92.0342 8639.02 -2393.17
39 7819.08 1.09791 71.8526 8597.58 -1625.83
40 8016.65 2.11384 56.2473 8585.66 -1344.17
41 8214.49 1.94562 53.7469 8578.17 -1137.99
42 8412.5 1.76921 49.7676 8570.34 -940.403
43 8610.7 1.59194 45.4683 8562.5 -760.881
44 8809.07 1.41693 41.1155 8554.78 -602.373
45 9007.63 1.24739 36.7808 8547.31 -466.497
46 9206.36 1.08609 32.5418 8540.23 -353.427
47 9405.25 0.935389 28.4754 8533.63 -261.991
48 9604.3 0.796892 24.6455 8527.58 -190.054
49 9803.49 0.671642 21.1 8522.11 -134.942
50 10002.8 0.560058 17.8705 8517.26 -93.794
51 10202.2 0.462163 14.9741 8513 -63.8327
52 10401.8 0.37735 12.4147 8509.32 -42.5439
53 10601.4 0.304926 10.185 8506.18 -27.7742
54 10801.1 0.243963 8.26906 8503.54 -17.7643
55 11000.8 0.193132 6.64462 8501.34 -11.1339
56 11200.6 0.151419 5.28499 8499.54 -6.83958
57 11400.5 0.117492 4.16126 8498.07 -4.11903
58 11600.4 0.0903293 3.24381 8496.9 -2.43226
59 11800.3 0.0687543 2.50358 8495.96 -1.4086
60 12000.2 0.0518234 1.91348 8495.23 -0.800245
61 12200.1 0.0386714 1.44825 8494.67 -0.446065
62 12400.1 0.0285902 1.08564 8494.23 -0.24402
63 12600.1 0.0209502 0.805993 8493.9 -0.131047
64 12800.1 0.0152003 0.592788 8493.66 -0.0690934
65 13000 0.0109469 0.431891 8493.47 -0.0357787
66 13200 0.00779609 0.311642 8493.34 -0.0182018
67 13400 0.00551176 0.222803 8493.24 -0.00909948
68 13600 0.00385757 0.157722 8493.17 -0.00447454
69 13800 0.002676 0.110633 8493.11 -0.00216416
70 14000 0.00188828 0.0768596 8493.08 -0.00102965
71 14200 0.0012581 0.0527641 8493.05 -0.000483299
72 14400 0.000864242 0.0358678 8493.04 -0.000223657
73 14600 0.000549152 0.0240966 8493.02 -0.000101963
74 14800 0.000391606 0.015829 8493.02 -4.6433e-05
75 15000 0.000234061 0.0103589 8493.01 -2.06796e-05
76 15200 0.000155296 0.00650944 8493.01 -9.19584e-06
77 15400 0.000155296 0.00392333 8493 -4.09336e-06
78 15600 7.63863e-05 0.00218458 8493 -1.89943e-06
79 15800 7.63863e-05 0.00103246 8493 -9.11391e-07
80 16000 7.63863e-05 0.000497432 8493 -4.35631e-07
81 16200 7.63863e-05 0.000238359 8493 -2.07633e-07
82 16400 7.63863e-05 0.000113571 8493 -9.89846e-08
83 16600 7.63863e-05 5.35999e-05 8493 -4.77067e-08
84 16800 7.63863e-05 2.44092e-05 8493 -2.43547e-08
85 17000 7.63863e-05 9.28994e-06 8493 -1.54656e-08
86 17200 7.63863e-05 -4.13272e-07 8493 -1.58587e-08
87 17400 7.63863e-05 -1.00989e-05 8493 -2.55084e-08
88 17600 7.63863e-05 -2.4766e-05 8493 -4.91755e-08
89 17800 7.63863e-05 -5.14667e-05 8493 -9.83445e-08
90 18000 7.63863e-05 -0.000102662 8493 -1.96428e-07
91 18200 7.63863e-05 -0.000202341 8493 -3.89754e-07
92 18400 7.63863e-05 -0.000398436 8493 -7.70468e-07
93 18600 7.63863e-05 -0.00078733 8493 -1.52272e-06
94 18800 7.63863e-05 -0.00155174 8493 -3.00446e-06
95 19000 0.000155296 -0.00298912 8493 -6.2822e-06
96 19200 0.000234061 -0.00457163 8493.01 -1.26092e-05
97 19400 0.000312834 -0.00716515 8493.01 -2.51664e-05
98 19600 0.000391606 -0.010921 8493.02 -4.51607e-05
99 19800 0.0012581 -0.0164602 8492.95 0.0267469
