NTS LL(mkm)  STRESS(GPa)   VEL(m / s)  DENS(kg/m3)  ENERGY(J) 
0 1360.97 30.3935 900 10943.7 -341146
1 1516.18 30.3931 899.836 10943.6 -341755
2 1671.39 30.3924 899.672 10943.6 -341858
3 1826.61 30.391 899.505 10943.4 -341950
4 1981.82 30.3891 899.333 10943.3 -342059
5 2137.04 30.3861 899.154 10943 -342059
6 2292.26 30.3819 898.962 10942.7 -341882
7 2447.49 30.3754 898.746 10942.1 -341791
8 2602.73 30.3655 898.491 10941.2 -341563
9 2757.97 30.3503 898.17 10939.9 -341282
10 2913.24 30.3273 897.745 10938 -340785
11 3068.53 30.2927 897.157 10935 -340105
12 3223.87 30.2416 896.324 10930.6 -338946
13 3379.27 30.1676 895.133 10924.3 -337362
14 3534.76 30.0626 893.435 10915.3 -335103
15 3690.37 29.9167 891.041 10902.9 -331962
16 3846.17 29.7183 887.713 10886.1 -327711
17 4002.2 29.4538 883.168 10863.8 -322179
18 4158.56 29.1077 877.073 10834.8 -314931
19 4315.33 28.663 869.047 10797.9 -305852
20 4472.64 28.1007 858.662 10751.8 -294608
21 4630.62 27.4001 845.451 10695.2 -280972
22 4789.44 26.5386 828.902 10626.9 -264768
23 4949.28 25.4912 808.466 10545.6 -245903
24 5110.35 24.2295 783.545 10450.3 -224381
25 5272.89 22.7214 753.47 10339.7 -200345
26 5437.17 20.9289 717.49 10212.8 -174110
27 5603.49 18.8009 674.804 10068.2 -146239
28 5772.2 16.2748 624.629 9904.53 -117439
29 5943.7 13.2501 565.989 9718.88 -89026.4
30 6118.47 9.64602 496.077 9511.02 -63277.1
31 6297.06 9.99735 409.224 9323.04 -44614.8
32 6479.26 8.0772 357.452 9200.99 -31770.3
33 6663.87 6.07369 306.52 9076.9 -21276.5
34 6851 3.98679 253.76 8951.03 -13499.6
35 7040.77 3.0706 198.487 8838.49 -8589.75
36 7232.95 2.4845 154.112 8752.98 -5524.89
37 7427.01 2.02939 119.418 8688.44 -3610.18
38 7622.51 1.66683 92.3393 8639.53 -2404.34
39 7819.12 1.10313 72.1626 8597.96 -1631.6
40 8016.68 2.11525 56.2602 8585.72 -1345.93
41 8214.52 1.94781 53.7633 8578.27 -1140.56
42 8412.53 1.77163 49.8178 8570.45 -942.936
43 8610.72 1.59436 45.5259 8562.61 -763.19
44 8809.1 1.41935 41.1743 8554.88 -604.42
45 9007.65 1.24974 36.8398 8547.41 -468.259
46 9206.38 1.08828 32.6002 8540.33 -354.9
47 9405.27 0.937506 28.532 8533.72 -263.185
48 9604.31 0.798853 24.6993 8527.66 -190.996
49 9803.5 0.673448 21.1502 8522.19 -135.665
50 10002.8 0.561708 17.9167 8517.33 -94.3351
51 10202.2 0.463578 15.0158 8513.06 -64.2273
52 10401.8 0.378608 12.4518 8509.37 -42.8246
53 10601.4 0.306027 10.2175 8506.23 -27.9691
54 10801.1 0.244828 8.29719 8503.58 -17.8965
55 11000.8 0.193919 6.66867 8501.37 -11.2215
56 11200.6 0.152049 5.30521 8499.56 -6.89637
57 11400.5 0.118043 4.17809 8498.09 -4.15502
58 11600.4 0.090723 3.25762 8496.91 -2.45458
59 11800.3 0.0690693 2.51479 8495.98 -1.42214
60 12000.2 0.0520596 1.92247 8495.24 -0.808296
61 12200.1 0.0389076 1.45538 8494.68 -0.450749
62 12400.1 0.0287477 1.09123 8494.24 -0.24669
63 12600.1 0.0211077 0.810321 8493.91 -0.132539
64 12800.1 0.0152791 0.596106 8493.66 -0.0699105
65 13000 0.0110256 0.434398 8493.47 -0.0362185
66 13200 0.00787486 0.313534 8493.34 -0.0184332
67 13400 0.00559053 0.224201 8493.24 -0.00921936
68 13600 0.00393634 0.158756 8493.17 -0.00453526
69 13800 0.002676 0.111384 8493.12 -0.00219438
70 14000 0.00188828 0.0773816 8493.08 -0.00104485
71 14200 0.0012581 0.0531672 8493.05 -0.000490412
72 14400 0.000864242 0.0361365 8493.04 -0.000227058
73 14600 0.000627924 0.0242955 8493.02 -0.000103482
74 14800 0.000391606 0.0159566 8493.02 -4.7149e-05
75 15000 0.000234061 0.0104549 8493.01 -2.09813e-05
76 15200 0.000155296 0.00656957 8493.01 -9.33065e-06
77 15400 0.000155296 0.00394605 8493 -4.18285e-06
78 15600 7.63863e-05 0.00222661 8493 -1.92909e-06
79 15800 7.63863e-05 0.00104901 8493 -9.25128e-07
80 16000 7.63863e-05 0.000504831 8493 -4.42275e-07
81 16200 7.63863e-05 0.00024196 8493 -2.10834e-07
82 16400 7.63863e-05 0.000115309 8493 -1.00523e-07
83 16600 7.63863e-05 5.44253e-05 8493 -4.84555e-08
84 16800 7.63863e-05 2.47865e-05 8493 -2.47425e-08
85 17000 7.63863e-05 9.43518e-06 8493 -1.57145e-08
86 17200 7.63863e-05 -4.128e-07 8493 -1.6107e-08
87 17400 7.63863e-05 -1.02325e-05 8493 -2.58841e-08
88 17600 7.63863e-05 -2.50887e-05 8493 -4.98595e-08
89 17800 7.63863e-05 -5.21235e-05 8493 -9.9656e-08
90 18000 7.63863e-05 -0.000103962 8493 -1.98982e-07
91 18200 7.63863e-05 -0.000204927 8493 -3.94779e-07
92 18400 7.63863e-05 -0.000403606 8493 -7.80431e-07
93 18600 7.63863e-05 -0.000797399 8493 -1.54228e-06
94 18800 7.63863e-05 -0.00156979 8493 -3.04121e-06
95 19000 0.000155296 -0.00301931 8493 -6.36471e-06
96 19200 0.000234061 -0.00462499 8493.01 -1.28117e-05
97 19400 0.000312834 -0.00722257 8493.01 -2.55589e-05
98 19600 0.000391606 -0.0109951 8493.02 -4.58879e-05
99 19800 0.0012581 -0.0166004 8492.95 0.026754
