NTS LL(mkm)  STRESS(GPa)   VEL(m / s)  DENS(kg/m3)  ENERGY(J) 
0 1353.32 30.3924 900 10943.6 -341121
1 1508.54 30.392 899.835 10943.5 -341730
2 1663.75 30.3912 899.668 10943.5 -341832
3 1818.97 30.3898 899.5 10943.3 -341924
4 1974.19 30.3878 899.326 10943.2 -342032
5 2129.41 30.3848 899.145 10942.9 -342030
6 2284.63 30.3803 898.949 10942.5 -341849
7 2439.86 30.3735 898.729 10941.9 -341752
8 2595.1 30.3632 898.467 10941 -341514
9 2750.35 30.3473 898.136 10939.7 -341216
10 2905.62 30.3231 897.694 10937.6 -340694
11 3060.92 30.2868 897.081 10934.5 -339976
12 3216.26 30.2331 896.209 10929.9 -338762
13 3371.67 30.1555 894.962 10923.2 -337100
14 3527.17 30.0455 893.184 10913.9 -334734
15 3682.81 29.8929 890.678 10900.9 -331453
16 3838.63 29.6857 887.198 10883.3 -327022
17 3994.7 29.4101 882.452 10860.1 -321263
18 4151.11 29.0501 876.098 10830 -313741
19 4307.95 28.5882 867.743 10791.7 -304337
20 4465.35 28.0052 856.952 10744 -292721
21 4623.45 27.2798 843.246 10685.6 -278670
22 4782.41 26.3891 826.105 10615.2 -262019
23 4942.43 25.3073 804.968 10531.6 -242688
24 5103.71 24.0056 779.23 10433.6 -220700
25 5266.51 22.4505 748.217 10320.2 -196222
26 5431.1 20.6028 711.139 10190.2 -169609
27 5597.79 18.4114 667.079 10042.4 -141496
28 5766.94 15.813 615.178 9875.48 -112679
29 5938.94 12.6933 554.933 9685.86 -84481
30 6114.31 8.93747 484.513 9471.74 -59234.5
31 6293.64 9.65723 397.139 9301.15 -42136.4
32 6476.26 7.73473 347.963 9179.58 -29769.1
33 6661.3 5.71682 297.398 9055.13 -19718
34 6848.89 3.67357 244.046 8929.13 -12458.5
35 7039.12 2.95623 189.938 8821.58 -7936.91
36 7231.67 2.3938 147.449 8740 -5111.56
37 7426.02 1.95743 114.293 8678.37 -3344.4
38 7621.75 1.56206 88.0518 8631.82 -2237.87
39 7818.53 1.03907 66.1662 8593.22 -1562.96
40 8016.2 2.09039 57.6066 8584.61 -1314.42
41 8214.06 1.91302 53.3606 8576.72 -1100.07
42 8412.11 1.7358 48.9772 8568.86 -905.068
43 8610.34 1.55826 44.6527 8561.01 -728.882
44 8808.75 1.38337 40.2914 8553.29 -574.066
45 9007.34 1.21451 35.9525 8545.87 -442.204
46 9206.1 1.05459 31.7245 8538.85 -333.207
47 9405.03 0.905753 27.6853 8532.33 -245.646
48 9604.11 0.76951 23.8962 8526.38 -177.206
49 9803.32 0.646755 20.4017 8521.03 -125.112
50 10002.7 0.537828 17.2306 8516.29 -86.4664
51 10202.1 0.442437 14.3969 8512.15 -58.5071
52 10401.7 0.360288 11.9018 8508.58 -38.7681
53 10601.3 0.290297 9.73588 8505.54 -25.161
54 10801 0.231453 7.88131 8503 -15.9978
55 11000.8 0.182744 6.31426 8500.89 -9.96714
56 11200.6 0.14284 5.00735 8499.16 -6.08609
57 11400.4 0.110485 3.93082 8497.77 -3.64312
58 11600.3 0.0846602 3.05485 8496.65 -2.13817
59 11800.2 0.0642658 2.35058 8495.77 -1.23073
60 12000.2 0.0482795 1.79097 8495.08 -0.694918
61 12200.1 0.0359148 1.3514 8494.55 -0.38496
62 12400.1 0.0264636 1.00986 8494.14 -0.20929
63 12600.1 0.0193749 0.747438 8493.83 -0.111689
64 12800 0.0140188 0.547861 8493.6 -0.0585307
65 13000 0.0100804 0.397992 8493.43 -0.0301155
66 13200 0.00716593 0.286239 8493.31 -0.015223
67 13400 0.00503914 0.203912 8493.22 -0.00756461
68 13600 0.00354249 0.143912 8493.15 -0.00369618
69 13800 0.00243968 0.100553 8493.1 -0.00177757
70 14000 0.00165196 0.0696181 8493.07 -0.000840917
71 14200 0.00117933 0.0476661 8493.05 -0.000391762
72 14400 0.000785469 0.032194 8493.03 -0.000180573
73 14600 0.000549152 0.0215335 8493.02 -8.20261e-05
74 14800 0.000391606 0.0141733 8493.01 -3.67386e-05
75 15000 0.000234061 0.00897487 8493.01 -1.67621e-05
76 15200 0.000155296 0.00567934 8493.01 -7.49353e-06
77 15400 7.63863e-05 0.0034908 8493 -3.20984e-06
78 15600 7.63863e-05 0.00174138 8493 -1.54579e-06
79 15800 7.63863e-05 0.000843979 8493 -7.38708e-07
80 16000 7.63863e-05 0.000404243 8493 -3.52025e-07
81 16200 7.63863e-05 0.000192887 8493 -1.67503e-07
82 16400 7.63863e-05 9.175e-05 8493 -7.97263e-08
83 16600 7.63863e-05 4.32602e-05 8493 -3.8339e-08
84 16800 7.63863e-05 1.96886e-05 8493 -1.95035e-08
85 17000 7.63863e-05 7.48289e-06 8493 -1.23436e-08
86 17200 7.63863e-05 -3.93841e-07 8493 -1.2719e-08
87 17400 7.63863e-05 -8.37465e-06 8493 -2.07236e-08
88 17600 7.63863e-05 -2.06289e-05 8493 -4.04394e-08
89 17800 7.63863e-05 -4.30776e-05 8493 -8.15946e-08
90 18000 7.63863e-05 -8.61337e-05 8493 -1.63885e-07
91 18200 7.63863e-05 -0.000169622 8493 -3.25933e-07
92 18400 7.63863e-05 -0.000332688 8493 -6.43806e-07
93 18600 7.63863e-05 -0.000655467 8493 -1.27026e-06
94 18800 7.63863e-05 -0.00130624 8493 -2.51857e-06
95 19000 0.000155296 -0.00260184 8493 -5.25457e-06
96 19200 0.000155296 -0.00392898 8493.01 -1.0206e-05
97 19400 0.000234061 -0.00639909 8493.01 -2.04195e-05
98 19600 0.000391606 -0.0098296 8493.01 -3.57426e-05
99 19800 0.00110056 -0.0147376 8492.95 0.0266594
