NTS LL(mkm)  STRESS(GPa)   VEL(m / s)  DENS(kg/m3)  ENERGY(J) 
0 904.9 30.2975 900 10935.4 -339054
1 1060.23 30.294 899.662 10935.1 -339595
2 1215.57 30.2855 899.296 10934.4 -339530
3 1370.91 30.2681 898.857 10932.9 -339274
4 1526.28 30.2358 898.269 10930.1 -338726
5 1681.68 30.1793 897.401 10925.3 -337567
6 1837.16 30.0857 896.054 10917.3 -335463
7 1992.74 29.9379 893.938 10904.7 -332337
8 2148.51 29.7144 890.659 10885.7 -327563
9 2304.55 29.39 885.712 10858.4 -320774
10 2460.98 28.9355 878.48 10820.4 -311361
11 2617.96 28.319 868.246 10769.6 -298950
12 2775.68 27.5064 854.208 10703.8 -282955
13 2934.38 26.4617 835.507 10620.9 -263303
14 3094.31 25.1467 811.242 10519.3 -239858
15 3255.78 23.5213 780.482 10397.9 -212827
16 3419.14 21.5415 742.226 10255.6 -182753
17 3584.77 19.1557 695.364 10091.9 -150622
18 3753.08 16.3051 638.858 9906.44 -117704
19 3924.54 12.8764 572.431 9696.68 -85888.1
20 4099.72 8.71936 495.379 9459.74 -58046.5
21 4279.28 9.31576 400.826 9279.36 -39737.4
22 4462.33 7.10021 344.91 9140.06 -26276.8
23 4648.17 4.81515 286.221 9000.59 -16199.7
24 4836.89 3.27602 224.377 8869.11 -9827.96
25 5028.41 2.59291 170.453 8768.61 -6040.08
26 5222.12 2.07164 129.098 8694.36 -3769.13
27 5417.49 1.67018 97.1066 8639.77 -2408.12
28 5614.1 1.06819 73.0124 8595.37 -1594.56
29 5811.71 2.02289 58.0601 8581.61 -1230.04
30 6009.65 1.76476 52.7373 8570.15 -935.256
31 6207.85 1.51629 46.3084 8559.16 -689.759
32 6406.3 1.28253 40.0677 8548.86 -492.991
33 6605 1.06744 34.1396 8539.41 -341.211
34 6803.91 0.874387 28.6222 8530.96 -228.759
35 7003.02 0.705081 23.6129 8523.57 -148.639
36 7202.3 0.559823 19.1741 8517.25 -93.6517
37 7401.73 0.4378 15.3293 8511.94 -57.2452
38 7601.29 0.337327 12.069 8507.58 -33.9639
39 7800.94 0.256078 9.36014 8504.06 -19.5681
40 8000.68 0.191637 7.15223 8501.27 -10.9529
41 8200.49 0.141344 5.38584 8499.1 -5.95879
42 8400.35 0.102848 3.99777 8497.44 -3.1523
43 8600.24 0.0737939 2.9257 8496.18 -1.62224
44 8800.17 0.0522171 2.11138 8495.25 -0.81247
45 9000.11 0.0364661 1.50283 8494.57 -0.396191
46 9200.08 0.0251246 1.05521 8494.08 -0.188193
47 9400.05 0.0170907 0.73103 8493.74 -0.087118
48 9600.03 0.0114982 0.499749 8493.49 -0.039323
49 9800.02 0.00763855 0.337188 8493.33 -0.0173137
50 10000 0.00503914 0.224483 8493.21 -0.00744351
51 10200 0.0032274 0.14749 8493.14 -0.00312875
52 10400 0.00204582 0.0956221 8493.09 -0.00128703
53 10600 0.00133688 0.0611536 8493.06 -0.000518994
54 10800 0.000864242 0.0385437 8493.03 -0.000205512
55 11000 0.000549152 0.0238506 8493.02 -8.05887e-05
56 11200 0.000312834 0.0144922 8493.01 -3.14159e-05
57 11400 0.000234061 0.00862067 8493.01 -1.21047e-05
58 11600 0.000155296 0.0048217 8493 -4.85926e-06
59 11800 7.63863e-05 0.00260876 8493 -2.02128e-06
60 12000 7.63863e-05 0.00116043 8493 -9.09281e-07
61 12200 7.63863e-05 0.000523064 8493 -4.0824e-07
62 12400 7.63863e-05 0.000235745 8493 -1.82428e-07
63 12600 7.63863e-05 0.000105715 8493 -8.11548e-08
64 12800 7.63863e-05 4.71834e-05 8493 -3.59493e-08
65 13000 7.63863e-05 2.09696e-05 8493 -1.58566e-08
66 13200 7.63863e-05 9.27997e-06 8493 -6.96277e-09
67 13400 7.63863e-05 4.08902e-06 8493 -3.04484e-09
68 13600 7.63863e-05 1.7938e-06 8493 -1.32454e-09
69 13800 7.63863e-05 7.83395e-07 8493 -5.73848e-10
70 14000 7.63863e-05 3.40571e-07 8493 -2.47527e-10
71 14200 7.63863e-05 1.47376e-07 8493 -1.06328e-10
72 14400 7.63863e-05 6.34749e-08 8493 -4.54028e-11
73 14600 7.63863e-05 2.72087e-08 8493 -1.93458e-11
74 14800 7.63863e-05 1.16069e-08 8493 -8.26767e-12
75 15000 7.63863e-05 4.92714e-09 8493 -3.43266e-12
76 15200 7.63863e-05 2.08123e-09 8493 -1.16926e-12
77 15400 7.63863e-05 8.74713e-10 8493 0
78 15600 7.63863e-05 3.65766e-10 8493 0
79 15800 7.63863e-05 1.52163e-10 8493 0
80 16000 7.63863e-05 6.29735e-11 8493 0
81 16200 7.63863e-05 2.59253e-11 8493 0
82 16400 7.63863e-05 1.06166e-11 8493 0
83 16600 7.63863e-05 4.32431e-12 8493 0
84 16800 7.63863e-05 1.75185e-12 8493 0
85 17000 7.63863e-05 7.05839e-13 8493 0
86 17200 7.63863e-05 2.82826e-13 8493 0
87 17400 7.63863e-05 1.12699e-13 8493 0
88 17600 7.63863e-05 4.46565e-14 8493 0
89 17800 7.63863e-05 1.75954e-14 8493 0
90 18000 7.63863e-05 6.89358e-15 8493 0
91 18200 7.63863e-05 2.68538e-15 8493 0
92 18400 7.63863e-05 1.04009e-15 8493 0
93 18600 7.63863e-05 4.00555e-16 8493 0
94 18800 7.63863e-05 1.53483e-16 8493 0
95 19000 7.63863e-05 5.87878e-17 8493 0
96 19200 7.63863e-05 2.32444e-17 8493 0
97 19400 7.63863e-05 1.1416e-17 8493 5.34671e-07
98 19600 7.63863e-05 4.38084e-12 8493 7.3282e-06
99 19800 7.63863e-05 2.70751e-12 8493 0.026289
