NTS LL(mkm)  STRESS(GPa)   VEL(m / s)  DENS(kg/m3)  ENERGY(J) 
0 903.881 30.2972 900 10935.4 -339047
1 1059.21 30.2937 899.662 10935.1 -339588
2 1214.55 30.2851 899.294 10934.3 -339521
3 1369.89 30.2675 898.853 10932.8 -339262
4 1525.26 30.235 898.262 10930.1 -338709
5 1680.67 30.1781 897.389 10925.2 -337540
6 1836.14 30.0838 896.033 10917.1 -335420
7 1991.73 29.9348 893.902 10904.4 -332271
8 2147.5 29.7098 890.599 10885.3 -327464
9 2303.55 29.3831 885.618 10857.8 -320632
10 2459.99 28.9258 878.337 10819.6 -311163
11 2616.98 28.3056 868.038 10768.5 -298684
12 2774.72 27.4886 853.915 10702.3 -282611
13 2933.43 26.4383 835.107 10619.1 -262874
14 3093.39 25.1169 810.711 10517.1 -239342
15 3254.9 23.4836 779.797 10395.1 -212227
16 3418.3 21.4947 741.365 10252.3 -182079
17 3583.98 19.0982 694.289 10088 -149899
18 3752.36 16.2362 637.486 9902.09 -116982
19 3923.9 12.7947 570.699 9691.85 -85229
20 4099.16 8.61657 493.523 9454.11 -57502.1
21 4278.83 9.26581 399.171 9276.16 -39392.4
22 4461.94 7.04681 343.595 9136.79 -26000.4
23 4647.85 4.75962 284.868 8997.25 -16002.7
24 4836.64 3.25717 222.928 8866.29 -9711
25 5028.22 2.57818 169.327 8766.5 -5969.11
26 5221.98 2.0601 128.254 8692.75 -3725.23
27 5417.38 1.65378 96.4299 8638.57 -2381.35
28 5614.01 1.05861 72.0688 8594.67 -1584.37
29 5811.65 2.01681 58.2383 8581.34 -1222.68
30 6009.59 1.75766 52.6146 8569.83 -927.68
31 6207.8 1.50942 46.1302 8558.85 -683.473
32 6406.26 1.27596 39.8951 8548.57 -487.944
33 6604.96 1.06133 33.9743 8539.14 -337.304
34 6803.88 0.868819 28.4664 8530.72 -225.856
35 7002.99 0.700137 23.4696 8523.35 -146.567
36 7202.28 0.555581 19.0457 8517.06 -92.2276
37 7401.71 0.434184 15.2169 8511.79 -56.3016
38 7601.27 0.334339 11.9728 8507.45 -33.3604
39 7800.93 0.253639 9.27942 8503.96 -19.1949
40 8000.68 0.18967 7.08584 8501.19 -10.7298
41 8200.48 0.139848 5.33232 8499.04 -5.82954
42 8400.34 0.101667 3.95537 8497.39 -3.07975
43 8600.24 0.072849 2.8927 8496.14 -1.58275
44 8800.16 0.0515084 2.08614 8495.22 -0.791596
45 9000.11 0.0359936 1.48385 8494.55 -0.385472
46 9200.07 0.0248096 1.04115 8494.07 -0.182845
47 9400.05 0.0168544 0.720779 8493.73 -0.0845228
48 9600.03 0.0113407 0.49239 8493.49 -0.0380976
49 9800.02 0.00748101 0.331961 8493.32 -0.0167525
50 10000 0.00488159 0.220852 8493.21 -0.00719274
51 10200 0.00314863 0.145001 8493.14 -0.00301932
52 10400 0.00204582 0.0939356 8493.09 -0.00124041
53 10600 0.0012581 0.0600279 8493.05 -0.000499574
54 10800 0.000785469 0.0377776 8493.03 -0.000197907
55 11000 0.000549152 0.0234171 8493.02 -7.71778e-05
56 11200 0.000312834 0.0141434 8493.01 -3.02109e-05
57 11400 0.000234061 0.00846386 8493.01 -1.15134e-05
58 11600 0.000155296 0.00468306 8493 -4.63242e-06
59 11800 7.63863e-05 0.00251485 8493 -1.94882e-06
60 12000 7.63863e-05 0.00111801 8493 -8.77436e-07
61 12200 7.63863e-05 0.000504857 8493 -3.93862e-07
62 12400 7.63863e-05 0.000227529 8493 -1.7592e-07
63 12600 7.63863e-05 0.000101977 8493 -7.8226e-08
64 12800 7.63863e-05 4.54947e-05 8493 -3.46379e-08
65 13000 7.63863e-05 2.0211e-05 8493 -1.5272e-08
66 13200 7.63863e-05 8.94064e-06 8493 -6.70316e-09
67 13400 7.63863e-05 3.93786e-06 8493 -2.93008e-09
68 13600 7.63863e-05 1.72675e-06 8493 -1.27399e-09
69 13800 7.63863e-05 7.53785e-07 8493 -5.51771e-10
70 14000 7.63863e-05 3.27553e-07 8493 -2.37932e-10
71 14200 7.63863e-05 1.41678e-07 8493 -1.02115e-10
72 14400 7.63863e-05 6.09924e-08 8493 -4.36075e-11
73 14600 7.63863e-05 2.61321e-08 8493 -1.85657e-11
74 14800 7.63863e-05 1.11422e-08 8493 -7.95561e-12
75 15000 7.63863e-05 4.72754e-09 8493 -3.27663e-12
76 15200 7.63863e-05 1.99591e-09 8493 -1.01323e-12
77 15400 7.63863e-05 8.38422e-10 8493 0
78 15600 7.63863e-05 3.50407e-10 8493 0
79 15800 7.63863e-05 1.45696e-10 8493 0
80 16000 7.63863e-05 6.0264e-11 8493 0
81 16200 7.63863e-05 2.47961e-11 8493 0
82 16400 7.63863e-05 1.01484e-11 8493 0
83 16600 7.63863e-05 4.13125e-12 8493 0
84 16800 7.63863e-05 1.67266e-12 8493 0
85 17000 7.63863e-05 6.73532e-13 8493 0
86 17200 7.63863e-05 2.69718e-13 8493 0
87 17400 7.63863e-05 1.0741e-13 8493 0
88 17600 7.63863e-05 4.25343e-14 8493 0
89 17800 7.63863e-05 1.67486e-14 8493 0
90 18000 7.63863e-05 6.55761e-15 8493 0
91 18200 7.63863e-05 2.55284e-15 8493 0
92 18400 7.63863e-05 9.88105e-16 8493 0
93 18600 7.63863e-05 3.8028e-16 8493 0
94 18800 7.63863e-05 1.45614e-16 8493 0
95 19000 7.63863e-05 5.57313e-17 8493 0
96 19200 7.63863e-05 2.20266e-17 8493 0
97 19400 7.63863e-05 1.08047e-17 8493 5.34671e-07
98 19600 7.63863e-05 4.47201e-12 8493 7.3282e-06
99 19800 7.63863e-05 2.76385e-12 8493 0.026289
