NTS LL(mkm)  STRESS(GPa)   VEL(m / s)  DENS(kg/m3)  ENERGY(J) 
0 1356.38 30.3929 900 10943.6 -341131
1 1511.59 30.3925 899.835 10943.6 -341740
2 1666.81 30.3916 899.67 10943.5 -341842
3 1822.02 30.3903 899.502 10943.4 -341934
4 1977.24 30.3883 899.329 10943.2 -342043
5 2132.46 30.3853 899.149 10943 -342042
6 2287.68 30.3809 898.954 10942.6 -341863
7 2442.91 30.3742 898.736 10942 -341768
8 2598.15 30.3641 898.476 10941.1 -341534
9 2753.4 30.3485 898.15 10939.8 -341242
10 2908.67 30.3248 897.715 10937.8 -340730
11 3063.96 30.2891 897.112 10934.7 -340028
12 3219.3 30.2365 896.256 10930.2 -338837
13 3374.71 30.1604 895.031 10923.7 -337207
14 3530.21 30.0524 893.286 10914.4 -334884
15 3685.83 29.9026 890.825 10901.7 -331659
16 3841.64 29.6989 887.407 10884.4 -327301
17 3997.7 29.4278 882.743 10861.6 -321634
18 4154.09 29.0734 876.493 10831.9 -314222
19 4310.9 28.6185 868.271 10794.2 -304950
20 4468.27 28.0438 857.645 10747.2 -293483
21 4626.32 27.3285 844.138 10689.5 -279599
22 4785.22 26.4496 827.236 10619.9 -263128
23 4945.16 25.3816 806.382 10537.3 -243984
24 5106.36 24.096 780.974 10440.3 -222182
25 5269.06 22.5599 750.339 10328 -197880
26 5433.52 20.7345 713.699 10199.3 -171418
27 5600.06 18.5689 670.19 10052.8 -143401
28 5769.03 15.9994 619.007 9887.18 -114582
29 5940.83 12.9167 559.467 9699.07 -86279.5
30 6115.96 9.22176 489.232 9487.44 -60817.2
31 6295 9.79098 401.9 9309.76 -43102.1
32 6477.45 7.87157 351.65 9188.11 -30557.5
33 6662.32 5.86014 301.009 9063.86 -20332.2
34 6849.72 3.76461 248.005 8937.82 -12861.5
35 7039.77 3.00138 193.259 8828.25 -8191.72
36 7232.18 2.42966 150.086 8745.12 -5272.81
37 7426.41 1.98605 116.297 8682.36 -3448.59
38 7622.05 1.60495 89.6563 8634.98 -2304.81
39 7818.76 1.06025 68.9992 8594.79 -1585.22
40 8016.39 2.10208 56.5833 8585.13 -1329.2
41 8214.24 1.92737 53.5986 8577.36 -1116.72
42 8412.28 1.75017 49.3348 8569.5 -920.149
43 8610.49 1.57272 45.0027 8561.65 -742.518
44 8808.89 1.39777 40.6447 8553.93 -586.118
45 9007.46 1.2286 36.3078 8546.48 -452.528
46 9206.21 1.06807 32.0747 8539.44 -341.784
47 9405.12 0.918376 28.0235 8532.89 -252.565
48 9604.19 0.781201 24.2166 8526.89 -182.634
49 9803.39 0.657354 20.6999 8521.49 -129.257
50 10002.7 0.547254 17.5035 8516.7 -89.5507
51 10202.2 0.450847 14.6429 8512.51 -60.7445
52 10401.7 0.367522 12.1201 8508.89 -40.3515
53 10601.3 0.29651 9.92687 8505.81 -26.2548
54 10801 0.236803 8.04603 8503.23 -16.7358
55 11000.8 0.187151 6.45444 8501.08 -10.4537
56 11200.6 0.14646 5.12507 8499.32 -6.39968
57 11400.5 0.113476 4.0284 8497.9 -3.84083
58 11600.3 0.0870223 3.13482 8496.76 -2.2601
59 11800.3 0.0661557 2.4152 8495.85 -1.30436
60 12000.2 0.0497758 1.84274 8495.15 -0.738422
61 12200.1 0.0370962 1.39225 8494.6 -0.410152
62 12400.1 0.0274088 1.0418 8494.18 -0.223581
63 12600.1 0.020005 0.772073 8493.86 -0.119643
64 12800 0.0144914 0.566793 8493.62 -0.0628577
65 13000 0.0103955 0.412205 8493.45 -0.0324339
66 13200 0.00740224 0.296909 8493.32 -0.0164399
67 13400 0.00527545 0.211847 8493.22 -0.00818971
68 13600 0.00370003 0.149703 8493.16 -0.00401225
69 13800 0.00251846 0.104776 8493.11 -0.00193404
70 14000 0.00173074 0.0726128 8493.07 -0.00091779
71 14200 0.00117933 0.0498058 8493.05 -0.000428898
72 14400 0.000785469 0.0337555 8493.03 -0.000197747
73 14600 0.000549152 0.0225512 8493.02 -9.02939e-05
74 14800 0.000391606 0.0148548 8493.01 -4.08338e-05
75 15000 0.000234061 0.00958188 8493.01 -1.83677e-05
76 15200 0.000155296 0.00602561 8493.01 -8.19071e-06
77 15400 7.63863e-05 0.00372067 8493 -3.48401e-06
78 15600 7.63863e-05 0.00188031 8493 -1.68771e-06
79 15800 7.63863e-05 0.000919376 8493 -8.08719e-07
80 16000 7.63863e-05 0.000442187 8493 -3.85786e-07
81 16200 7.63863e-05 0.000211281 8493 -1.83674e-07
82 16400 7.63863e-05 0.000100548 8493 -8.74815e-08
83 16600 7.63863e-05 4.74253e-05 8493 -4.21102e-08
84 16800 7.63863e-05 2.1589e-05 8493 -2.14559e-08
85 17000 7.63863e-05 8.20809e-06 8493 -1.36024e-08
86 17200 7.63863e-05 -4.07615e-07 8493 -1.39906e-08
87 17400 7.63863e-05 -9.08138e-06 8493 -2.26693e-08
88 17600 7.63863e-05 -2.23184e-05 8493 -4.39987e-08
89 17800 7.63863e-05 -4.64966e-05 8493 -8.84202e-08
90 18000 7.63863e-05 -9.28518e-05 8493 -1.77129e-07
91 18200 7.63863e-05 -0.000182877 8493 -3.51849e-07
92 18400 7.63863e-05 -0.000359338 8493 -6.95205e-07
93 18600 7.63863e-05 -0.00070978 8493 -1.37351e-06
94 18800 7.63863e-05 -0.00141047 8493 -2.72086e-06
95 19000 0.000155296 -0.00276259 8493 -5.67083e-06
96 19200 0.000234061 -0.00411973 8493.01 -1.0993e-05
97 19400 0.000312834 -0.00671803 8493.01 -2.2079e-05
98 19600 0.000391606 -0.0103741 8493.02 -3.96317e-05
99 19800 0.00117933 -0.0154371 8492.95 0.0266947
