NTS LL(mkm)  STRESS(GPa)   VEL(m / s)  DENS(kg/m3)  ENERGY(J) 
0 995.109 30.3227 900 10937.6 -339603
1 1150.41 30.3209 899.72 10937.4 -340180
2 1305.71 30.3164 899.427 10937 -340204
3 1461.02 30.3076 899.101 10936.3 -340134
4 1616.33 30.2916 898.706 10934.9 -339936
5 1771.67 30.2633 898.178 10932.5 -339386
6 1927.04 30.2157 897.417 10928.4 -338271
7 2082.47 30.1388 896.266 10921.8 -336659
8 2238 30.0195 894.503 10911.6 -334076
9 2393.67 29.841 891.825 10896.5 -330302
10 2549.55 29.583 887.84 10874.6 -324835
11 2705.75 29.2224 882.063 10844.4 -317357
12 2862.38 28.7327 873.92 10803.7 -307243
13 3019.61 28.0855 862.759 10750.6 -294279
14 3177.61 27.2498 847.859 10683.2 -278062
15 3336.61 26.1932 828.452 10599.9 -258393
16 3496.85 24.8807 803.734 10499.2 -235254
17 3658.64 23.2732 772.86 10379.7 -208917
18 3822.28 21.3302 734.89 10240.8 -179732
19 3988.15 18.9997 688.79 10081.5 -148652
20 4156.64 16.2166 633.603 9900.86 -116825
21 4328.2 12.8761 568.925 9696.66 -85919
22 4503.37 8.83413 493.665 9466.05 -58679.7
23 4682.81 9.43623 400.885 9287.03 -40573.6
24 4865.71 7.2968 346.547 9152.27 -27326.2
25 5051.31 5.08105 289.911 9016.62 -17173.6
26 5239.69 3.38502 230.182 8885.43 -10515.7
27 5430.86 2.69089 175.859 8782.8 -6524.56
28 5624.26 2.15672 133.982 8706.33 -4105.37
29 5819.36 1.74842 101.99 8649.37 -2630.73
30 6015.74 1.17883 78.5306 8603.56 -1718.78
31 6213.17 2.08797 58.4258 8584.51 -1311.01
32 6411.04 1.86114 53.804 8574.42 -1040.73
33 6609.14 1.62936 48.4137 8564.15 -796.896
34 6807.48 1.40473 42.6878 8554.24 -591.794
35 7006.05 1.1933 37.0508 8544.94 -426.726
36 7204.83 0.999036 31.6864 8536.41 -298.826
37 7403.82 0.82427 26.7024 8528.77 -203.283
38 7602.98 0.670386 22.1757 8522.06 -134.386
39 7802.3 0.537592 18.1523 8516.28 -86.3692
40 8001.75 0.425145 14.6485 8511.39 -53.9858
41 8201.32 0.331587 11.6563 8507.34 -32.8314
42 8400.98 0.255213 9.1476 8504.03 -19.4337
43 8600.72 0.193762 7.08149 8501.37 -11.2007
44 8800.52 0.145201 5.40863 8499.27 -6.28824
45 9000.38 0.107414 4.07649 8497.63 -3.44004
46 9200.27 0.0784397 3.03248 8496.38 -1.83448
47 9400.19 0.0565484 2.22685 8495.44 -0.953975
48 9600.13 0.0403253 1.61456 8494.74 -0.483935
49 9800.09 0.0283539 1.1559 8494.22 -0.239576
50 10000.1 0.0196899 0.817302 8493.85 -0.115791
51 10200 0.0135462 0.570778 8493.58 -0.0546625
52 10400 0.00921394 0.393819 8493.4 -0.0252112
53 10600 0.00614192 0.268372 8493.26 -0.0113702
54 10800 0.00409388 0.180687 8493.18 -0.00501698
55 11000 0.002676 0.120155 8493.11 -0.00216795
56 11200 0.00173074 0.0788875 8493.07 -0.000918934
57 11400 0.00110056 0.0511322 8493.05 -0.000382559
58 11600 0.000706697 0.032645 8493.03 -0.000157067
59 11800 0.000470379 0.0205155 8493.02 -6.38095e-05
60 12000 0.000312834 0.0126446 8493.01 -2.57226e-05
61 12200 0.000155296 0.0076635 8493.01 -1.01559e-05
62 12400 0.000155296 0.00430447 8493 -4.15825e-06
63 12600 7.63863e-05 0.00228467 8493 -1.8324e-06
64 12800 7.63863e-05 0.00103623 8493 -8.39854e-07
65 13000 7.63863e-05 0.000477279 8493 -3.82918e-07
66 13200 7.63863e-05 0.000218421 8493 -1.73774e-07
67 13400 7.63863e-05 9.94202e-05 8493 -7.85651e-08
68 13600 7.63863e-05 4.50802e-05 8493 -3.53889e-08
69 13800 7.63863e-05 2.0367e-05 8493 -1.58821e-08
70 14000 7.63863e-05 9.16768e-06 8493 -7.09953e-09
71 14200 7.63863e-05 4.11096e-06 8493 -3.16162e-09
72 14400 7.63863e-05 1.83633e-06 8493 -1.40271e-09
73 14600 7.63863e-05 8.17058e-07 8493 -6.19796e-10
74 14800 7.63863e-05 3.62093e-07 8493 -2.7249e-10
75 15000 7.63863e-05 1.59816e-07 8493 -1.19278e-10
76 15200 7.63863e-05 7.02458e-08 8493 -5.22662e-11
77 15400 7.63863e-05 3.07464e-08 8493 -2.27014e-11
78 15600 7.63863e-05 1.34003e-08 8493 -1.08431e-11
79 15800 7.63863e-05 5.81502e-09 8493 -4.99296e-12
80 16000 7.63863e-05 2.51235e-09 8493 0
81 16200 7.63863e-05 1.08063e-09 8493 0
82 16400 7.63863e-05 4.62721e-10 8493 0
83 16600 7.63863e-05 1.97233e-10 8493 0
84 16800 7.63863e-05 8.3683e-11 8493 0
85 17000 7.63863e-05 3.53401e-11 8493 0
86 17200 7.63863e-05 1.48543e-11 8493 0
87 17400 7.63863e-05 6.21391e-12 8493 0
88 17600 7.63863e-05 2.58695e-12 8493 0
89 17800 7.63863e-05 1.07177e-12 8493 0
90 18000 7.63863e-05 4.41857e-13 8493 0
91 18200 7.63863e-05 1.81265e-13 8493 0
92 18400 7.63863e-05 7.39932e-14 8493 0
93 18600 7.63863e-05 3.00576e-14 8493 0
94 18800 7.63863e-05 1.21614e-14 8493 0
95 19000 7.63863e-05 4.92916e-15 8493 0
96 19200 7.63863e-05 2.07356e-15 8493 0
97 19400 7.63863e-05 1.08437e-15 8493 5.34671e-07
98 19600 7.63863e-05 7.07785e-13 8493 7.3282e-06
99 19800 7.63863e-05 4.37435e-13 8493 0.0262891
