NTS LL(mkm)  STRESS(GPa)   VEL(m / s)  DENS(kg/m3)  ENERGY(J) 
0 907.958 30.2985 900 10935.5 -339074
1 1063.29 30.295 899.665 10935.2 -339617
2 1218.62 30.2866 899.301 10934.5 -339556
3 1373.96 30.2697 898.868 10933 -339310
4 1529.33 30.2383 898.288 10930.3 -338778
5 1684.73 30.1831 897.437 10925.6 -337647
6 1840.2 30.0916 896.117 10917.8 -335589
7 1995.78 29.947 894.046 10905.5 -332531
8 2151.54 29.7282 890.836 10886.9 -327854
9 2307.56 29.4101 885.991 10860.1 -321195
10 2463.97 28.9641 878.902 10822.8 -311948
11 2620.91 28.3584 868.862 10772.9 -299739
12 2778.59 27.5594 855.076 10708 -283976
13 2937.22 26.531 836.692 10626.3 -264578
14 3097.07 25.2356 812.815 10526.1 -241397
15 3258.44 23.6331 782.513 10406.1 -214619
16 3421.67 21.6807 744.786 10265.4 -184764
17 3587.14 19.3262 698.574 10103.3 -152778
18 3755.26 16.5096 642.944 9919.4 -119866
19 3926.5 13.1205 577.501 9711.16 -87884.6
20 4101.41 9.02802 500.777 9476.73 -59723.7
21 4280.65 9.4685 405.936 9289.09 -40796.5
22 4463.51 7.25839 348.965 9149.88 -27118
23 4649.15 4.98148 290.293 9010.6 -16802.7
24 4837.66 3.33324 228.739 8877.68 -10187.1
25 5029 2.63733 173.862 8775.04 -6258.31
26 5222.57 2.10627 131.681 8699.23 -3903.6
27 5417.83 1.70467 99.2371 8643.34 -2488.71
28 5614.35 1.10078 75.4781 8597.79 -1629.9
29 5811.91 2.03957 57.9363 8582.35 -1250.57
30 6009.83 1.78576 53.0486 8571.08 -957.711
31 6208.01 1.53701 46.8226 8560.07 -708.799
32 6406.44 1.30225 40.5852 8549.72 -508.325
33 6605.11 1.08585 34.6366 8540.22 -353.108
34 6804.01 0.89109 29.091 8531.69 -237.623
35 7003.1 0.719915 24.0445 8524.22 -154.986
36 7202.37 0.572704 19.5617 8517.81 -98.0258
37 7401.78 0.448803 15.6691 8512.42 -60.1517
38 7601.33 0.346449 12.3604 8507.98 -35.8283
39 7800.98 0.263552 9.60487 8504.39 -20.7241
40 8000.71 0.197618 7.35378 8501.53 -11.6463
41 8200.51 0.146067 5.54867 8499.3 -6.36156
42 8400.36 0.10647 4.12695 8497.59 -3.37903
43 8600.25 0.0765499 3.02635 8496.3 -1.74605
44 8800.17 0.0542647 2.18851 8495.34 -0.878086
45 9000.12 0.0379625 1.56095 8494.64 -0.429966
46 9200.08 0.0262273 1.09833 8494.13 -0.205084
47 9400.05 0.0178783 0.762479 8493.77 -0.0953374
48 9600.03 0.0120496 0.522381 8493.52 -0.0432124
49 9800.02 0.0080324 0.353209 8493.34 -0.0191062
50 10000 0.00527545 0.235656 8493.23 -0.00824937
51 10200 0.00338494 0.155196 8493.15 -0.00348139
52 10400 0.00220337 0.10086 8493.09 -0.00143727
53 10600 0.00141565 0.0646473 8493.06 -0.000581708
54 10800 0.000864242 0.0408217 8493.04 -0.000231556
55 11000 0.000549152 0.0253576 8493.02 -9.11265e-05
56 11200 0.000312834 0.0155223 8493.01 -3.52535e-05
57 11400 0.000234061 0.00914058 8493.01 -1.39064e-05
58 11600 0.000155296 0.00523217 8493 -5.56705e-06
59 11800 7.63863e-05 0.00288859 8493 -2.2538e-06
60 12000 7.63863e-05 0.00129577 8493 -1.01243e-06
61 12200 7.63863e-05 0.00058231 8493 -4.54593e-07
62 12400 7.63863e-05 0.000262253 8493 -2.03383e-07
63 12600 7.63863e-05 0.00011774 8493 -9.05932e-08
64 12800 7.63863e-05 5.26212e-05 8493 -4.01797e-08
65 13000 7.63863e-05 2.34152e-05 8493 -1.77443e-08
66 13200 7.63863e-05 1.03748e-05 8493 -7.80147e-09
67 13400 7.63863e-05 4.57711e-06 8493 -3.41594e-09
68 13600 7.63863e-05 2.01047e-06 8493 -1.48806e-09
69 13800 7.63863e-05 8.79164e-07 8493 -6.45539e-10
70 14000 7.63863e-05 3.82714e-07 8493 -2.78575e-10
71 14200 7.63863e-05 1.65837e-07 8493 -1.20136e-10
72 14400 7.63863e-05 7.15258e-08 8493 -5.1253e-11
73 14600 7.63863e-05 3.07033e-08 8493 -2.19213e-11
74 14800 7.63863e-05 1.31166e-08 8493 -9.20385e-12
75 15000 7.63863e-05 5.57626e-09 8493 -3.90075e-12
76 15200 7.63863e-05 2.35898e-09 8493 -1.63735e-12
77 15400 7.63863e-05 9.9297e-10 8493 0
78 15600 7.63863e-05 4.15867e-10 8493 0
79 15800 7.63863e-05 1.73282e-10 8493 0
80 16000 7.63863e-05 7.18304e-11 8493 0
81 16200 7.63863e-05 2.96206e-11 8493 0
82 16400 7.63863e-05 1.21503e-11 8493 0
83 16600 7.63863e-05 4.9575e-12 8493 0
84 16800 7.63863e-05 2.01187e-12 8493 0
85 17000 7.63863e-05 8.12041e-13 8493 0
86 17200 7.63863e-05 3.25967e-13 8493 0
87 17400 7.63863e-05 1.30127e-13 8493 0
88 17600 7.63863e-05 5.16586e-14 8493 0
89 17800 7.63863e-05 2.03928e-14 8493 0
90 18000 7.63863e-05 8.00486e-15 8493 0
91 18200 7.63863e-05 3.12434e-15 8493 0
92 18400 7.63863e-05 1.2125e-15 8493 0
93 18600 7.63863e-05 4.67885e-16 8493 0
94 18800 7.63863e-05 1.79647e-16 8493 0
95 19000 7.63863e-05 6.89518e-17 8493 0
96 19200 7.63863e-05 2.73246e-17 8493 0
97 19400 7.63863e-05 1.34537e-17 8493 5.34671e-07
98 19600 7.63863e-05 4.11832e-12 8493 7.3282e-06
99 19800 7.63863e-05 2.54526e-12 8493 0.026289
