NTS LL(mkm)  STRESS(GPa)   VEL(m / s)  DENS(kg/m3)  ENERGY(J) 
0 1809.26 30.4451 900 10948.1 -342272
1 1964.41 30.4449 899.903 10948.1 -342885
2 2119.56 30.4445 899.806 10948.1 -342998
3 2274.71 30.444 899.708 10948 -343108
4 2429.87 30.4433 899.609 10947.9 -343245
5 2585.02 30.4424 899.508 10947.9 -343288
6 2740.17 30.4413 899.405 10947.8 -343181
7 2895.33 30.4399 899.299 10947.7 -343202
8 3050.48 30.4383 899.19 10947.5 -343154
9 3205.64 30.4363 899.077 10947.3 -343159
10 3360.8 30.4339 898.957 10947.1 -343110
11 3515.97 30.4308 898.83 10946.9 -343115
12 3671.13 30.4267 898.689 10946.5 -342977
13 3826.31 30.4213 898.531 10946.1 -342878
14 3981.49 30.4139 898.345 10945.4 -342721
15 4136.68 30.4036 898.117 10944.5 -342485
16 4291.88 30.3891 897.829 10943.3 -342146
17 4447.09 30.3688 897.452 10941.5 -341753
18 4602.34 30.3405 896.949 10939.1 -341095
19 4757.62 30.3013 896.269 10935.7 -340270
20 4912.94 30.2477 895.345 10931.1 -339127
21 5068.33 30.1752 894.093 10924.9 -337570
22 5223.81 30.0784 892.407 10916.7 -335486
23 5379.41 29.9509 890.158 10905.8 -332747
24 5535.16 29.7852 887.19 10891.7 -329203
25 5691.11 29.5729 883.32 10873.8 -324693
26 5847.32 29.304 878.337 10851.2 -319038
27 6003.86 28.9678 872 10823.1 -312128
28 6160.8 28.552 864.039 10788.7 -303640
29 6318.24 28.0432 854.154 10747.1 -293524
30 6476.3 27.4263 842.015 10697.3 -281483
31 6635.08 26.6846 827.256 10638.4 -267506
32 6794.75 25.7995 809.477 10569.4 -251360
33 6955.46 24.749 788.233 10489.2 -233114
34 7117.4 23.5085 763.018 10396.9 -212655
35 7280.77 22.0472 733.248 10291.4 -190207
36 7445.82 20.3284 698.228 10171.4 -165938
37 7612.82 18.3038 657.201 10035.4 -140227
38 7782.08 15.9107 609.413 9881.6 -113663
39 7953.98 13.0521 553.813 9707.1 -87341.1
40 8128.96 9.63617 487.515 9510.47 -63208.3
41 8307.57 10.1046 404.901 9329.91 -45414
42 8489.63 8.34523 357.175 9217.84 -33405.7
43 8673.9 6.49785 310.645 9102.9 -23254.3
44 8860.5 4.55435 262.017 8984.94 -15298.9
45 9049.55 3.28853 210.231 8870.97 -9907.6
46 9241.03 2.68333 164.898 8781.7 -6489.67
47 9434.45 2.20681 129.521 8713.41 -4307.87
48 9629.39 1.82962 101.953 8660.6 -2896.81
49 9825.52 1.38457 80.2351 8618.75 -1980.12
50 10022.6 2.22111 60.1749 8590.44 -1484.97
51 10220.3 2.1006 55.8785 8585.07 -1327.59
52 10418.2 1.97814 52.8747 8579.62 -1176.81
53 10616.2 1.84811 49.974 8573.84 -1026.64
54 10814.3 1.71222 46.8725 8567.82 -880.764
55 11012.5 1.57327 43.5921 8561.67 -743.236
56 11210.9 1.43374 40.2061 8555.52 -616.949
57 11409.5 1.29591 36.7794 8549.45 -503.752
58 11608.2 1.16166 33.3686 8543.55 -404.597
59 11807 1.03281 30.0253 8537.89 -319.645
60 12005.9 0.910693 26.7947 8532.55 -248.408
61 12205 0.796421 23.7152 8527.56 -189.903
62 12404.2 0.690874 20.8175 8522.95 -142.821
63 12603.5 0.59438 18.1246 8518.75 -105.676
64 12802.9 0.507267 15.6514 8514.96 -76.9341
65 13002.4 0.42939 13.406 8511.58 -55.1131
66 13201.9 0.360603 11.3902 8508.59 -38.8526
67 13401.6 0.300364 9.5998 8505.98 -26.9565
68 13601.2 0.24829 8.02622 8503.73 -18.4087
69 13801 0.203598 6.65729 8501.79 -12.3753
70 14000.8 0.165666 5.47837 8500.15 -8.19044
71 14200.6 0.133708 4.47284 8498.77 -5.33743
72 14400.5 0.107099 3.62343 8497.62 -3.42518
73 14600.4 0.0852114 2.91252 8496.67 -2.16494
74 14800.3 0.0672582 2.32301 8495.9 -1.34804
75 15000.2 0.0526896 1.83845 8495.27 -0.827127
76 15200.2 0.0409553 1.44354 8494.77 -0.500353
77 15400.1 0.0316618 1.12436 8494.36 -0.298646
78 15600.1 0.024337 0.868239 8494.05 -0.176139
79 15800.1 0.0185872 0.664009 8493.8 -0.102943
80 16000.1 0.0141763 0.501852 8493.61 -0.0599638
81 16200 0.0108681 0.373059 8493.47 -0.0351773
82 16400 0.00842625 0.270075 8493.36 -0.021208
83 16600 0.00677208 0.186222 8493.29 -0.013613
84 16800 0.00574807 0.114969 8493.25 -0.00983832
85 17000 0.00535422 0.0504609 8493.23 -0.00856031
86 17200 0.00559053 -0.0139898 8493.24 -0.00943355
87 17400 0.00661454 -0.08596 8493.29 -0.013175
88 17600 0.00866256 -0.174728 8493.37 -0.0221785
89 17800 0.0118921 -0.293043 8493.51 -0.0421781
90 18000 0.0170119 -0.458366 8493.73 -0.085976
91 18199.9 0.0247308 -0.696006 8494.06 -0.181787
92 18399.9 0.0362299 -1.04255 8494.56 -0.391494
93 18599.9 0.0534772 -1.55155 8495.3 -0.850554
94 18799.8 0.0789122 -2.30224 8496.4 -1.85575
95 18999.8 0.116704 -3.41128 8498.04 -4.05694
96 19199.6 0.172592 -5.0509 8500.45 -8.87659
97 19399.5 0.255292 -7.47595 8504.03 -19.4285
98 19599.2 0.377664 -11.063 8509.33 -42.5263
99 19798.8 1.18993 -16.3687 8441.84 423.392
