NTS LL(mkm)  STRESS(GPa)   VEL(m / s)  DENS(kg/m3)  ENERGY(J) 
0 1893.82 30.4522 900 10948.7 -342428
1 2048.96 30.4521 899.911 10948.7 -343043
2 2204.1 30.4518 899.821 10948.7 -343157
3 2359.24 30.4514 899.73 10948.6 -343268
4 2514.39 30.4508 899.639 10948.6 -343408
5 2669.53 30.45 899.546 10948.5 -343454
6 2824.67 30.4491 899.451 10948.4 -343351
7 2979.82 30.4479 899.354 10948.3 -343377
8 3134.97 30.4466 899.255 10948.2 -343335
9 3290.12 30.445 899.153 10948.1 -343349
10 3445.27 30.443 899.047 10947.9 -343311
11 3600.42 30.4407 898.935 10947.7 -343332
12 3755.57 30.4378 898.816 10947.5 -343218
13 3910.73 30.434 898.686 10947.1 -343155
14 4065.9 30.429 898.54 10946.7 -343052
15 4221.07 30.4223 898.37 10946.1 -342895
16 4376.24 30.4131 898.164 10945.3 -342671
17 4531.43 30.4005 897.907 10944.3 -342443
18 4686.64 30.3829 897.574 10942.7 -342019
19 4841.87 30.3586 897.133 10940.7 -341516
20 4997.12 30.3252 896.543 10937.8 -340810
21 5152.42 30.2797 895.749 10933.9 -339835
22 5307.77 30.2183 894.678 10928.6 -338508
23 5463.2 30.1364 893.242 10921.6 -336738
24 5618.72 30.0286 891.332 10912.4 -334409
25 5774.38 29.8885 888.816 10900.5 -331395
26 5930.21 29.7087 885.538 10885.2 -327547
27 6086.25 29.4805 881.316 10866 -322782
28 6242.58 29.1946 875.941 10842 -316791
29 6399.24 28.8402 869.178 10812.5 -309533
30 6556.34 28.4053 860.761 10776.7 -300700
31 6713.96 27.8769 850.396 10733.6 -290256
32 6872.21 27.2403 837.759 10682.5 -277922
33 7031.22 26.4792 822.493 10622.3 -263697
34 7191.13 25.5748 804.203 10552.1 -247358
35 7352.1 24.5056 782.452 10470.9 -228983
36 7514.32 23.2458 756.744 10377.7 -208529
37 7678 21.7646 726.495 10271.3 -186092
38 7843.37 20.026 690.988 10150.7 -161866
39 8010.71 17.9797 649.423 10014.1 -136348
40 8180.33 15.5577 601.028 9859.53 -110115
41 8352.61 12.6602 545.008 9683.9 -84184.9
42 8528.01 9.17283 478.943 9484.73 -60541.4
43 8707.1 9.90607 396.378 9317.13 -43946.6
44 8889.41 8.17393 351.017 9207.09 -32361.1
45 9073.9 6.34006 305.635 9093.22 -22503.8
46 9260.7 4.404 257.521 8975.91 -14798.9
47 9449.94 3.24302 206.03 8864.13 -9623.31
48 9641.56 2.65157 161.871 8777.12 -6329.85
49 9835.09 2.18376 127.388 8710.14 -4214.77
50 10030.1 1.81344 100.477 8658.35 -2844.12
51 10226.3 1.36403 79.2932 8617.23 -1952.03
52 10423.4 2.21636 59.5751 8590.23 -1478.69
53 10621.1 2.10496 55.635 8585.26 -1333.18
54 10819 1.98984 52.8891 8580.14 -1190.82
55 11017 1.86637 50.1796 8574.65 -1047.15
56 11215.1 1.73666 47.2442 8568.9 -906.232
57 11413.3 1.60342 44.1204 8563.01 -772.098
58 11611.6 1.46884 40.8805 8557.06 -647.634
59 11810.1 1.33511 37.5844 8551.17 -534.792
60 12008.8 1.20402 34.285 8545.41 -434.725
61 12207.6 1.07731 31.0301 8539.85 -347.862
62 12406.5 0.956398 27.8641 8534.55 -274.01
63 12605.5 0.842389 24.8246 8529.56 -212.474
64 12804.6 0.736161 21.9433 8524.92 -162.196
65 13003.9 0.638276 19.2445 8520.66 -121.895
66 13203.2 0.54914 16.7458 8516.78 -90.1928
67 13402.7 0.468843 14.4582 8513.29 -65.7104
68 13602.2 0.397161 12.3864 8510.18 -47.141
69 13801.8 0.333867 10.5294 8507.43 -33.3052
70 14001.5 0.278498 8.88209 8505.04 -23.1747
71 14201.2 0.230588 7.43511 8502.96 -15.8839
72 14400.9 0.189512 6.17644 8501.18 -10.7252
73 14600.7 0.154568 5.09165 8499.67 -7.13571
74 14800.6 0.125206 4.16534 8498.4 -4.67912
75 15000.5 0.100722 3.38111 8497.34 -3.0255
76 15200.4 0.0804083 2.72281 8496.47 -1.93038
77 15400.3 0.0638721 2.17428 8495.75 -1.21684
78 15600.2 0.0504846 1.72012 8495.18 -0.759696
79 15800.2 0.039774 1.34571 8494.71 -0.471836
80 16000.1 0.0314256 1.03731 8494.35 -0.293951
81 16200.1 0.0250459 0.781878 8494.08 -0.186531
82 16400.1 0.0203988 0.566985 8493.88 -0.123816
83 16600 0.017327 0.379814 8493.75 -0.0897803
84 16800 0.0159092 0.207499 8493.68 -0.0752969
85 17000 0.0160667 0.035109 8493.69 -0.0771767
86 17200 0.0181934 -0.155041 8493.78 -0.0988767
87 17400 0.0227618 -0.385851 8493.98 -0.154426
88 17600 0.0305592 -0.688385 8494.32 -0.278504
89 17799.9 0.0429242 -1.10621 8494.85 -0.549451
90 17999.9 0.0618246 -1.70114 8495.67 -1.13976
91 18199.8 0.0902506 -2.56286 8496.89 -2.42648
92 18399.7 0.132449 -3.81817 8498.72 -5.22491
93 18599.6 0.194391 -5.63907 8501.39 -11.2594
94 18799.4 0.283768 -8.23415 8505.26 -24.0065
95 18999.1 0.408717 -11.7956 8510.68 -49.8346
96 19198.7 0.57451 -16.3792 8517.88 -98.5139
97 19398.1 0.77822 -21.7709 8526.76 -180.953
98 19597.3 1.00789 -27.5531 8536.8 -303.805
99 19796.3 1.80475 -33.5825 8334.96 2818.11
