NTS LL(mkm)  STRESS(GPa)   VEL(m / s)  DENS(kg/m3)  ENERGY(J) 
0 1361.98 30.3937 900 10943.7 -341149
1 1517.2 30.3933 899.836 10943.6 -341758
2 1672.41 30.3925 899.672 10943.6 -341861
3 1827.63 30.3912 899.505 10943.5 -341953
4 1982.84 30.3892 899.334 10943.3 -342063
5 2138.06 30.3863 899.155 10943 -342063
6 2293.28 30.3821 898.963 10942.7 -341887
7 2448.51 30.3756 898.748 10942.1 -341796
8 2603.74 30.3657 898.494 10941.3 -341570
9 2758.99 30.3507 898.174 10940 -341290
10 2914.26 30.3278 897.752 10938 -340796
11 3069.55 30.2935 897.167 10935.1 -340122
12 3224.88 30.2427 896.339 10930.7 -338970
13 3380.28 30.1691 895.155 10924.4 -337396
14 3535.77 30.0648 893.468 10915.5 -335150
15 3691.38 29.9198 891.088 10903.2 -332028
16 3847.17 29.7225 887.78 10886.4 -327801
17 4003.2 29.4595 883.261 10864.2 -322298
18 4159.55 29.1152 877.2 10835.4 -315086
19 4316.31 28.6728 869.216 10798.7 -306050
20 4473.61 28.1132 858.885 10752.8 -294855
21 4631.58 27.4159 845.739 10696.5 -281274
22 4790.38 26.5582 829.268 10628.5 -265129
23 4950.19 25.5151 808.923 10547.5 -246326
24 5111.24 24.2588 784.109 10452.4 -224866
25 5273.74 22.7569 754.158 10342.2 -200890
26 5437.98 20.9715 718.324 10215.8 -174704
27 5604.26 18.8518 675.82 10071.6 -146867
28 5772.91 16.3354 625.857 9908.36 -118075
29 5944.34 13.3239 567.397 9723.28 -89644.5
30 6119.03 9.73976 497.568 9516.25 -63836.5
31 6297.53 10.0441 410.873 9326.05 -44961.4
32 6479.66 8.12306 358.78 9203.86 -32045.2
33 6664.22 6.12116 307.759 9079.8 -21490.5
34 6851.29 4.03635 255.015 8953.98 -13647
35 7040.99 3.08643 199.684 8840.81 -8680.99
36 7233.13 2.49683 155.024 8754.76 -5582.59
37 7427.15 2.03919 120.131 8689.8 -3646.92
38 7622.62 1.68046 92.9517 8640.53 -2426.81
39 7819.2 1.11391 72.7606 8598.76 -1643.52
40 8016.74 2.11797 56.3132 8585.84 -1349.47
41 8214.58 1.9521 53.7979 8578.46 -1145.64
42 8412.59 1.77632 49.9159 8570.66 -947.998
43 8610.77 1.59921 45.6407 8562.82 -767.817
44 8809.14 1.42412 41.2919 8555.09 -608.524
45 9007.69 1.25443 36.958 8547.62 -471.794
46 9206.41 1.09282 32.717 8540.52 -357.855
47 9405.3 0.941739 28.6452 8533.91 -265.584
48 9604.34 0.802776 24.8069 8527.83 -192.89
49 9803.52 0.677059 21.2508 8522.35 -137.121
50 10002.8 0.564928 18.0091 8517.47 -95.4243
51 10202.3 0.466407 15.0993 8513.19 -65.0222
52 10401.8 0.381123 12.5262 8509.48 -43.3905
53 10601.4 0.308151 10.2828 8506.32 -28.3625
54 10801.1 0.246638 8.35369 8503.66 -18.1635
55 11000.8 0.195414 6.7169 8501.44 -11.3986
56 11200.6 0.153308 5.34583 8499.62 -7.01118
57 11400.5 0.119066 4.21191 8498.14 -4.22782
58 11600.4 0.0915104 3.28539 8496.95 -2.49976
59 11800.3 0.0696993 2.53733 8496.01 -1.44958
60 12000.2 0.0526109 1.94056 8495.27 -0.824606
61 12200.1 0.0393014 1.4697 8494.69 -0.460251
62 12400.1 0.0290627 1.10247 8494.25 -0.252112
63 12600.1 0.021344 0.819025 8493.92 -0.135573
64 12800.1 0.0155154 0.602785 8493.67 -0.0715743
65 13000 0.0111832 0.439456 8493.48 -0.0371145
66 13200 0.00795363 0.317329 8493.34 -0.018907
67 13400 0.0056693 0.227035 8493.24 -0.00946462
68 13600 0.00393634 0.160831 8493.17 -0.00466025
69 13800 0.00275477 0.112915 8493.12 -0.00225636
70 14000 0.00188828 0.0784614 8493.08 -0.00107549
71 14200 0.00133688 0.0539722 8493.05 -0.000504804
72 14400 0.000864242 0.0366783 8493.04 -0.000233935
73 14600 0.000627924 0.024643 8493.02 -0.00010698
74 14800 0.000391606 0.0162651 8493.02 -4.86004e-05
75 15000 0.000234061 0.0106472 8493.01 -2.15931e-05
76 15200 0.000155296 0.00668973 8493.01 -9.60589e-06
77 15400 0.000155296 0.00399594 8493 -4.35918e-06
78 15600 7.63863e-05 0.00230718 8493 -1.99024e-06
79 15800 7.63863e-05 0.00108336 8493 -9.53318e-07
80 16000 7.63863e-05 0.000520067 8493 -4.55858e-07
81 16200 7.63863e-05 0.000249319 8493 -2.17379e-07
82 16400 7.63863e-05 0.000118862 8493 -1.0367e-07
83 16600 7.63863e-05 5.61136e-05 8493 -4.99876e-08
84 16800 7.63863e-05 2.55586e-05 8493 -2.55362e-08
85 17000 7.63863e-05 9.7327e-06 8493 -1.62234e-08
86 17200 7.63863e-05 -4.10986e-07 8493 -1.66141e-08
87 17400 7.63863e-05 -1.05041e-05 8493 -2.66502e-08
88 17600 7.63863e-05 -2.57457e-05 8493 -5.12532e-08
89 17800 7.63863e-05 -5.34621e-05 8493 -1.02329e-07
90 18000 7.63863e-05 -0.000106614 8493 -2.04189e-07
91 18200 7.63863e-05 -0.000210202 8493 -4.05028e-07
92 18400 7.63863e-05 -0.000414132 8493 -8.00732e-07
93 18600 7.63863e-05 -0.000817786 8493 -1.58201e-06
94 18800 7.63863e-05 -0.00160622 8493 -3.11564e-06
95 19000 0.000155296 -0.00308055 8493 -6.53321e-06
96 19200 0.000234061 -0.00473022 8493.01 -1.32177e-05
97 19400 0.000312834 -0.00733843 8493.01 -2.63492e-05
98 19600 0.000391606 -0.0111471 8493.02 -4.73673e-05
99 19800 0.0012581 -0.0168757 8492.95 0.0267684
