NTS LL(mkm)  STRESS(GPa)   VEL(m / s)  DENS(kg/m3)  ENERGY(J) 
0 1892.29 30.4521 900 10948.7 -342426
1 2047.43 30.452 899.91 10948.7 -343040
2 2202.57 30.4517 899.82 10948.7 -343154
3 2357.72 30.4512 899.73 10948.6 -343265
4 2512.86 30.4506 899.638 10948.6 -343405
5 2668 30.4499 899.545 10948.5 -343451
6 2823.15 30.4489 899.45 10948.4 -343348
7 2978.29 30.4478 899.353 10948.3 -343374
8 3133.44 30.4464 899.254 10948.2 -343332
9 3288.59 30.4448 899.152 10948.1 -343345
10 3443.74 30.4429 899.045 10947.9 -343307
11 3598.89 30.4405 898.934 10947.7 -343328
12 3754.05 30.4376 898.814 10947.5 -343214
13 3909.21 30.4338 898.684 10947.1 -343150
14 4064.37 30.4288 898.537 10946.7 -343047
15 4219.54 30.4221 898.366 10946.1 -342889
16 4374.72 30.4128 898.159 10945.3 -342663
17 4529.91 30.4 897.9 10944.2 -342433
18 4685.11 30.3823 897.565 10942.7 -342005
19 4840.34 30.3578 897.121 10940.6 -341498
20 4995.6 30.3241 896.526 10937.7 -340786
21 5150.9 30.2782 895.725 10933.8 -339802
22 5306.25 30.2163 894.646 10928.4 -338465
23 5461.68 30.1337 893.198 10921.4 -336680
24 5617.21 30.0251 891.273 10912.1 -334334
25 5772.87 29.8839 888.737 10900.1 -331297
26 5928.7 29.7028 885.434 10884.7 -327421
27 6084.76 29.473 881.18 10865.4 -322623
28 6241.09 29.1851 875.766 10841.2 -316593
29 6397.77 28.8282 868.955 10811.6 -309290
30 6554.88 28.3906 860.481 10775.5 -300405
31 6712.51 27.8589 850.049 10732.2 -289903
32 6870.79 27.2185 837.333 10680.7 -277505
33 7029.82 26.4528 821.973 10620.2 -263211
34 7189.76 25.5432 803.574 10549.6 -246800
35 7350.77 24.4679 781.698 10468.1 -228353
36 7513.04 23.201 755.847 10374.4 -207825
37 7676.76 21.7115 725.433 10267.6 -185319
38 7842.2 19.963 689.734 10146.4 -161033
39 8009.61 17.9051 647.923 10009.2 -135478
40 8179.31 15.47 599.211 9854.07 -109244
41 8351.69 12.555 542.896 9677.71 -83352.9
42 8527.2 9.03852 476.765 9477.31 -59791.2
43 8706.43 9.84524 394.135 9313.22 -43501.9
44 8888.82 8.11311 349.31 9203.25 -31992.5
45 9073.38 6.27514 304.028 9089.25 -22200.8
46 9260.26 4.33433 255.856 8971.76 -14574.4
47 9449.59 3.22001 204.286 8860.68 -9481.44
48 9641.29 2.63349 160.511 8774.48 -6239.24
49 9834.87 2.16938 126.316 8708.11 -4156.55
50 10029.9 1.80206 99.6478 8656.78 -2806.11
51 10226.1 1.34426 78.7263 8615.78 -1925.51
52 10423.3 2.21005 59.164 8589.95 -1470.21
53 10621 2.10052 55.4356 8585.06 -1327.5
54 10818.9 1.98539 52.7752 8579.94 -1185.45
55 11016.9 1.86153 50.0751 8574.44 -1041.67
56 11215 1.73151 47.1295 8568.67 -900.811
57 11413.2 1.59803 43.9963 8562.77 -766.912
58 11611.6 1.46337 40.7503 8556.82 -642.804
59 11810.1 1.32963 37.4509 8550.93 -530.4
60 12008.7 1.19862 34.1503 8545.17 -430.82
61 12207.5 1.07206 30.8963 8539.61 -344.465
62 12406.4 0.951303 27.7331 8534.33 -271.117
63 12605.4 0.837604 24.6981 8529.35 -210.059
64 12804.6 0.731609 21.8226 8524.73 -160.22
65 13003.9 0.634114 19.1307 8520.48 -120.31
66 13203.2 0.545369 16.64 8516.62 -88.9451
67 13402.7 0.465385 14.3607 8513.14 -64.7463
68 13602.2 0.394017 12.2977 8510.04 -46.4094
69 13801.8 0.331115 10.4495 8507.31 -32.7599
70 14001.4 0.276138 8.81092 8504.93 -22.7753
71 14201.2 0.228542 7.3723 8502.87 -15.5964
72 14400.9 0.187702 6.12158 8501.11 -10.5217
73 14600.7 0.153072 5.04422 8499.61 -6.99403
74 14800.6 0.123868 4.1247 8498.35 -4.58206
75 15000.5 0.09962 3.34668 8497.3 -2.96
76 15200.4 0.0795421 2.69389 8496.43 -1.8868
77 15400.3 0.0630846 2.15025 8495.72 -1.18822
78 15600.2 0.0498546 1.70042 8495.15 -0.741065
79 15800.2 0.0392227 1.32982 8494.69 -0.459745
80 16000.1 0.030953 1.02475 8494.33 -0.286054
81 16200.1 0.0246521 0.772308 8494.06 -0.181241
82 16400.1 0.0200838 0.560139 8493.86 -0.12007
83 16600 0.0170907 0.375624 8493.73 -0.0868464
84 16800 0.0155941 0.206019 8493.67 -0.0726154
85 17000 0.0157517 0.0366845 8493.68 -0.0741873
86 17200 0.0177996 -0.149758 8493.77 -0.0947772
87 17400 0.0222892 -0.37569 8493.96 -0.147713
88 17600 0.0298504 -0.671628 8494.29 -0.266081
89 17799.9 0.0419791 -1.07998 8494.81 -0.524585
90 17999.9 0.0604072 -1.66143 8495.61 -1.08791
91 18199.8 0.0882034 -2.50365 8496.8 -2.31619
92 18399.7 0.129457 -3.73162 8498.59 -4.98988
93 18599.6 0.190063 -5.51611 8501.21 -10.7667
94 18799.4 0.277869 -8.06801 8505.01 -23.016
95 18999.1 0.401092 -11.5887 8510.35 -47.9899
96 19198.7 0.565478 -16.1484 8517.49 -95.451
97 19398.1 0.768647 -21.5367 8526.34 -176.497
98 19597.4 0.997861 -27.3066 8536.36 -297.802
99 19796.3 1.78625 -33.2732 8337.33 2757.15
