NTS LL(mkm)  STRESS(GPa)   VEL(m / s)  DENS(kg/m3)  ENERGY(J) 
0 1897.89 30.4526 900 10948.7 -342436
1 2053.04 30.4524 899.911 10948.7 -343050
2 2208.18 30.4521 899.821 10948.7 -343164
3 2363.32 30.4517 899.731 10948.7 -343276
4 2518.46 30.4511 899.64 10948.6 -343415
5 2673.6 30.4503 899.547 10948.5 -343462
6 2828.75 30.4494 899.453 10948.5 -343359
7 2983.89 30.4483 899.357 10948.4 -343385
8 3139.04 30.447 899.258 10948.3 -343344
9 3294.19 30.4454 899.156 10948.1 -343357
10 3449.34 30.4435 899.051 10948 -343320
11 3604.49 30.4411 898.94 10947.8 -343342
12 3759.64 30.4383 898.822 10947.5 -343229
13 3914.8 30.4345 898.693 10947.2 -343167
14 4069.97 30.4297 898.548 10946.8 -343065
15 4225.13 30.423 898.38 10946.2 -342911
16 4380.31 30.4141 898.178 10945.4 -342692
17 4535.5 30.4017 897.924 10944.4 -342470
18 4690.7 30.3845 897.597 10942.9 -342054
19 4845.93 30.3608 897.166 10940.8 -341563
20 5001.18 30.3281 896.588 10938 -340874
21 5156.47 30.2836 895.81 10934.2 -339920
22 5311.82 30.2235 894.763 10929.1 -338623
23 5467.24 30.1434 893.358 10922.2 -336890
24 5622.76 30.0379 891.488 10913.2 -334609
25 5778.4 29.9007 889.024 10901.5 -331654
26 5934.22 29.7243 885.813 10886.6 -327878
27 6090.24 29.5005 881.674 10867.7 -323200
28 6246.54 29.2197 876.402 10844.1 -317313
29 6403.18 28.8716 869.763 10815.1 -310175
30 6560.24 28.4441 861.496 10779.9 -301479
31 6717.81 27.9244 851.31 10737.5 -291188
32 6876 27.2981 838.883 10687.1 -279022
33 7034.94 26.5488 823.863 10627.7 -264979
34 7194.77 25.6582 805.859 10558.5 -248831
35 7355.65 24.6049 784.439 10478.4 -230653
36 7517.75 23.3638 759.112 10386.3 -210394
37 7681.29 21.9048 729.297 10281.3 -188143
38 7846.51 20.1921 694.306 10162 -164075
39 8013.66 18.1758 653.393 10026.9 -138659
40 8183.06 15.7889 605.799 9873.97 -112438
41 8355.09 12.9395 550.473 9700.42 -86432.9
42 8530.2 9.52953 484.623 9504.53 -62590.6
43 8708.91 10.0721 402.464 9327.8 -45171.8
44 8891.01 8.3383 355.728 9217.39 -33362.6
45 9075.29 6.51292 309.97 9103.83 -23325.8
46 9261.87 4.58839 261.957 8986.96 -15413
47 9450.88 3.30529 210.722 8873.5 -10012.7
48 9642.3 2.70116 165.559 8784.29 -6578.42
49 9835.67 2.22257 130.283 8715.66 -4374.61
50 10030.6 1.84448 102.698 8662.66 -2949.01
51 10226.6 1.41751 80.8092 8621.18 -2025.67
52 10423.7 2.23497 60.7124 8591.06 -1503.69
53 10621.4 2.11758 56.2235 8585.83 -1349.33
54 10819.2 2.00184 53.2235 8580.67 -1205.35
55 11017.2 1.87932 50.4652 8575.23 -1061.74
56 11215.3 1.7504 47.5489 8569.51 -920.685
57 11413.5 1.61772 44.4493 8563.64 -785.964
58 11611.8 1.48346 41.2261 8557.71 -660.577
59 11810.3 1.34974 37.9396 8551.81 -546.584
60 12008.9 1.21851 34.6436 8546.04 -445.229
61 12207.7 1.09141 31.387 8540.46 -357.016
62 12406.6 0.96988 28.2139 8535.14 -281.821
63 12605.6 0.855173 25.1629 8530.12 -219.004
64 12804.7 0.748167 22.2662 8525.45 -167.547
65 13004 0.649425 19.5491 8521.15 -126.196
66 13203.3 0.559351 17.0296 8517.23 -93.5853
67 13402.7 0.478037 14.7197 8513.69 -68.3365
68 13602.3 0.405415 12.6246 8510.54 -49.1374
69 13801.8 0.341259 10.7441 8507.75 -34.7958
70 14001.5 0.285027 9.07366 8505.32 -24.2683
71 14201.2 0.236252 7.60432 8503.21 -16.6726
72 14401 0.194391 6.32427 8501.39 -11.2845
73 14600.8 0.158739 5.2197 8499.85 -7.52576
74 14800.6 0.128749 4.27506 8498.56 -4.94689
75 15000.5 0.103635 3.4743 8497.47 -3.20648
76 15200.4 0.0829279 2.80107 8496.58 -2.051
77 15400.3 0.0659195 2.23933 8495.84 -1.29624
78 15600.2 0.0521384 1.77351 8495.25 -0.81149
79 15800.2 0.0411916 1.38882 8494.77 -0.505514
80 16000.1 0.0325282 1.07135 8494.4 -0.316014
81 16200.1 0.025991 0.807849 8494.12 -0.201356
82 16400.1 0.0212652 0.585471 8493.91 -0.134365
83 16600 0.0181146 0.391084 8493.78 -0.0980875
84 16800 0.0166969 0.211287 8493.72 -0.0829425
85 17000 0.0169332 0.0305162 8493.73 -0.0857512
86 17200 0.0192961 -0.16993 8493.83 -0.110701
87 17400 0.0241795 -0.414193 8494.04 -0.173842
88 17599.9 0.0325282 -0.735239 8494.4 -0.314567
89 17799.9 0.0456806 -1.17921 8494.97 -0.621652
90 17999.9 0.0658407 -1.81168 8495.84 -1.29034
91 18199.8 0.0959983 -2.72702 8497.14 -2.74612
92 18399.7 0.140793 -4.05708 8499.08 -5.90314
93 18599.6 0.206195 -5.97576 8501.9 -12.6699
94 18799.4 0.299892 -8.68389 8505.96 -26.8079
95 18999 0.429311 -12.3491 8511.57 -54.9728
96 19198.6 0.598464 -16.994 8518.93 -106.933
97 19398 0.804031 -22.4024 8527.89 -193.168
98 19597.2 1.035 -28.2311 8537.99 -320.417
99 19796.1 1.85464 -34.4245 8328.56 2986.6
