NTS LL(mkm)  STRESS(GPa)   VEL(m / s)  DENS(kg/m3)  ENERGY(J) 
0 1350.78 30.392 900 10943.5 -341112
1 1505.99 30.3916 899.834 10943.5 -341721
2 1661.21 30.3908 899.667 10943.4 -341824
3 1816.42 30.3894 899.498 10943.3 -341915
4 1971.64 30.3874 899.324 10943.1 -342023
5 2126.86 30.3843 899.142 10942.9 -342020
6 2282.09 30.3798 898.945 10942.5 -341838
7 2437.32 30.3729 898.723 10941.9 -341739
8 2592.55 30.3624 898.459 10941 -341497
9 2747.81 30.3462 898.124 10939.6 -341193
10 2903.08 30.3216 897.677 10937.5 -340662
11 3058.38 30.2847 897.055 10934.3 -339931
12 3213.72 30.2302 896.17 10929.6 -338699
13 3369.13 30.1513 894.903 10922.9 -337010
14 3524.64 30.0396 893.098 10913.3 -334608
15 3680.29 29.8847 890.553 10900.2 -331279
16 3836.12 29.6746 887.021 10882.4 -326785
17 3992.21 29.3951 882.207 10858.8 -320950
18 4148.63 29.0303 875.763 10828.3 -313334
19 4305.5 28.5626 867.296 10789.6 -303820
20 4462.93 27.9725 856.367 10741.4 -292078
21 4621.06 27.2387 842.493 10682.3 -277887
22 4780.07 26.3381 825.149 10611.2 -261085
23 4940.15 25.2447 803.773 10526.8 -241598
24 5101.51 23.9294 777.757 10428 -219455
25 5264.4 22.3583 746.427 10313.6 -194831
26 5429.09 20.4916 708.984 10182.6 -168093
27 5595.91 18.2783 664.47 10033.7 -139901
28 5765.2 15.6558 611.946 9865.65 -111092
29 5937.37 12.5064 551.028 9674.85 -83002.7
30 6112.94 8.70047 480.451 9458.7 -57954.8
31 6292.52 9.54717 393.284 9294.13 -41357.6
32 6475.28 7.62127 345.018 9172.48 -29122.9
33 6660.47 5.59678 294.427 9047.83 -19214.5
34 6848.2 3.62606 240.745 8921.98 -12131.5
35 7038.59 2.91901 187.194 8816.11 -7730.54
36 7231.26 2.36444 145.271 8735.82 -4981.32
37 7425.7 1.93408 112.647 8675.11 -3260.21
38 7621.5 1.52426 86.9093 8629.04 -2180.44
39 7818.34 2.2637 64.4792 8592.34 -1542.35
40 8016.03 2.07722 57.8371 8584.03 -1297.87
41 8213.91 1.90101 53.0019 8576.19 -1086.23
42 8411.97 1.72386 48.6775 8568.33 -892.627
43 8610.21 1.54615 44.3628 8560.48 -717.604
44 8808.64 1.37133 39.9968 8552.77 -564.114
45 9007.24 1.20285 35.6561 8545.35 -433.701
46 9206.01 1.04339 31.4328 8538.36 -326.163
47 9404.95 0.895246 27.4041 8531.87 -239.978
48 9604.04 0.759859 23.6302 8525.96 -172.771
49 9803.27 0.637962 20.1545 8520.65 -121.733
50 10002.6 0.529972 17.0046 8515.95 -83.959
51 10202.1 0.435599 14.1936 8511.85 -56.6931
52 10401.6 0.354234 11.7216 8508.32 -37.4876
53 10601.3 0.285105 9.57845 8505.32 -24.2787
54 10801 0.227126 7.74571 8502.81 -15.4041
55 11000.8 0.179124 6.19908 8500.73 -9.57667
56 11200.6 0.139848 4.91071 8499.04 -5.83505
57 11400.4 0.108123 3.85084 8497.66 -3.48523
58 11600.3 0.0826917 2.98933 8496.57 -2.04108
59 11800.2 0.0626908 2.29776 8495.7 -1.17224
60 12000.2 0.0470982 1.74876 8495.03 -0.660425
61 12200.1 0.0349697 1.31803 8494.51 -0.365051
62 12400.1 0.0257547 0.983894 8494.11 -0.198016
63 12600.1 0.0188235 0.727366 8493.81 -0.105437
64 12800 0.013625 0.532536 8493.58 -0.0551318
65 13000 0.00976532 0.386441 8493.42 -0.0283002
66 13200 0.00692962 0.277564 8493.3 -0.0142749
67 13400 0.00488159 0.19753 8493.21 -0.00707704
68 13600 0.00338494 0.139213 8493.15 -0.00345094
69 13800 0.00236091 0.097162 8493.1 -0.00165608
70 14000 0.00165196 0.0672015 8493.07 -0.000781415
71 14200 0.00110056 0.0458811 8493.05 -0.000363967
72 14400 0.000785469 0.031051 8493.03 -0.000166818
73 14600 0.000470379 0.0206535 8493.02 -7.57499e-05
74 14800 0.000312834 0.0135337 8493.01 -3.41061e-05
75 15000 0.000234061 0.00860441 8493.01 -1.54953e-05
76 15200 0.000155296 0.00540003 8493 -6.93878e-06
77 15400 7.63863e-05 0.00330146 8493 -2.99205e-06
78 15600 7.63863e-05 0.00162908 8493 -1.43492e-06
79 15800 7.63863e-05 0.000784429 8493 -6.84663e-07
80 16000 7.63863e-05 0.000374817 8493 -3.26104e-07
81 16200 7.63863e-05 0.000178748 8493 -1.55106e-07
82 16400 7.63863e-05 8.5003e-05 8493 -7.37829e-08
83 16600 7.63863e-05 4.00669e-05 8493 -3.54506e-08
84 16800 7.63863e-05 1.82326e-05 8493 -1.8008e-08
85 17000 7.63863e-05 6.92953e-06 8493 -1.13777e-08
86 17200 7.63863e-05 -3.77254e-07 8493 -1.17377e-08
87 17400 7.63863e-05 -7.82011e-06 8493 -1.9213e-08
88 17600 7.63863e-05 -1.93091e-05 8493 -3.76686e-08
89 17800 7.63863e-05 -4.04129e-05 8493 -7.62783e-08
90 18000 7.63863e-05 -8.09135e-05 8493 -1.53581e-07
91 18200 7.63863e-05 -0.000159376 8493 -3.05837e-07
92 18400 7.63863e-05 -0.000312209 8493 -6.04121e-07
93 18600 7.63863e-05 -0.000613203 8493 -1.19018e-06
94 18800 7.63863e-05 -0.00122052 8493 -2.35698e-06
95 19000 0.000155296 -0.00246262 8493 -4.91236e-06
96 19200 0.000155296 -0.00378354 8493.01 -9.58054e-06
97 19400 0.000234061 -0.00614802 8493.01 -1.91236e-05
98 19600 0.000391606 -0.00935603 8493.01 -3.25584e-05
99 19800 0.00110056 -0.0142098 8492.96 0.0266322
