NTS LL(mkm)  STRESS(GPa)   VEL(m / s)  DENS(kg/m3)  ENERGY(J) 
0 764.726 30.2458 900 10931 -337930
1 920.119 30.2344 899.511 10930 -338303
2 1075.53 30.2073 898.91 10927.7 -337834
3 1230.97 30.1525 898.05 10923 -336769
4 1386.47 30.0527 896.682 10914.5 -334771
5 1542.1 29.8847 894.428 10900.2 -331232
6 1697.93 29.619 890.754 10877.7 -325505
7 1854.09 29.2208 884.966 10844.2 -317212
8 2010.72 28.651 876.214 10796.9 -305506
9 2168.05 27.8673 863.519 10732.9 -289937
10 2326.31 26.826 845.809 10649.6 -270014
11 2485.81 25.4817 821.97 10544.9 -245719
12 2646.89 23.7889 790.878 10417.6 -217116
13 2809.94 21.6976 751.404 10266.6 -185038
14 2975.39 19.1569 702.25 10092 -150624
15 3143.7 16.11 641.953 9894.13 -115689
16 3315.38 12.4655 569.902 9672.44 -82588.6
17 3490.99 8.00588 488.2 9420.84 -54405.5
18 3671.3 8.84475 393.415 9249.41 -36564.6
19 3854.94 6.47268 335.46 9101.35 -23117.7
20 4041.57 4.05561 272.383 8955.14 -13701.4
21 4231.25 3.00226 207.067 8828.37 -8197.01
22 4423.65 2.3601 155.601 8735.17 -4960.39
23 4618.11 1.87252 116.718 8666.55 -3045.45
24 4814.1 1.33298 87.724 8614.94 -1910.37
25 5011.27 2.1112 63.0571 8585.54 -1339.97
26 5209.12 1.8194 55.2564 8572.57 -994.075
27 5407.26 1.53654 48.0815 8560.05 -708.158
28 5605.69 1.27189 40.9919 8548.39 -484.706
29 5804.4 1.03305 34.2289 8537.9 -319.436
30 6003.35 0.823721 28.0337 8528.75 -202.936
31 6202.51 0.645107 22.5368 8520.96 -124.37
32 6401.85 0.496346 17.7907 8514.49 -73.5761
33 6601.35 0.375305 13.7953 8509.23 -42.0432
34 6800.97 0.27897 10.5108 8505.06 -23.2203
35 7000.68 0.203913 7.87145 8501.81 -12.4028
36 7200.47 0.146618 5.79584 8499.33 -6.41077
37 7400.33 0.103793 4.19718 8497.48 -3.20835
38 7600.22 0.0722978 2.99009 8496.12 -1.55557
39 7800.15 0.0495396 2.09616 8495.14 -0.7311
40 8000.1 0.0334733 1.44635 8494.44 -0.33328
41 8200.06 0.0222892 0.982595 8493.96 -0.147444
42 8400.04 0.0145702 0.657339 8493.63 -0.0633371
43 8600.03 0.00945025 0.433133 8493.41 -0.0264364
44 8800.02 0.00598438 0.281041 8493.26 -0.0107348
45 9000.01 0.0037788 0.17964 8493.16 -0.00424632
46 9200.01 0.00236091 0.113125 8493.1 -0.00163837
47 9400 0.00141565 0.0701445 8493.06 -0.000617459
48 9600 0.000864242 0.0427624 8493.04 -0.000228415
49 9800 0.000549152 0.0256033 8493.02 -8.34957e-05
50 10000 0.000312834 0.0149982 8493.01 -3.03833e-05
51 10200 0.000155296 0.0086516 8493.01 -1.07895e-05
52 10400 0.000155296 0.00463563 8493 -4.00208e-06
53 10600 7.63863e-05 0.00228179 8493 -1.7093e-06
54 10800 7.63863e-05 0.00100158 8493 -7.49261e-07
55 11000 7.63863e-05 0.00044185 8493 -3.25819e-07
56 11200 7.63863e-05 0.00019296 8493 -1.40852e-07
57 11400 7.63863e-05 8.37236e-05 8493 -6.05817e-08
58 11600 7.63863e-05 3.61446e-05 8493 -2.59238e-08
59 11800 7.63863e-05 1.55259e-05 8493 -1.10342e-08
60 12000 7.63863e-05 6.63422e-06 8493 -4.67144e-09
61 12200 7.63863e-05 2.81955e-06 8493 -1.96728e-09
62 12400 7.63863e-05 1.19174e-06 8493 -8.23013e-10
63 12600 7.63863e-05 5.00907e-07 8493 -3.42467e-10
64 12800 7.63863e-05 2.09349e-07 8493 -1.42057e-10
65 13000 7.63863e-05 8.69932e-08 8493 -5.82744e-11
66 13200 7.63863e-05 3.59393e-08 8493 -2.41038e-11
67 13400 7.63863e-05 1.47601e-08 8493 -9.59489e-12
68 13600 7.63863e-05 6.02572e-09 8493 -3.97781e-12
69 13800 7.63863e-05 2.44509e-09 8493 -1.5603e-12
70 14000 7.63863e-05 9.86086e-10 8493 0
71 14200 7.63863e-05 3.95216e-10 8493 0
72 14400 7.63863e-05 1.57407e-10 8493 0
73 14600 7.63863e-05 6.22953e-11 8493 0
74 14800 7.63863e-05 2.44962e-11 8493 0
75 15000 7.63863e-05 9.57041e-12 8493 0
76 15200 7.63863e-05 3.7147e-12 8493 0
77 15400 7.63863e-05 1.43237e-12 8493 0
78 15600 7.63863e-05 5.48665e-13 8493 0
79 15800 7.63863e-05 2.08763e-13 8493 0
80 16000 7.63863e-05 7.89005e-14 8493 0
81 16200 7.63863e-05 2.96186e-14 8493 0
82 16400 7.63863e-05 1.10431e-14 8493 0
83 16600 7.63863e-05 4.08924e-15 8493 0
84 16800 7.63863e-05 1.50387e-15 8493 0
85 17000 7.63863e-05 5.49253e-16 8493 0
86 17200 7.63863e-05 1.99218e-16 8493 0
87 17400 7.63863e-05 7.17569e-17 8493 0
88 17600 7.63863e-05 2.56611e-17 8493 0
89 17800 7.63863e-05 9.11821e-18 8493 0
90 18000 7.63863e-05 3.22219e-18 8493 0
91 18200 7.63863e-05 1.12582e-18 8493 0
92 18400 7.63863e-05 4.02773e-19 8493 0
93 18600 7.63863e-05 1.50433e-19 8493 0
94 18800 7.63863e-05 6.30839e-20 8493 0
95 19000 7.63863e-05 0 8493 0
96 19200 7.63863e-05 0 8493 0
97 19400 7.63863e-05 0 8493 5.34671e-07
98 19600 7.63863e-05 7.44237e-11 8493 7.3282e-06
99 19800 7.63863e-05 4.59964e-11 8493 0.0262888
