NTS LL(mkm)  STRESS(GPa)   VEL(m / s)  DENS(kg/m3)  ENERGY(J) 
0 1806.21 30.4448 900 10948.1 -342266
1 1961.36 30.4446 899.903 10948.1 -342880
2 2116.51 30.4443 899.805 10948 -342992
3 2271.66 30.4438 899.707 10948 -343102
4 2426.81 30.443 899.608 10947.9 -343238
5 2581.96 30.4421 899.506 10947.8 -343282
6 2737.12 30.4409 899.403 10947.7 -343174
7 2892.27 30.4396 899.297 10947.6 -343195
8 3047.43 30.438 899.188 10947.5 -343147
9 3202.59 30.436 899.074 10947.3 -343152
10 3357.75 30.4335 898.954 10947.1 -343102
11 3512.91 30.4304 898.825 10946.8 -343106
12 3668.08 30.4263 898.684 10946.5 -342967
13 3823.26 30.4208 898.524 10946 -342867
14 3978.44 30.4133 898.336 10945.4 -342707
15 4133.63 30.4028 898.106 10944.5 -342468
16 4288.83 30.388 897.814 10943.2 -342123
17 4444.05 30.3674 897.432 10941.4 -341722
18 4599.29 30.3386 896.921 10938.9 -341053
19 4754.57 30.2988 896.229 10935.5 -340213
20 4909.9 30.2442 895.29 10930.8 -339050
21 5065.3 30.1705 894.017 10924.5 -337468
22 5220.78 30.072 892.304 10916.1 -335350
23 5376.39 29.9425 890.018 10905.1 -332568
24 5532.15 29.7743 887.002 10890.8 -328971
25 5688.11 29.5588 883.072 10872.6 -324396
26 5844.34 29.286 878.014 10849.7 -318664
27 6000.9 28.9452 871.585 10821.3 -311664
28 6157.87 28.5239 863.513 10786.4 -303072
29 6315.34 28.0084 853.494 10744.3 -292839
30 6473.44 27.3839 841.197 10693.9 -280670
31 6632.27 26.6333 826.252 10634.4 -266552
32 6792 25.7377 808.256 10564.6 -250259
33 6952.78 24.6751 786.761 10483.6 -231861
34 7114.81 23.4203 761.258 10390.5 -211251
35 7278.28 21.9422 731.157 10283.9 -188659
36 7443.46 20.2039 695.744 10162.8 -164267
37 7610.59 18.1566 654.223 10025.7 -138475
38 7780.02 15.7368 605.845 9870.71 -111898
39 7952.1 12.8415 549.749 9694.61 -85624.5
40 8127.31 9.36746 483.263 9495.52 -61638.3
41 8306.2 9.97643 400.257 9321.7 -44466.8
42 8488.42 8.22009 353.531 9209.97 -32638.7
43 8672.85 6.36672 307.316 9094.85 -22629.7
44 8859.61 4.41456 258.644 8976.57 -14834.9
45 9048.84 3.24149 206.681 8863.91 -9614.49
46 9240.47 2.64617 162.113 8776.29 -6302.99
47 9434.02 2.17751 127.33 8709.26 -4188.29
48 9629.05 1.80644 100.262 8657.38 -2818.93
49 9825.25 1.34449 79.0806 8615.8 -1925.94
50 10022.4 2.20763 59.3318 8589.84 -1466.89
51 10220.1 2.09094 55.4571 8584.64 -1315.39
52 10418 1.96863 52.6278 8579.19 -1165.42
53 10616 1.83781 49.7496 8573.38 -1015.19
54 10814.1 1.70129 46.6288 8567.34 -869.546
55 11012.4 1.56201 43.3303 8561.18 -732.613
56 11210.8 1.4224 39.9331 8555.01 -607.164
57 11409.3 1.28456 36.5008 8548.95 -494.959
58 11608 1.15062 33.0893 8543.06 -396.879
59 11806.9 1.02208 29.7496 8537.42 -313.023
60 12005.8 0.9005 26.5265 8532.1 -242.847
61 12204.9 0.78685 23.458 8527.14 -185.332
62 12404.1 0.681926 20.5741 8522.56 -139.141
63 12603.4 0.586134 17.897 8518.39 -102.771
64 12802.8 0.499803 15.4413 8514.63 -74.6859
65 13002.3 0.422709 13.2144 8511.29 -53.4063
66 13201.9 0.354627 11.2172 8508.33 -37.581
67 13401.5 0.295173 9.44549 8505.76 -26.0265
68 13601.2 0.243727 7.88999 8503.53 -17.7407
69 13801 0.199664 6.5382 8501.62 -11.9041
70 14000.8 0.162281 5.3754 8500.01 -7.86382
71 14200.6 0.130874 4.38464 8498.65 -5.11494
72 14400.5 0.104738 3.54864 8497.52 -3.27618
73 14600.4 0.0832429 2.84977 8496.59 -2.06679
74 14800.3 0.0656045 2.27076 8495.83 -1.28444
75 15000.2 0.0513509 1.79539 8495.21 -0.78657
76 15200.2 0.0399315 1.40841 8494.72 -0.474873
77 15400.1 0.0307955 1.09592 8494.33 -0.282873
78 15600.1 0.0236282 0.845494 8494.02 -0.166493
79 15800.1 0.0180359 0.646031 8493.78 -0.0970962
80 16000.1 0.0137825 0.48788 8493.59 -0.0564248
81 16200 0.010553 0.362419 8493.45 -0.0330134
82 16400 0.00818994 0.262289 8493.35 -0.0198396
83 16600 0.00653577 0.180869 8493.28 -0.0126862
84 16800 0.00551176 0.111927 8493.24 -0.00912464
85 17000 0.00511791 0.0496421 8493.22 -0.00789839
86 17200 0.00535422 -0.0123624 8493.23 -0.00866265
87 17400 0.00637823 -0.0813117 8493.27 -0.0120491
88 17600 0.00826871 -0.166284 8493.35 -0.020236
89 17800 0.0113407 -0.279306 8493.49 -0.0384335
90 18000 0.0162243 -0.437162 8493.7 -0.078298
91 18200 0.0235494 -0.663976 8494.02 -0.165517
92 18399.9 0.0345759 -0.994635 8494.49 -0.356411
93 18599.9 0.0509571 -1.48029 8495.2 -0.77429
94 18799.8 0.0752901 -2.19659 8496.25 -1.68938
95 18999.8 0.111351 -3.25474 8497.8 -3.69324
96 19199.7 0.164721 -4.81919 8500.11 -8.08093
97 19399.5 0.243648 -7.13315 8503.52 -17.6876
98 19599.2 0.360367 -10.5559 8508.58 -38.7171
99 19798.9 1.13551 -15.6189 8444.17 385.473
