NTS LL(mkm)  STRESS(GPa)   VEL(m / s)  DENS(kg/m3)  ENERGY(J) 
0 1807.23 30.4449 900 10948.1 -342268
1 1962.38 30.4447 899.903 10948.1 -342882
2 2117.53 30.4443 899.806 10948 -342994
3 2272.68 30.4438 899.707 10948 -343104
4 2427.83 30.4431 899.608 10947.9 -343240
5 2582.98 30.4422 899.507 10947.8 -343284
6 2738.14 30.4411 899.404 10947.8 -343176
7 2893.29 30.4397 899.298 10947.6 -343197
8 3048.45 30.4381 899.188 10947.5 -343150
9 3203.61 30.4361 899.075 10947.3 -343154
10 3358.77 30.4337 898.955 10947.1 -343105
11 3513.93 30.4305 898.827 10946.8 -343109
12 3669.1 30.4264 898.686 10946.5 -342971
13 3824.27 30.421 898.526 10946 -342870
14 3979.45 30.4135 898.339 10945.4 -342712
15 4134.64 30.403 898.11 10944.5 -342474
16 4289.84 30.3884 897.819 10943.2 -342131
17 4445.06 30.3679 897.439 10941.5 -341732
18 4600.31 30.3393 896.93 10939 -341067
19 4755.59 30.2996 896.242 10935.6 -340232
20 4910.91 30.2454 895.308 10930.9 -339076
21 5066.31 30.172 894.043 10924.7 -337502
22 5221.79 30.0742 892.338 10916.3 -335395
23 5377.39 29.9453 890.065 10905.3 -332628
24 5533.15 29.778 887.065 10891.1 -329049
25 5689.11 29.5635 883.155 10873 -324496
26 5845.34 29.2921 878.122 10850.2 -318789
27 6001.89 28.9527 871.724 10821.9 -311819
28 6158.85 28.5333 863.689 10787.2 -303262
29 6316.31 28.0201 853.716 10745.3 -293069
30 6474.39 27.3981 841.471 10695.1 -280942
31 6633.21 26.6505 826.588 10635.7 -266871
32 6792.92 25.7584 808.665 10566.2 -250627
33 6953.68 24.6998 787.254 10485.5 -232280
34 7115.67 23.4498 761.847 10392.6 -211721
35 7279.11 21.9774 731.857 10286.4 -189176
36 7444.24 20.2455 696.574 10165.7 -164825
37 7611.34 18.2058 655.219 10028.9 -139060
38 7780.71 15.795 607.042 9874.35 -112486
39 7952.73 12.9118 551.117 9698.77 -86194.2
40 8127.86 9.45723 484.69 9500.5 -62157.5
41 8306.65 10.0189 401.799 9324.41 -44779
42 8488.82 8.26179 354.732 9212.58 -32892.5
43 8673.2 6.41062 308.421 9097.54 -22836.5
44 8859.91 4.46167 259.768 8979.36 -14988.1
45 9049.07 3.25716 207.86 8866.25 -9711.17
46 9240.66 2.65823 163.036 8778.08 -6364.58
47 9434.16 2.18722 128.057 8710.63 -4227.73
48 9629.16 1.81412 100.825 8658.44 -2844.56
49 9825.34 1.35781 79.4653 8616.78 -1943.73
50 10022.5 2.21192 59.6088 8590.03 -1472.69
51 10220.2 2.09413 55.5922 8584.78 -1319.37
52 10418.1 1.97175 52.7074 8579.34 -1169.21
53 10616.1 1.84125 49.8238 8573.54 -1019.01
54 10814.2 1.70496 46.7102 8567.5 -873.284
55 11012.4 1.56576 43.4178 8561.34 -736.149
56 11210.8 1.42615 40.0243 8555.18 -610.419
57 11409.4 1.2884 36.5938 8549.11 -497.882
58 11608.1 1.1543 33.1824 8543.22 -399.443
59 11806.9 1.02568 29.8415 8537.58 -315.221
60 12005.9 0.903871 26.6159 8532.25 -244.692
61 12204.9 0.790067 23.5437 8527.28 -186.847
62 12404.1 0.684909 20.6551 8522.69 -140.36
63 12603.4 0.588883 17.9728 8518.51 -103.733
64 12802.8 0.502239 15.5112 8514.74 -75.4295
65 13002.3 0.42491 13.2781 8511.38 -53.9705
66 13201.9 0.356593 11.2747 8508.42 -38.001
67 13401.5 0.296904 9.49676 8505.83 -26.3335
68 13601.2 0.245221 7.93523 8503.59 -17.9611
69 13801 0.201002 6.57775 8501.68 -12.0594
70 14000.8 0.163383 5.40957 8500.05 -7.97142
71 14200.6 0.131819 4.4139 8498.69 -5.18818
72 14400.5 0.105525 3.57344 8497.55 -3.3252
73 14600.4 0.0838728 2.87055 8496.62 -2.09907
74 14800.3 0.0661557 2.2881 8495.85 -1.30533
75 15000.2 0.0517446 1.80963 8495.23 -0.799888
76 15200.2 0.0402465 1.42004 8494.73 -0.483235
77 15400.1 0.0311105 1.10534 8494.34 -0.288045
78 15600.1 0.0238644 0.853033 8494.03 -0.169651
79 15800.1 0.0181934 0.651976 8493.78 -0.0990094
80 16000.1 0.0138613 0.492471 8493.6 -0.0575853
81 16200 0.0106318 0.365958 8493.46 -0.0337209
82 16400 0.00826871 0.264869 8493.35 -0.0202861
83 16600 0.00661454 0.182642 8493.28 -0.0129881
84 16800 0.00559053 0.11294 8493.24 -0.00935644
85 17000 0.00519668 0.049919 8493.22 -0.00811288
86 17200 0.00543299 -0.012895 8493.23 -0.00891228
87 17400 0.006457 -0.0828298 8493.28 -0.0124129
88 17600 0.00834748 -0.169054 8493.36 -0.0208634
89 17800 0.011577 -0.283795 8493.5 -0.0396401
90 18000 0.0164606 -0.444154 8493.71 -0.0807813
91 18200 0.0239432 -0.674475 8494.03 -0.170773
92 18399.9 0.0351273 -1.01035 8494.51 -0.367741
93 18599.9 0.0518234 -1.50367 8495.23 -0.79892
94 18799.8 0.0764712 -2.23126 8496.3 -1.74311
95 18999.8 0.113083 -3.3061 8497.88 -3.8107
96 19199.6 0.167318 -4.89523 8500.22 -8.33792
97 19399.5 0.247424 -7.24565 8503.69 -18.2499
98 19599.2 0.366028 -10.7223 8508.83 -39.9474
99 19798.9 1.15336 -15.865 8443.4 397.72
