NTS LL(mkm)  STRESS(GPa)   VEL(m / s)  DENS(kg/m3)  ENERGY(J) 
0 1898.4 30.4526 900 10948.7 -342437
1 2053.54 30.4525 899.911 10948.7 -343051
2 2208.69 30.4521 899.821 10948.7 -343165
3 2363.83 30.4518 899.731 10948.7 -343276
4 2518.97 30.4512 899.64 10948.6 -343416
5 2674.11 30.4504 899.548 10948.6 -343463
6 2829.26 30.4495 899.453 10948.5 -343360
7 2984.4 30.4483 899.357 10948.4 -343386
8 3139.55 30.447 899.258 10948.3 -343345
9 3294.7 30.4454 899.157 10948.1 -343358
10 3449.85 30.4435 899.051 10948 -343321
11 3605 30.4412 898.941 10947.8 -343343
12 3760.15 30.4383 898.822 10947.5 -343230
13 3915.31 30.4346 898.694 10947.2 -343168
14 4070.47 30.4297 898.549 10946.8 -343067
15 4225.64 30.4232 898.382 10946.2 -342914
16 4380.82 30.4142 898.179 10945.4 -342694
17 4536.01 30.4019 897.926 10944.4 -342473
18 4691.21 30.3847 897.6 10942.9 -342058
19 4846.43 30.3611 897.17 10940.9 -341569
20 5001.69 30.3285 896.594 10938.1 -340882
21 5156.98 30.2841 895.818 10934.3 -339931
22 5312.33 30.2242 894.773 10929.1 -338637
23 5467.75 30.1443 893.372 10922.3 -336909
24 5623.26 30.0391 891.507 10913.3 -334633
25 5778.91 29.9022 889.05 10901.7 -331686
26 5934.72 29.7263 885.846 10886.7 -327919
27 6090.74 29.503 881.718 10867.9 -323252
28 6247.04 29.2229 876.459 10844.4 -317378
29 6403.67 28.8754 869.835 10815.5 -310254
30 6560.73 28.4489 861.587 10780.3 -301575
31 6718.29 27.9303 851.423 10738 -291304
32 6876.48 27.3052 839.023 10687.6 -279159
33 7035.41 26.5574 824.033 10628.4 -265138
34 7195.23 25.6685 806.064 10559.3 -249014
35 7356.09 24.6172 784.685 10479.3 -230861
36 7518.18 23.3785 759.405 10387.4 -210626
37 7681.71 21.9222 729.645 10282.5 -188399
38 7846.9 20.2127 694.718 10163.4 -164350
39 8014.03 18.2 653.886 10028.5 -138947
40 8183.4 15.8176 606.387 9875.77 -112729
41 8355.4 12.9744 551.14 9702.48 -86716.8
42 8530.47 9.57392 485.322 9507 -62851.5
43 8709.14 10.0929 403.233 9329.16 -45328.9
44 8891.21 8.35883 356.332 9218.69 -33489.8
45 9075.47 6.53451 310.518 9105.15 -23430
46 9262.02 4.6111 262.512 8988.33 -15491.3
47 9451 3.31357 211.312 8874.68 -10062.5
48 9642.4 2.70755 166.025 8785.2 -6610.21
49 9835.75 2.2276 130.649 8716.36 -4395.07
50 10030.6 1.84842 102.977 8663.21 -2962.49
51 10226.7 1.42426 80.9995 8621.68 -2035.18
52 10423.7 2.23746 60.8585 8591.17 -1507.06
53 10621.4 2.1193 56.3025 8585.9 -1351.45
54 10819.3 2.0034 53.2685 8580.74 -1207.19
55 11017.2 1.88088 50.5018 8575.3 -1063.57
56 11215.3 1.75212 47.587 8569.59 -922.492
57 11413.5 1.61952 44.4902 8563.72 -787.701
58 11611.9 1.48526 41.2691 8557.79 -662.201
59 11810.3 1.35154 37.9839 8551.89 -548.067
60 12009 1.22031 34.6884 8546.12 -446.552
61 12207.7 1.09314 31.4315 8540.54 -358.17
62 12406.6 0.971605 28.2576 8535.21 -282.807
63 12605.6 0.85682 25.2053 8530.19 -219.83
64 12804.7 0.749658 22.3067 8525.52 -168.225
65 13004 0.650838 19.5873 8521.21 -126.742
66 13203.3 0.560687 17.0653 8517.28 -94.0161
67 13402.8 0.479216 14.7525 8513.74 -68.6704
68 13602.3 0.406516 12.6545 8510.58 -49.3916
69 13801.9 0.342203 10.7712 8507.79 -34.9859
70 14001.5 0.285813 9.09779 8505.35 -24.408
71 14201.2 0.236961 7.62564 8503.24 -16.7734
72 14401 0.195021 6.34292 8501.42 -11.3561
73 14600.8 0.15929 5.23587 8499.88 -7.57579
74 14800.6 0.129143 4.28891 8498.58 -4.98128
75 15000.5 0.104029 3.48608 8497.49 -3.22976
76 15200.4 0.0832429 2.81096 8496.59 -2.06654
77 15400.3 0.0661557 2.24757 8495.85 -1.30649
78 15600.2 0.0523746 1.78028 8495.26 -0.818184
79 15800.2 0.0413491 1.39427 8494.78 -0.509879
80 16000.1 0.0326857 1.07569 8494.41 -0.318875
81 16200.1 0.0261486 0.81113 8494.12 -0.203286
82 16400.1 0.021344 0.587796 8493.92 -0.135745
83 16600 0.0182722 0.392525 8493.79 -0.0991757
84 16800 0.0167756 0.211733 8493.72 -0.0839511
85 17000 0.0170907 0.02991 8493.73 -0.086886
86 17200 0.0193749 -0.171892 8493.84 -0.112277
87 17400 0.024337 -0.417878 8494.05 -0.176438
88 17599.9 0.0327645 -0.741317 8494.41 -0.319397
89 17799.9 0.0460744 -1.18864 8494.98 -0.631316
90 17999.9 0.0663132 -1.82598 8495.86 -1.3105
91 18199.8 0.0967856 -2.74819 8497.17 -2.78882
92 18399.7 0.141816 -4.08778 8499.12 -5.99343
93 18599.6 0.20769 -6.01872 8501.97 -12.8565
94 18799.3 0.301937 -8.74076 8506.05 -27.1748
95 18999 0.431905 -12.4185 8511.68 -55.6378
96 19198.6 0.601527 -17.0708 8519.06 -108.012
97 19398 0.807247 -22.4822 8528.03 -194.73
98 19597.2 1.03837 -28.3178 8538.14 -322.557
99 19796.1 1.8609 -34.5315 8327.75 3008.29
