NTS LL(mkm)  STRESS(GPa)   VEL(m / s)  DENS(kg/m3)  ENERGY(J) 
0 997.657 30.3234 900 10937.6 -339617
1 1152.96 30.3216 899.721 10937.5 -340194
2 1308.26 30.3172 899.43 10937.1 -340220
3 1463.56 30.3086 899.106 10936.4 -340154
4 1618.88 30.2927 898.715 10935 -339963
5 1774.22 30.265 898.194 10932.6 -339424
6 1929.59 30.2184 897.443 10928.6 -338329
7 2085.01 30.1429 896.312 10922.2 -336747
8 2240.53 30.0257 894.579 10912.2 -334209
9 2396.19 29.8501 891.947 10897.2 -330498
10 2552.07 29.5964 888.028 10875.8 -325118
11 2708.25 29.2413 882.345 10845.9 -317751
12 2864.86 28.7588 874.329 10805.8 -307774
13 3022.05 28.1205 863.333 10753.4 -294972
14 3180.01 27.2958 848.643 10686.9 -278938
15 3338.95 26.2523 829.495 10604.5 -259466
16 3499.13 24.9552 805.089 10504.8 -236528
17 3660.83 23.3661 774.579 10386.5 -210384
18 3824.37 21.4445 737.029 10248.8 -181366
19 3990.1 19.1388 691.449 10090.8 -150395
20 4158.44 16.383 636.954 9911.37 -118571
21 4329.82 13.0749 573.024 9708.45 -87542.1
22 4504.78 9.08611 497.995 9479.94 -60063.2
23 4683.95 9.55959 405.085 9294.91 -41440
24 4866.7 7.42415 349.85 9160.18 -28020
25 5052.13 5.21483 293.199 9024.7 -17683.7
26 5240.35 3.4328 233.738 8892.64 -10826.1
27 5431.36 2.7284 178.698 8788.23 -6714.83
28 5624.64 2.18551 136.215 8710.4 -4221.72
29 5819.65 1.76978 103.817 8652.33 -2700.09
30 6015.97 1.21308 79.9021 8606.09 -1759.54
31 6213.34 2.10114 59.0279 8585.09 -1327.66
32 6411.19 1.87597 54.0968 8575.08 -1057.42
33 6609.28 1.64514 48.7538 8564.85 -812.446
34 6807.6 1.42029 43.0721 8554.92 -605.047
35 7006.16 1.20825 37.4393 8545.59 -437.464
36 7204.92 1.01283 32.0615 8537.02 -307.19
37 7403.89 0.836898 27.0555 8529.32 -209.56
38 7603.04 0.681612 22.5003 8522.55 -138.931
39 7802.35 0.547412 18.4441 8516.7 -89.5475
40 8001.79 0.433556 14.9055 8511.76 -56.1355
41 8201.35 0.338664 11.878 8507.64 -34.2393
42 8401.01 0.260956 9.33527 8504.28 -20.3274
43 8600.74 0.198483 7.23751 8501.57 -11.751
44 8800.54 0.148979 5.53609 8499.43 -6.61708
45 9000.39 0.110327 4.17888 8497.76 -3.63094
46 9200.28 0.0807232 3.11336 8496.48 -1.94223
47 9400.19 0.0582809 2.28978 8495.51 -1.01312
48 9600.13 0.0415854 1.66271 8494.79 -0.51555
49 9800.09 0.029299 1.19229 8494.26 -0.256017
50 10000.1 0.0203988 0.844338 8493.88 -0.124125
51 10200 0.0140188 0.590596 8493.6 -0.0587819
52 10400 0.00952902 0.408135 8493.41 -0.0271988
53 10600 0.006457 0.278631 8493.28 -0.0123026
54 10800 0.00425143 0.187871 8493.18 -0.00544555
55 11000 0.00283354 0.12516 8493.12 -0.00235995
56 11200 0.00180951 0.0823001 8493.08 -0.00100357
57 11400 0.00117933 0.0534455 8493.05 -0.000419129
58 11600 0.000785469 0.0342137 8493.03 -0.000172358
59 11800 0.000470379 0.0215471 8493.02 -7.01138e-05
60 12000 0.000312834 0.0133031 8493.01 -2.83665e-05
61 12200 0.000234061 0.00813767 8493.01 -1.10624e-05
62 12400 0.000155296 0.00450174 8493 -4.67608e-06
63 12600 7.63863e-05 0.00251019 8493 -1.99987e-06
64 12800 7.63863e-05 0.00113307 8493 -9.14454e-07
65 13000 7.63863e-05 0.000519224 8493 -4.17285e-07
66 13200 7.63863e-05 0.000237809 8493 -1.8958e-07
67 13400 7.63863e-05 0.000108386 8493 -8.57889e-08
68 13600 7.63863e-05 4.91918e-05 8493 -3.86758e-08
69 13800 7.63863e-05 2.22434e-05 8493 -1.73723e-08
70 14000 7.63863e-05 1.00208e-05 8493 -7.77261e-09
71 14200 7.63863e-05 4.49749e-06 8493 -3.46461e-09
72 14400 7.63863e-05 2.01081e-06 8493 -1.53853e-09
73 14600 7.63863e-05 8.95517e-07 8493 -6.80409e-10
74 14800 7.63863e-05 3.97238e-07 8493 -2.99327e-10
75 15000 7.63863e-05 1.75498e-07 8493 -1.31293e-10
76 15200 7.63863e-05 7.72152e-08 8493 -5.75713e-11
77 15400 7.63863e-05 3.38312e-08 8493 -2.49629e-11
78 15600 7.63863e-05 1.476e-08 8493 -1.19353e-11
79 15800 7.63863e-05 6.41184e-09 8493 -5.77312e-12
80 16000 7.63863e-05 2.7732e-09 8493 0
81 16200 7.63863e-05 1.19414e-09 8493 0
82 16400 7.63863e-05 5.11899e-10 8493 0
83 16600 7.63863e-05 2.18444e-10 8493 0
84 16800 7.63863e-05 9.27904e-11 8493 0
85 17000 7.63863e-05 3.92327e-11 8493 0
86 17200 7.63863e-05 1.65103e-11 8493 0
87 17400 7.63863e-05 6.91512e-12 8493 0
88 17600 7.63863e-05 2.88247e-12 8493 0
89 17800 7.63863e-05 1.19571e-12 8493 0
90 18000 7.63863e-05 4.93591e-13 8493 0
91 18200 7.63863e-05 2.02754e-13 8493 0
92 18400 7.63863e-05 8.28747e-14 8493 0
93 18600 7.63863e-05 3.3711e-14 8493 0
94 18800 7.63863e-05 1.36584e-14 8493 0
95 19000 7.63863e-05 5.54392e-15 8493 0
96 19200 7.63863e-05 2.33589e-15 8493 0
97 19400 7.63863e-05 1.2235e-15 8493 5.34671e-07
98 19600 7.63863e-05 6.72263e-13 8493 7.3282e-06
99 19800 7.63863e-05 4.15481e-13 8493 0.0262891
