NTS LL(mkm)  STRESS(GPa)   VEL(m / s)  DENS(kg/m3)  ENERGY(J) 
0 1354.85 30.3926 900 10943.6 -341126
1 1510.07 30.3922 899.835 10943.5 -341735
2 1665.28 30.3914 899.669 10943.5 -341837
3 1820.5 30.3901 899.501 10943.4 -341929
4 1975.71 30.388 899.328 10943.2 -342037
5 2130.93 30.3851 899.147 10942.9 -342036
6 2286.16 30.3806 898.952 10942.5 -341856
7 2441.39 30.3739 898.732 10942 -341760
8 2596.62 30.3636 898.472 10941.1 -341524
9 2751.87 30.3479 898.143 10939.7 -341229
10 2907.14 30.3239 897.704 10937.7 -340712
11 3062.44 30.288 897.096 10934.6 -340002
12 3217.78 30.2348 896.233 10930 -338799
13 3373.19 30.1579 894.997 10923.5 -337154
14 3528.69 30.049 893.235 10914.1 -334809
15 3684.32 29.8978 890.752 10901.3 -331557
16 3840.14 29.6924 887.303 10883.9 -327162
17 3996.2 29.419 882.598 10860.8 -321449
18 4152.6 29.0618 876.296 10831 -313982
19 4309.43 28.6034 868.008 10793 -304644
20 4466.81 28.0246 857.3 10745.6 -293104
21 4624.88 27.3042 843.694 10687.6 -279136
22 4783.81 26.4194 826.673 10617.6 -262575
23 4943.79 25.3446 805.677 10534.4 -243337
24 5105.04 24.0509 780.105 10437 -221442
25 5267.79 22.5054 749.282 10324.1 -197053
26 5432.31 20.6689 712.422 10194.8 -170515
27 5598.93 18.4904 668.637 10047.7 -142450
28 5767.98 15.9065 617.1 9881.34 -113630
29 5939.88 12.8051 557.22 9692.46 -85376.9
30 6115.13 9.07968 486.891 9479.58 -60019.7
31 6294.32 9.72381 399.504 9305.43 -42615
32 6476.86 7.8034 349.787 9183.84 -30161.4
33 6661.81 5.78828 299.197 9059.5 -20023.7
34 6849.3 3.70385 246.029 8933.46 -12658.4
35 7039.44 2.97874 191.592 8824.9 -8063.32
36 7231.92 2.41161 148.764 8742.55 -5191.51
37 7426.21 1.97171 115.289 8680.36 -3396.11
38 7621.9 1.58381 88.8231 8633.42 -2271.59
39 7818.64 1.0487 67.6833 8593.93 -1573.03
40 8016.29 2.09678 56.9858 8584.9 -1322.46
41 8214.15 1.92028 53.505 8577.05 -1108.43
42 8412.19 1.74298 49.1584 8569.18 -912.59
43 8610.42 1.56545 44.8275 8561.33 -735.685
44 8808.82 1.39057 40.468 8553.61 -580.077
45 9007.4 1.22156 36.1302 8546.18 -447.349
46 9206.16 1.06133 31.8996 8539.14 -337.479
47 9405.08 0.912104 27.8543 8532.61 -249.09
48 9604.15 0.775317 24.0562 8526.64 -179.906
49 9803.36 0.652016 20.5506 8521.26 -127.172
50 10002.7 0.542541 17.3668 8516.49 -87.9982
51 10202.1 0.446681 14.5197 8512.33 -59.6175
52 10401.7 0.363905 12.0107 8508.73 -39.5533
53 10601.3 0.293364 9.83108 8505.68 -25.7031
54 10801 0.234128 7.9634 8503.11 -16.3633
55 11000.8 0.184948 6.3841 8500.99 -10.2079
56 11200.6 0.14465 5.06597 8499.24 -6.24118
57 11400.4 0.111981 3.97939 8497.83 -3.74083
58 11600.3 0.0858413 3.09464 8496.7 -2.19839
59 11800.2 0.0652108 2.38272 8495.81 -1.26707
60 12000.2 0.0489883 1.81671 8495.11 -0.716372
61 12200.1 0.0365449 1.3717 8494.57 -0.397376
62 12400.1 0.0269362 1.02575 8494.16 -0.216323
63 12600.1 0.0196899 0.759657 8493.85 -0.115604
64 12800 0.0142551 0.557254 8493.61 -0.0606595
65 13000 0.0102379 0.405063 8493.44 -0.0312536
66 13200 0.00732347 0.29153 8493.31 -0.0158199
67 13400 0.00511791 0.207842 8493.22 -0.00787121
68 13600 0.00362126 0.146783 8493.15 -0.00385107
69 13800 0.00251846 0.102659 8493.11 -0.0018538
70 14000 0.00173074 0.0710801 8493.07 -0.00087871
71 14200 0.00117933 0.0487183 8493.05 -0.000410154
72 14400 0.000785469 0.0329739 8493.03 -0.000189053
73 14600 0.000549152 0.0220382 8493.02 -8.61139e-05
74 14800 0.000391606 0.0145086 8493.01 -3.87788e-05
75 15000 0.000234061 0.00928231 8493.01 -1.75497e-05
76 15200 0.000155296 0.00584946 8493.01 -7.83759e-06
77 15400 7.63863e-05 0.00360525 8493 -3.34519e-06
78 15600 7.63863e-05 0.00181029 8493 -1.61553e-06
79 15800 7.63863e-05 0.000881151 8493 -7.72999e-07
80 16000 7.63863e-05 0.000422855 8493 -3.68532e-07
81 16200 7.63863e-05 0.000201884 8493 -1.75406e-07
82 16400 7.63863e-05 9.60499e-05 8493 -8.35154e-08
83 16600 7.63863e-05 4.52955e-05 8493 -4.01815e-08
84 16800 7.63863e-05 2.06171e-05 8493 -2.04572e-08
85 17000 7.63863e-05 7.83679e-06 8493 -1.29588e-08
86 17200 7.63863e-05 -4.01638e-07 8493 -1.33417e-08
87 17400 7.63863e-05 -8.72222e-06 8493 -2.16776e-08
88 17600 7.63863e-05 -2.14587e-05 8493 -4.21861e-08
89 17800 7.63863e-05 -4.47558e-05 8493 -8.49444e-08
90 18000 7.63863e-05 -8.94281e-05 8493 -1.70382e-07
91 18200 7.63863e-05 -0.000176112 8493 -3.38636e-07
92 18400 7.63863e-05 -0.000345726 8493 -6.68977e-07
93 18600 7.63863e-05 -0.000682169 8493 -1.32093e-06
94 18800 7.63863e-05 -0.00135822 8493 -2.61864e-06
95 19000 0.000155296 -0.00268279 8493 -5.46153e-06
96 19200 0.000155296 -0.00402234 8493.01 -1.05945e-05
97 19400 0.000234061 -0.00655657 8493.01 -2.12361e-05
98 19600 0.000391606 -0.0101038 8493.01 -3.76718e-05
99 19800 0.00117933 -0.0150506 8492.95 0.0266762
