NTS LL(mkm)  STRESS(GPa)   VEL(m / s)  DENS(kg/m3)  ENERGY(J) 
0 1800.6 30.4443 900 10948 -342255
1 1955.75 30.4442 899.902 10948 -342869
2 2110.91 30.4438 899.804 10948 -342981
3 2266.06 30.4432 899.706 10947.9 -343090
4 2421.21 30.4425 899.605 10947.9 -343227
5 2576.36 30.4416 899.504 10947.8 -343270
6 2731.52 30.4404 899.4 10947.7 -343162
7 2886.67 30.439 899.293 10947.6 -343183
8 3041.83 30.4374 899.183 10947.4 -343135
9 3196.99 30.4354 899.068 10947.3 -343138
10 3352.15 30.4329 898.947 10947 -343088
11 3507.32 30.4297 898.817 10946.8 -343090
12 3662.49 30.4255 898.675 10946.4 -342950
13 3817.66 30.4198 898.512 10945.9 -342845
14 3972.84 30.4121 898.321 10945.3 -342682
15 4128.03 30.4013 898.086 10944.3 -342435
16 4283.24 30.3861 897.786 10943 -342080
17 4438.46 30.3647 897.393 10941.2 -341664
18 4593.71 30.335 896.867 10938.6 -340975
19 4748.99 30.2939 896.155 10935.1 -340108
20 4904.33 30.2376 895.187 10930.3 -338907
21 5059.73 30.1616 893.874 10923.8 -337275
22 5215.23 30.0601 892.108 10915.1 -335094
23 5370.85 29.9268 889.754 10903.7 -332233
24 5526.63 29.7539 886.65 10889.1 -328536
25 5682.62 29.5324 882.608 10870.4 -323841
26 5838.88 29.2525 877.41 10846.9 -317965
27 5995.48 28.9029 870.809 10817.7 -310797
28 6152.5 28.4712 862.528 10782.1 -302012
29 6310.03 27.9436 852.261 10739 -291563
30 6468.2 27.3047 839.668 10687.6 -279155
31 6627.14 26.5374 824.377 10626.8 -264779
32 6786.98 25.6224 805.977 10555.7 -248214
33 6947.89 24.5371 784.014 10473.3 -229537
34 7110.08 23.2559 757.974 10378.5 -208651
35 7273.74 21.7467 727.262 10270.1 -185795
36 7439.14 19.9713 691.132 10147 -161177
37 7606.54 17.8814 648.697 10007.7 -135243
38 7776.27 15.4131 599.138 9850.54 -108668
39 7948.71 12.4531 541.943 9671.71 -82539.9
40 8124.33 8.8715 475.2 9468.1 -58863.9
41 8303.73 9.75053 391.96 9307.14 -42814
42 8486.24 7.99253 347.189 9195.68 -31273.1
43 8670.95 6.12609 301.315 9080.09 -21515.2
44 8858.02 4.15798 252.437 8961.22 -14018.8
45 9047.57 3.15705 200.276 8851.3 -9100.82
46 9239.48 2.57934 157.143 8766.63 -5975.27
47 9433.24 2.12497 123.396 8701.86 -3978.47
48 9628.43 1.76525 97.1713 8651.7 -2683.59
49 9824.77 1.27295 76.9541 8610.51 -1833.01
50 10022 2.18653 57.8921 8588.9 -1438.9
51 10219.8 2.07457 54.8172 8583.91 -1294.81
52 10417.7 1.95116 52.2346 8578.42 -1144.76
53 10615.7 1.8187 49.3457 8572.54 -994.129
54 10813.8 1.68114 46.1767 8566.44 -849.007
55 11012.1 1.5413 42.8455 8560.26 -713.25
56 11210.6 1.40144 39.4297 8554.09 -589.39
57 11409.1 1.26383 35.9885 8548.03 -479.037
58 11607.8 1.13026 32.5766 8542.17 -382.946
59 11806.7 1.00248 29.2444 8536.57 -301.102
60 12005.7 0.881837 26.0361 8531.29 -232.868
61 12204.8 0.769275 22.9885 8526.37 -177.153
62 12404 0.665676 20.1304 8521.85 -132.573
63 12603.3 0.571212 17.4831 8517.74 -97.6027
64 12802.7 0.486288 15.0598 8514.05 -70.6973
65 13002.2 0.410603 12.8668 8510.76 -50.3868
66 13201.8 0.343933 10.9041 8507.87 -35.3378
67 13401.5 0.285735 9.16651 8505.35 -24.3905
68 13601.2 0.235544 7.64407 8503.17 -16.5691
69 13800.9 0.19266 6.32369 8501.32 -11.08
70 14000.7 0.156299 5.19014 8499.75 -7.29419
71 14200.6 0.125836 4.22629 8498.43 -4.72793
72 14400.5 0.100565 3.41452 8497.34 -3.01773
73 14600.4 0.0796996 2.73719 8496.44 -1.8971
74 14800.3 0.0627696 2.17736 8495.71 -1.17479
75 15000.2 0.0489883 1.71849 8495.11 -0.716846
76 15200.2 0.0380413 1.3457 8494.64 -0.431221
77 15400.1 0.029299 1.04533 8494.26 -0.255923
78 15600.1 0.0224467 0.805116 8493.97 -0.150049
79 15800.1 0.0170907 0.614051 8493.74 -0.0871698
80 16000 0.0129948 0.463143 8493.56 -0.0504321
81 16200 0.00992286 0.343553 8493.43 -0.0293644
82 16400 0.00763855 0.248411 8493.33 -0.0175488
83 16600 0.00614192 0.171395 8493.26 -0.0111428
84 16800 0.00519668 0.106465 8493.22 -0.00794555
85 17000 0.00480282 0.0481121 8493.2 -0.00681141
86 17200 0.00496036 -0.00962777 8493.21 -0.00740256
87 17400 0.00582684 -0.0735169 8493.25 -0.0102284
88 17600 0.00755978 -0.151845 8493.33 -0.0171047
89 17800 0.0103955 -0.255744 8493.45 -0.0324043
90 18000 0.0148852 -0.400882 8493.64 -0.0659643
91 18200 0.0216591 -0.608963 8493.93 -0.139364
92 18399.9 0.0317406 -0.912506 8494.37 -0.300068
93 18599.9 0.0467832 -1.35803 8495.02 -0.651812
94 18799.9 0.0690693 -2.01529 8495.98 -1.42213
95 18999.8 0.102139 -2.98614 8497.41 -3.10899
96 19199.7 0.151104 -4.42161 8499.52 -6.80278
97 19399.5 0.223506 -6.54485 8502.66 -14.8905
98 19599.3 0.330643 -9.68575 8507.3 -32.5969
99 19799 1.04206 -14.332 8448.18 324.545
