NTS LL(mkm)  STRESS(GPa)   VEL(m / s)  DENS(kg/m3)  ENERGY(J) 
0 1352.3 30.3922 900 10943.5 -341117
1 1507.52 30.3918 899.835 10943.5 -341726
2 1662.73 30.391 899.668 10943.4 -341829
3 1817.95 30.3897 899.499 10943.3 -341920
4 1973.17 30.3876 899.325 10943.2 -342028
5 2128.39 30.3846 899.144 10942.9 -342026
6 2283.61 30.3801 898.947 10942.5 -341845
7 2438.84 30.3733 898.727 10941.9 -341747
8 2594.08 30.3628 898.464 10941 -341507
9 2749.33 30.3469 898.131 10939.6 -341207
10 2904.6 30.3225 897.687 10937.6 -340681
11 3059.9 30.2859 897.07 10934.4 -339958
12 3215.24 30.2319 896.194 10929.8 -338737
13 3370.65 30.1538 894.939 10923.1 -337065
14 3526.16 30.0431 893.15 10913.7 -334684
15 3681.8 29.8897 890.628 10900.6 -331384
16 3837.63 29.6813 887.128 10882.9 -326927
17 3993.71 29.4041 882.354 10859.6 -321138
18 4150.12 29.0422 875.964 10829.3 -313578
19 4306.97 28.578 867.565 10790.9 -304131
20 4464.38 27.9921 856.719 10743 -292465
21 4622.5 27.2634 842.946 10684.3 -278358
22 4781.48 26.3687 825.724 10613.6 -261646
23 4941.52 25.2824 804.492 10529.7 -242253
24 5102.83 23.9752 778.643 10431.4 -220203
25 5265.67 22.4137 747.504 10317.5 -195667
26 5430.3 20.5585 710.279 10187.2 -169003
27 5597.04 18.3583 666.037 10038.9 -140859
28 5766.24 15.7504 613.889 9871.56 -112044
29 5938.31 12.6186 553.385 9681.45 -83887.4
30 6113.76 8.84265 482.904 9466.52 -58718.2
31 6293.19 9.61286 395.583 9298.33 -41822
32 6475.87 7.68992 346.771 9176.74 -29509.5
33 6660.97 5.66874 296.206 9052.21 -19515.7
34 6848.61 3.65464 242.726 8926.26 -12326.8
35 7038.9 2.94132 188.838 8819.38 -7853.71
36 7231.5 2.38191 146.576 8738.32 -5059.02
37 7425.89 1.94811 113.633 8677.06 -3310.4
38 7621.65 1.54704 87.5866 8630.72 -2214.9
39 7818.45 1.03395 65.0124 8592.84 -1557.63
40 8016.13 2.08532 58.1721 8584.39 -1308.04
41 8214 1.90819 53.2215 8576.51 -1094.5
42 8412.05 1.73104 48.8563 8568.65 -900.078
43 8610.29 1.55342 44.5366 8560.8 -724.361
44 8808.7 1.37853 40.1736 8553.08 -570.075
45 9007.3 1.20982 35.834 8545.66 -438.791
46 9206.07 1.05013 31.6078 8538.65 -330.379
47 9405 0.901597 27.5727 8532.15 -243.368
48 9604.08 0.765666 23.7897 8526.21 -175.422
49 9803.3 0.643222 20.3027 8520.88 -123.752
50 10002.6 0.534686 17.14 8516.15 -85.4566
51 10202.1 0.439686 14.3154 8512.03 -57.7761
52 10401.7 0.357851 11.8295 8508.47 -38.2517
53 10601.3 0.288173 9.67273 8505.46 -24.8049
54 10801 0.229722 7.82687 8502.92 -15.758
55 11000.8 0.181328 6.26804 8500.83 -9.80932
56 11200.6 0.141659 4.96853 8499.11 -5.98456
57 11400.4 0.10954 3.89866 8497.73 -3.57924
58 11600.3 0.0838728 3.02854 8496.62 -2.09885
59 11800.2 0.0636358 2.32934 8495.74 -1.20702
60 12000.2 0.047807 1.77398 8495.06 -0.680934
61 12200.1 0.035521 1.33798 8494.53 -0.376882
62 12400.1 0.0262273 0.999426 8494.13 -0.204709
63 12600.1 0.0191386 0.739332 8493.82 -0.10915
64 12800 0.0138613 0.541695 8493.6 -0.0571491
65 13000 0.00992286 0.393336 8493.43 -0.0293772
66 13200 0.00708716 0.282754 8493.3 -0.0148363
67 13400 0.00496036 0.201334 8493.21 -0.00736571
68 13600 0.00346371 0.141998 8493.15 -0.00359676
69 13800 0.00243968 0.0992147 8493.1 -0.00172754
70 14000 0.00165196 0.068613 8493.07 -0.000816906
71 14200 0.00110056 0.0469527 8493.05 -0.000380503
72 14400 0.000785469 0.0317307 8493.03 -0.000175026
73 14600 0.000549152 0.0212021 8493.02 -7.93423e-05
74 14800 0.000312834 0.0138971 8493.01 -3.56676e-05
75 15000 0.000234061 0.00882371 8493.01 -1.62511e-05
76 15200 0.000155296 0.00556763 8493.01 -7.26884e-06
77 15400 7.63863e-05 0.00341486 8493 -3.12155e-06
78 15600 7.63863e-05 0.00169607 8493 -1.50063e-06
79 15800 7.63863e-05 0.000819795 8493 -7.16629e-07
80 16000 7.63863e-05 0.000392234 8493 -3.41423e-07
81 16200 7.63863e-05 0.000187105 8493 -1.62431e-07
82 16400 7.63863e-05 8.89897e-05 8493 -7.72945e-08
83 16600 7.63863e-05 4.19538e-05 8493 -3.7157e-08
84 16800 7.63863e-05 1.90929e-05 8493 -1.88916e-08
85 17000 7.63863e-05 7.25622e-06 8493 -1.19484e-08
86 17200 7.63863e-05 -3.87714e-07 8493 -1.23184e-08
87 17400 7.63863e-05 -8.14919e-06 8493 -2.01076e-08
88 17600 7.63863e-05 -2.00917e-05 8493 -3.93104e-08
89 17800 7.63863e-05 -4.19923e-05 8493 -7.9429e-08
90 18000 7.63863e-05 -8.40061e-05 8493 -1.59686e-07
91 18200 7.63863e-05 -0.00016544 8493 -3.17738e-07
92 18400 7.63863e-05 -0.000324311 8493 -6.27599e-07
93 18600 7.63863e-05 -0.000638209 8493 -1.23757e-06
94 18800 7.63863e-05 -0.00127178 8493 -2.45313e-06
95 19000 0.000155296 -0.00254694 8493 -5.11747e-06
96 19200 0.000155296 -0.00386919 8493.01 -9.95255e-06
97 19400 0.000234061 -0.00629674 8493.01 -1.98908e-05
98 19600 0.000391606 -0.00964293 8493.01 -3.44646e-05
99 19800 0.00110056 -0.0145274 8492.95 0.0266484
