NTS LL(mkm)  STRESS(GPa)   VEL(m / s)  DENS(kg/m3)  ENERGY(J) 
0 994.599 30.3226 900 10937.6 -339600
1 1149.9 30.3208 899.72 10937.4 -340177
2 1305.2 30.3163 899.426 10937 -340200
3 1460.51 30.3075 899.1 10936.3 -340130
4 1615.83 30.2913 898.704 10934.9 -339931
5 1771.16 30.2629 898.175 10932.4 -339378
6 1926.54 30.2152 897.411 10928.4 -338260
7 2081.97 30.1381 896.257 10921.8 -336642
8 2237.49 30.0182 894.488 10911.5 -334049
9 2393.16 29.8391 891.801 10896.3 -330262
10 2549.05 29.5803 887.802 10874.4 -324778
11 2705.25 29.2186 882.006 10844 -317278
12 2861.89 28.7275 873.838 10803.2 -307136
13 3019.12 28.0784 862.643 10750 -294139
14 3177.13 27.2406 847.701 10682.5 -277885
15 3336.14 26.1813 828.242 10599 -258177
16 3496.4 24.8657 803.461 10498 -234997
17 3658.2 23.2545 772.514 10378.3 -208622
18 3821.87 21.3071 734.459 10239.2 -179405
19 3987.76 18.9717 688.257 10079.6 -148303
20 4156.28 16.1831 632.928 9898.74 -116476
21 4327.88 12.8362 568.091 9694.3 -85596.8
22 4503.09 8.7837 492.781 9463.28 -58408.1
23 4682.59 9.41186 400.06 9285.47 -40403.4
24 4865.52 7.27149 345.9 9150.69 -27188.9
25 5051.14 5.05441 289.256 9015 -17072.9
26 5239.56 3.37518 229.472 8884.01 -10454.7
27 5430.76 2.68343 175.295 8781.73 -6487.15
28 5624.18 2.15089 133.541 8705.52 -4082.45
29 5819.3 1.74418 101.625 8648.79 -2617.11
30 6015.7 1.17218 78.2474 8603.07 -1710.96
31 6213.14 2.08548 58.3182 8584.39 -1307.81
32 6411.01 1.85818 53.7507 8574.29 -1037.39
33 6609.12 1.62616 48.3452 8564.01 -793.789
34 6807.46 1.4016 42.6104 8554.1 -589.16
35 7006.03 1.1904 36.973 8544.81 -424.598
36 7204.82 0.996215 31.6114 8536.29 -297.171
37 7403.8 0.82176 26.632 8528.66 -202.043
38 7602.97 0.668188 22.111 8521.96 -133.491
39 7802.29 0.535628 18.0941 8516.19 -85.7442
40 8001.74 0.423495 14.5974 8511.32 -53.5639
41 8201.31 0.33025 11.6122 8507.28 -32.5556
42 8400.97 0.254033 9.11033 8503.98 -19.259
43 8600.72 0.192817 7.05055 8501.33 -11.0934
44 8800.52 0.144493 5.3834 8499.24 -6.2242
45 9000.37 0.106863 4.05624 8497.61 -3.40292
46 9200.27 0.0779673 3.01647 8496.36 -1.81359
47 9400.19 0.0562334 2.21444 8495.42 -0.942524
48 9600.13 0.0400102 1.60505 8494.73 -0.477833
49 9800.09 0.0281964 1.14875 8494.21 -0.236402
50 10000.1 0.0196112 0.811981 8493.84 -0.114184
51 10200 0.0134674 0.566873 8493.58 -0.0538705
52 10400 0.00913517 0.391 8493.39 -0.0248304
53 10600 0.00614192 0.266367 8493.26 -0.0111913
54 10800 0.00409388 0.179281 8493.17 -0.00493466
55 11000 0.002676 0.119168 8493.11 -0.00213127
56 11200 0.00173074 0.0782124 8493.07 -0.000902983
57 11400 0.00110056 0.0506752 8493.05 -0.000375805
58 11600 0.000706697 0.0323444 8493.03 -0.000154222
59 11800 0.000470379 0.0203238 8493.02 -6.25802e-05
60 12000 0.000312834 0.0125154 8493.01 -2.52048e-05
61 12200 0.000155296 0.00756665 8493.01 -9.98363e-06
62 12400 0.000155296 0.00427062 8493 -4.05331e-06
63 12600 7.63863e-05 0.00223648 8493 -1.80099e-06
64 12800 7.63863e-05 0.00101828 8493 -8.25748e-07
65 13000 7.63863e-05 0.000469387 8493 -3.7638e-07
66 13200 7.63863e-05 0.000214729 8493 -1.70769e-07
67 13400 7.63863e-05 9.77143e-05 8493 -7.71932e-08
68 13600 7.63863e-05 4.42989e-05 8493 -3.4765e-08
69 13800 7.63863e-05 2.00108e-05 8493 -1.55994e-08
70 14000 7.63863e-05 9.00576e-06 8493 -6.9719e-09
71 14200 7.63863e-05 4.03763e-06 8493 -3.1042e-09
72 14400 7.63863e-05 1.80325e-06 8493 -1.37697e-09
73 14600 7.63863e-05 8.0219e-07 8493 -6.08327e-10
74 14800 7.63863e-05 3.55436e-07 8493 -2.6742e-10
75 15000 7.63863e-05 1.56847e-07 8493 -1.17017e-10
76 15200 7.63863e-05 6.89273e-08 8493 -5.1253e-11
77 15400 7.63863e-05 3.01632e-08 8493 -2.22333e-11
78 15600 7.63863e-05 1.31433e-08 8493 -1.06871e-11
79 15800 7.63863e-05 5.70231e-09 8493 -4.83693e-12
80 16000 7.63863e-05 2.46313e-09 8493 0
81 16200 7.63863e-05 1.05923e-09 8493 0
82 16400 7.63863e-05 4.53452e-10 8493 0
83 16600 7.63863e-05 1.93238e-10 8493 0
84 16800 7.63863e-05 8.19688e-11 8493 0
85 17000 7.63863e-05 3.4608e-11 8493 0
86 17200 7.63863e-05 1.4543e-11 8493 0
87 17400 7.63863e-05 6.0822e-12 8493 0
88 17600 7.63863e-05 2.53149e-12 8493 0
89 17800 7.63863e-05 1.04852e-12 8493 0
90 18000 7.63863e-05 4.32162e-13 8493 0
91 18200 7.63863e-05 1.77242e-13 8493 0
92 18400 7.63863e-05 7.23314e-14 8493 0
93 18600 7.63863e-05 2.93746e-14 8493 0
94 18800 7.63863e-05 1.18818e-14 8493 0
95 19000 7.63863e-05 4.81443e-15 8493 0
96 19200 7.63863e-05 2.02465e-15 8493 0
97 19400 7.63863e-05 1.05846e-15 8493 5.34671e-07
98 19600 7.63863e-05 7.15111e-13 8493 7.3282e-06
99 19800 7.63863e-05 4.41963e-13 8493 0.0262891
