NTS LL(mkm)  STRESS(GPa)   VEL(m / s)  DENS(kg/m3)  ENERGY(J) 
0 605.071 11.7978 400 9633.46 -77399.6
1 781.394 11.7977 399.92 9633.45 -77523.7
2 957.717 11.7974 399.841 9633.43 -77569.7
3 1134.04 11.7969 399.76 9633.41 -77586.5
4 1310.36 11.7961 399.678 9633.36 -77579.5
5 1486.69 11.7946 399.597 9633.27 -77586.6
6 1663.02 11.7914 399.516 9633.09 -77558.4
7 1839.35 11.7841 399.428 9632.66 -77511.9
8 2015.68 11.7681 399.279 9631.74 -77401.7
9 2192.04 11.734 398.925 9629.76 -77144.9
10 2368.43 11.6593 398.084 9625.43 -76600.8
11 2544.9 11.488 396.378 9615.53 -75368.9
12 2721.55 11.0797 393.374 9592.06 -72503
13 2898.63 10.1168 387.788 9537.4 -66170.7
14 3076.73 7.9092 374.017 9415.6 -53950.2
15 3257.14 10.4906 335.727 9354.89 -48384.7
16 3438.71 10.5174 339.921 9356.61 -48590.3
17 3620.25 10.3931 338.91 9348.52 -47624.2
18 3801.95 10.2145 336.213 9337.03 -46270
19 3983.87 9.97443 332.149 9321.55 -44475.2
20 4166.09 9.65699 326.606 9301.14 -42163.8
21 4348.71 9.24358 319.217 9274.76 -39275.5
22 4531.85 8.71734 309.529 9241.32 -35772.7
23 4715.66 8.056 297.051 9199.68 -31667.6
24 4900.3 7.23913 281.247 9148.69 -27036.3
25 5085.96 6.24079 261.518 9087.13 -22049.9
26 5272.89 5.03385 237.235 9013.75 -17004.8
27 5461.33 3.65991 207.855 8927.09 -12368.7
28 5651.61 3.11174 173.995 8844.6 -8833.54
29 5843.66 2.64165 144.823 8775.66 -6280.9
30 6037.21 2.23994 119.898 8718.09 -4446.14
31 6232.05 1.89856 98.5477 8670.17 -3134.87
32 6427.96 1.54146 79.8423 8630.31 -2206.93
33 6624.78 1.03635 62.2872 8593.02 -1560.27
34 6822.45 2.17251 56.6358 8588.27 -1420.32
35 7020.23 2.07574 54.3666 8583.96 -1296.13
36 7218.12 1.9719 52.0196 8579.34 -1169.2
37 7416.1 1.85724 49.6004 8574.25 -1036.75
38 7614.21 1.73276 46.9207 8568.73 -902.037
39 7812.44 1.601 43.9746 8562.9 -769.663
40 8010.81 1.4647 40.8163 8556.88 -643.821
41 8209.31 1.32658 37.5135 8550.79 -527.852
42 8407.96 1.18938 34.135 8544.76 -424.086
43 8606.75 1.05553 30.7486 8538.89 -333.839
44 8805.68 0.927236 27.4173 8533.27 -257.466
45 9004.73 0.806149 24.1977 8527.98 -194.533
46 9203.91 0.693779 21.1378 8523.08 -143.998
47 9403.21 0.590925 18.2761 8518.6 -104.43
48 9602.6 0.498231 15.6403 8514.57 -74.2038
49 9802.1 0.415792 13.2481 8510.99 -51.6642
50 10001.7 0.34354 11.1078 8507.85 -35.2509
51 10201.3 0.280936 9.21913 8505.14 -23.573
52 10401 0.227519 7.57454 8502.83 -15.4517
53 10600.8 0.182429 6.16103 8500.88 -9.92932
54 10800.6 0.144807 4.96164 8499.25 -6.25615
55 11000.5 0.113791 3.95615 8497.91 -3.8655
56 11200.4 0.0885971 3.12365 8496.82 -2.3426
57 11400.3 0.0683606 2.44231 8495.95 -1.39269
58 11600.2 0.0522171 1.89111 8495.25 -0.812317
59 11800.1 0.0394589 1.45031 8494.7 -0.464983
60 12000.1 0.0296141 1.10164 8494.28 -0.261248
61 12200.1 0.0219741 0.829001 8493.95 -0.144091
62 12400.1 0.0161455 0.617911 8493.7 -0.0780383
63 12600 0.0118133 0.456236 8493.51 -0.0415101
64 12800 0.00850502 0.333734 8493.37 -0.0216939
65 13000 0.00614192 0.24188 8493.26 -0.0111421
66 13200 0.0043302 0.173677 8493.19 -0.00562423
67 13400 0.00306986 0.123486 8493.13 -0.00279252
68 13600 0.0021246 0.0869467 8493.09 -0.00136452
69 13800 0.00149442 0.0605948 8493.06 -0.000656733
70 14000 0.00102179 0.0417754 8493.04 -0.000311688
71 14200 0.000706697 0.0284601 8493.03 -0.000146046
72 14400 0.000470379 0.0191291 8493.02 -6.76498e-05
73 14600 0.000312834 0.0126445 8493.01 -3.10268e-05
74 14800 0.000234061 0.0081278 8493.01 -1.42461e-05
75 15000 0.000155296 0.00509348 8493 -6.5032e-06
76 15200 7.63863e-05 0.00313681 8493 -2.86259e-06
77 15400 7.63863e-05 0.00155022 8493 -1.3802e-06
78 15600 7.63863e-05 0.000749607 8493 -6.62964e-07
79 15800 7.63863e-05 0.000360506 8493 -3.1797e-07
80 16000 7.63863e-05 0.000173213 8493 -1.52207e-07
81 16200 7.63863e-05 8.30925e-05 8493 -7.26873e-08
82 16400 7.63863e-05 3.97679e-05 8493 -3.4626e-08
83 16600 7.63863e-05 1.89861e-05 8493 -1.64579e-08
84 16800 7.63863e-05 9.04221e-06 8493 -7.80061e-09
85 17000 7.63863e-05 4.29583e-06 8493 -3.68679e-09
86 17200 7.63863e-05 2.03578e-06 8493 -1.73871e-09
87 17400 7.63863e-05 9.62293e-07 8493 -8.1927e-10
88 17600 7.63863e-05 4.53687e-07 8493 -3.83813e-10
89 17800 7.63863e-05 2.13334e-07 8493 -1.79893e-10
90 18000 7.63863e-05 1.00047e-07 8493 -8.37824e-11
91 18200 7.63863e-05 4.67917e-08 8493 -3.90056e-11
92 18400 7.63863e-05 2.18242e-08 8493 -1.80995e-11
93 18600 7.63863e-05 1.01506e-08 8493 -8.2696e-12
94 18800 7.63863e-05 4.70755e-09 8493 -4.36884e-12
95 19000 7.63863e-05 2.17646e-09 8493 0
96 19200 7.63863e-05 1.00217e-09 8493 0
97 19400 7.63863e-05 4.57532e-10 8493 1.92327e-07
98 19600 7.63863e-05 2.02548e-10 8493 2.21401e-06
99 19800 7.63863e-05 7.66963e-11 8493 0.00520838
