NTS LL(mkm)  STRESS(GPa)   VEL(m / s)  DENS(kg/m3)  ENERGY(J) 
0 802.724 11.8245 400 9635 -77596.4
1 979.019 11.8244 399.958 9635 -77721
2 1155.31 11.8242 399.915 9634.99 -77768
3 1331.61 11.824 399.872 9634.98 -77786.6
4 1507.9 11.8237 399.828 9634.96 -77783.1
5 1684.2 11.8233 399.783 9634.94 -77798.3
6 1860.49 11.8229 399.737 9634.91 -77790.5
7 2036.79 11.8222 399.691 9634.87 -77793.1
8 2213.09 11.8214 399.644 9634.82 -77794.1
9 2389.39 11.8202 399.596 9634.76 -77779.9
10 2565.69 11.8185 399.542 9634.66 -77768.8
11 2741.99 11.8159 399.474 9634.5 -77755.3
12 2918.29 11.811 399.381 9634.22 -77724.3
13 3094.6 11.8007 399.249 9633.62 -77646.9
14 3270.92 11.7772 399.061 9632.27 -77471.9
15 3447.26 11.7241 398.735 9629.18 -77081.7
16 3623.67 11.6067 397.962 9622.39 -76228.8
17 3800.19 11.3532 395.889 9607.76 -74418
18 3976.99 10.8067 390.632 9576.47 -70648
19 4154.36 9.5879 378.548 9507.78 -62961.9
20 4333.01 10.6553 352.447 9365.54 -49670.6
21 4514.38 10.6584 345.06 9365.77 -49699.9
22 4695.74 10.6036 341.783 9362.19 -49266.8
23 4877.17 10.5401 340.031 9358.05 -48768.2
24 5058.69 10.453 338.519 9352.43 -48093.2
25 5240.31 10.333 336.563 9344.7 -47174.6
26 5422.08 10.1732 333.839 9334.33 -45956.2
27 5604.05 9.9622 330.129 9320.75 -44385.6
28 5786.29 9.68997 325.205 9303.26 -42403.9
29 5968.87 9.34235 318.794 9281.07 -39959.2
30 6151.89 8.90528 310.567 9253.27 -37007.4
31 6335.46 8.3618 300.146 9218.88 -33527.4
32 6519.71 7.69014 287.1 9176.77 -29535.2
33 6704.81 6.86825 270.925 9125.74 -25101.3
34 6890.94 5.86927 251.013 9064.44 -20385.6
35 7078.33 4.66437 226.627 8991.52 -15678
36 7267.24 3.5271 197.009 8906.93 -11459.7
37 7457.95 3.01779 165.493 8830.69 -8289.91
38 7650.3 2.57943 138.503 8766.68 -5976.92
39 7844.06 2.2018 115.43 8712.69 -4288.64
40 8039.01 1.87794 95.5629 8667.29 -3062.7
41 8234.99 1.52416 78.0092 8629.03 -2180.09
42 8431.84 1.0363 60.6526 8592.79 -1556.6
43 8629.52 2.20452 56.8442 8589.7 -1462.87
44 8827.26 2.14446 54.7432 8587.02 -1384.03
45 9025.07 2.08088 53.2557 8584.19 -1302.82
46 9222.95 2.00847 51.7889 8580.97 -1213.42
47 9420.9 1.92675 50.1269 8577.33 -1116.33
48 9618.93 1.83649 48.2292 8573.33 -1013.81
49 9817.06 1.73877 46.1095 8568.99 -908.454
50 10015.3 1.63491 43.7937 8564.4 -802.875
51 10213.6 1.52646 41.3119 8559.6 -699.57
52 10412.1 1.41489 38.6984 8554.68 -600.776
53 10610.6 1.30178 35.9907 8549.7 -508.366
54 10809.3 1.18883 33.2279 8544.74 -423.773
55 11008.1 1.07747 30.4495 8539.85 -347.941
56 11207 0.969096 27.6934 8535.1 -281.343
57 11406 0.864898 24.9955 8530.55 -224.018
58 11605.1 0.765979 22.3877 8526.23 -175.634
59 11804.3 0.673134 19.8976 8522.18 -135.58
60 12003.7 0.58692 17.5477 8518.42 -103.046
61 12203.1 0.507817 15.3555 8514.98 -77.1096
62 12402.5 0.435914 13.3327 8511.86 -56.8112
63 12602.1 0.371374 11.4866 8509.06 -41.2114
64 12801.7 0.313892 9.81948 8506.57 -29.4352
65 13001.4 0.263237 8.32925 8504.38 -20.7023
66 13201.1 0.2191 7.01065 8502.46 -14.3377
67 13400.9 0.181013 5.85548 8500.81 -9.77885
68 13600.7 0.14835 4.85301 8499.4 -6.56858
69 13800.6 0.120641 3.99148 8498.21 -4.34566
70 14000.5 0.0974155 3.25797 8497.2 -2.83206
71 14200.4 0.078046 2.63909 8496.37 -1.81814
72 14400.3 0.0620609 2.1217 8495.68 -1.14992
73 14600.2 0.0489883 1.69296 8495.11 -0.716635
74 14800.2 0.0384351 1.34081 8494.66 -0.440079
75 15000.1 0.0298504 1.05399 8494.29 -0.266319
76 15200.1 0.0230768 0.822435 8493.99 -0.158857
77 15400.1 0.0177208 0.636987 8493.76 -0.0934212
78 15600.1 0.0134674 0.489786 8493.58 -0.054155
79 15800 0.0101592 0.373831 8493.44 -0.0309563
80 16000 0.00763855 0.283202 8493.33 -0.0174501
81 16200 0.0056693 0.213027 8493.24 -0.00970195
82 16400 0.00425143 0.159002 8493.18 -0.00532152
83 16600 0.00314863 0.117764 8493.13 -0.00288061
84 16800 0.00228214 0.0865649 8493.1 -0.00153911
85 17000 0.00165196 0.0631167 8493.07 -0.000811902
86 17200 0.00117933 0.0456114 8493.05 -0.000423057
87 17400 0.000864242 0.0326408 8493.04 -0.00021797
88 17600 0.000627924 0.0231359 8493.02 -0.000110963
89 17800 0.000470379 0.0162616 8493.02 -5.54738e-05
90 18000 0.000312834 0.0110384 8493.01 -2.79078e-05
91 18200 0.000234061 0.00746726 8493.01 -1.38731e-05
92 18400 0.000155296 0.0049121 8493 -6.76563e-06
93 18600 7.63863e-05 0.00318239 8493 -3.16267e-06
94 18800 7.63863e-05 0.00165096 8493 -1.58564e-06
95 19000 7.63863e-05 0.000832126 8493 -7.90208e-07
96 19200 7.63863e-05 0.000413703 8493 -3.9463e-07
97 19400 7.63863e-05 0.000203416 8493 -7.78017e-09
98 19600 7.63863e-05 9.64168e-05 8493 2.1061e-06
99 19800 7.63863e-05 3.84281e-05 8493 0.00520892
