NTS LL(mkm)  STRESS(GPa)   VEL(m / s)  DENS(kg/m3)  ENERGY(J) 
0 843.749 11.8284 400 9635.23 -77625.6
1 1020.04 11.8284 399.961 9635.23 -77750.4
2 1196.33 11.8282 399.921 9635.22 -77797.6
3 1372.62 11.8281 399.882 9635.21 -77816.4
4 1548.91 11.8278 399.842 9635.2 -77813.2
5 1725.2 11.8275 399.802 9635.18 -77828.8
6 1901.49 11.827 399.762 9635.15 -77821.4
7 2077.79 11.8265 399.721 9635.12 -77824.8
8 2254.08 11.8258 399.68 9635.08 -77827.2
9 2430.37 11.825 399.636 9635.04 -77815.4
10 2606.67 11.824 399.59 9634.98 -77809.1
11 2782.96 11.8225 399.536 9634.89 -77804.5
12 2959.26 11.8202 399.473 9634.75 -77792.2
13 3135.56 11.8157 399.395 9634.49 -77757.5
14 3311.86 11.8059 399.298 9633.93 -77682.9
15 3488.18 11.7843 399.153 9632.67 -77523.9
16 3664.51 11.7375 398.834 9629.96 -77182.3
17 3840.9 11.6383 397.974 9624.21 -76462.7
18 4017.39 11.4274 395.776 9612.03 -74942.6
19 4194.11 10.9592 390.954 9585.17 -71683.7
20 4371.32 9.86593 382.427 9523.31 -64628.9
21 4549.68 7.19256 370.712 9377.07 -50667.2
22 4730.83 7.11355 347.156 9372.86 -50320.8
23 4912.05 10.5761 327.11 9360.38 -49049
24 5093.52 10.5781 340.247 9360.53 -49066.8
25 5274.98 10.5073 339.301 9355.96 -48516.8
26 5456.54 10.4107 337.693 9349.69 -47767.3
27 5638.21 10.2808 335.477 9341.27 -46770.2
28 5820.05 10.1077 332.471 9330.16 -45470.6
29 6002.1 9.88399 328.461 9315.75 -43815.2
30 6184.44 9.59715 323.207 9297.36 -41747.1
31 6367.14 9.23487 316.428 9274.18 -39216
32 6550.29 8.78015 307.793 9245.31 -36185.1
33 6734.02 8.21688 296.92 9209.75 -32637.1
34 6918.45 7.52302 283.372 9166.36 -28594.5
35 7103.76 6.67646 266.651 9113.89 -24137.2
36 7290.13 5.64758 246.153 9050.92 -19437.5
37 7477.81 4.40567 221.084 8976.02 -14809.6
38 7667.04 3.42769 190.482 8891.86 -10798.4
39 7858.07 2.93507 159.952 8818.46 -7822.78
40 8050.69 2.51071 133.892 8756.76 -5648.22
41 8244.67 2.14432 111.648 8704.59 -4056.11
42 8439.8 1.82836 92.6002 8660.42 -2893.12
43 8635.94 1.43224 75.9266 8622.26 -2046.37
44 8832.94 2.24509 58.8473 8591.51 -1517.52
45 9030.65 2.19611 55.8678 8589.32 -1451.73
46 9228.4 2.14563 54.3783 8587.08 -1385.56
47 9426.21 2.08766 53.2085 8584.49 -1311.43
48 9624.08 2.02024 51.9013 8581.49 -1227.74
49 9822.02 1.94375 50.3573 8578.09 -1136.24
50 10020 1.85912 48.5828 8574.33 -1039.09
51 10218.1 1.76718 46.5976 8570.25 -938.544
52 10416.3 1.66904 44.4228 8565.91 -836.893
53 10614.6 1.566 42.0827 8561.35 -736.426
54 10813 1.45931 39.6061 8556.64 -639.276
55 11011.5 1.3506 37.0255 8551.85 -547.299
56 11210.2 1.24113 34.3761 8547.04 -461.994
57 11408.9 1.13246 31.6934 8542.26 -384.453
58 11607.8 1.02584 29.0131 8537.59 -315.336
59 11806.7 0.922453 26.369 8533.06 -254.903
60 12005.8 0.823485 23.7923 8528.74 -203.054
61 12204.9 0.729726 21.3109 8524.65 -159.385
62 12404.2 0.641888 18.9483 8520.82 -123.273
63 12603.5 0.560451 16.7235 8517.27 -93.9403
64 12803 0.485659 14.651 8514.02 -70.534
65 13002.5 0.417835 12.7404 8511.07 -52.1814
66 13202 0.35675 10.997 8508.43 -38.0366
67 13401.7 0.302409 9.42207 8506.07 -27.3198
68 13601.4 0.254426 8.01307 8503.99 -19.3352
69 13801.1 0.21249 6.76461 8502.18 -13.4849
70 14000.9 0.176212 5.66872 8500.61 -9.26812
71 14200.7 0.145044 4.71568 8499.26 -6.27784
72 14400.6 0.118515 3.89413 8498.11 -4.19121
73 14600.5 0.0961557 3.19249 8497.15 -2.75801
74 14800.4 0.0774161 2.59828 8496.34 -1.78904
75 15000.3 0.0619034 2.09945 8495.67 -1.1441
76 15200.2 0.0491458 1.68422 8495.12 -0.721377
77 15400.2 0.0387501 1.34148 8494.67 -0.448471
78 15600.1 0.0304017 1.0609 8494.31 -0.274946
79 15800.1 0.0236282 0.833099 8494.02 -0.16624
80 16000.1 0.0182722 0.649629 8493.78 -0.0991427
81 16200.1 0.0140188 0.502897 8493.6 -0.0583239
82 16400 0.0106318 0.386618 8493.46 -0.0338558
83 16600 0.0080324 0.295186 8493.35 -0.019389
84 16800 0.00606315 0.223753 8493.26 -0.0109604
85 17000 0.00456651 0.168426 8493.19 -0.00611323
86 17200 0.00338494 0.125848 8493.14 -0.00336584
87 17400 0.00243968 0.0932932 8493.11 -0.00183071
88 17600 0.00180951 0.0686457 8493.08 -0.000983495
89 17800 0.00133688 0.0501098 8493.06 -0.000522014
90 18000 0.000943014 0.0362651 8493.04 -0.000273862
91 18200 0.000706697 0.0259656 8493.03 -0.0001421
92 18400 0.000470379 0.0184208 8493.02 -7.27369e-05
93 18600 0.000391606 0.0128787 8493.01 -3.67472e-05
94 18800 0.000234061 0.00872564 8493.01 -1.857e-05
95 19000 0.000155296 0.00591031 8493.01 -9.15541e-06
96 19200 0.000155296 0.00367945 8493 -4.65933e-06
97 19400 7.63863e-05 0.00232033 8493 -2.0747e-06
98 19600 7.63863e-05 0.00107973 8493 9.8005e-07
99 19800 7.63863e-05 0.000429466 8493 0.00520831
