NTS LL(mkm)  STRESS(GPa)   VEL(m / s)  DENS(kg/m3)  ENERGY(J) 
0 801.276 11.8243 400 9635 -77595.3
1 977.571 11.8242 399.957 9634.99 -77719.9
2 1153.87 11.8241 399.915 9634.98 -77766.9
3 1330.16 11.8239 399.871 9634.97 -77785.5
4 1506.46 11.8236 399.827 9634.95 -77781.9
5 1682.75 11.8232 399.782 9634.93 -77797.2
6 1859.05 11.8227 399.736 9634.9 -77789.3
7 2035.34 11.8221 399.69 9634.86 -77791.9
8 2211.64 11.8212 399.643 9634.81 -77792.9
9 2387.94 11.82 399.594 9634.75 -77778.5
10 2564.24 11.8183 399.541 9634.65 -77767.1
11 2740.54 11.8155 399.473 9634.49 -77752.9
12 2916.84 11.8105 399.377 9634.19 -77720.8
13 3093.15 11.8 399.237 9633.58 -77641.9
14 3269.47 11.7761 399.034 9632.2 -77463.6
15 3445.82 11.7215 398.694 9629.03 -77062.5
16 3622.22 11.5997 397.927 9621.99 -76177.9
17 3798.76 11.3352 395.884 9606.73 -74291
18 3975.57 10.765 390.628 9574.09 -70368.1
19 4152.99 9.49637 378.347 9502.68 -62423.9
20 4331.74 10.6344 351.5 9364.18 -49505.9
21 4513.13 10.65 344.371 9365.18 -49629.2
22 4694.5 10.5992 341.421 9361.88 -49229.5
23 4875.94 10.5359 339.868 9357.78 -48734.9
24 5057.46 10.4477 338.416 9352.06 -48049.5
25 5239.09 10.3256 336.441 9344.18 -47114
26 5420.87 10.1625 333.664 9333.64 -45875.1
27 5602.86 9.94749 329.885 9319.83 -44280.3
28 5785.11 9.67153 324.877 9302.07 -42270.6
29 5967.72 9.31903 318.361 9279.55 -39794.4
30 6150.77 8.87542 310.006 9251.36 -36808.6
31 6334.37 8.32397 299.43 9216.5 -33293.9
32 6518.67 7.64328 286.198 9173.85 -29269.3
33 6703.83 6.81053 269.805 9122.18 -24809.4
34 6890.03 5.79891 249.641 9060.14 -20080.7
35 7077.51 4.57846 224.948 8986.38 -15384.6
36 7266.53 3.49208 194.907 8901.62 -11225.1
37 7457.35 2.98783 163.637 8826.23 -8118.15
38 7649.8 2.55337 136.903 8762.92 -5851.5
39 7843.64 2.1792 114.077 8709.5 -4196.59
40 8038.67 1.8578 94.4757 8664.51 -2993.48
41 8234.71 1.48688 77.2237 8626.29 -2124.62
42 8431.62 2.26082 59.9345 8592.21 -1538.91
43 8629.31 2.19743 56.4198 8589.39 -1453.51
44 8827.07 2.1394 54.5243 8586.8 -1377.45
45 9024.88 2.07574 53.124 8583.96 -1296.35
46 9222.76 2.00262 51.6701 8580.71 -1206.28
47 9420.72 1.92004 49.9926 8577.04 -1108.51
48 9618.76 1.82892 48.0738 8572.99 -1005.49
49 9816.89 1.73057 45.9338 8568.63 -899.863
50 10015.1 1.62616 43.5998 8564.01 -794.228
51 10213.5 1.51715 41.1024 8559.2 -691.078
52 10411.9 1.40527 38.476 8554.26 -592.629
53 10610.5 1.292 35.7586 8549.27 -500.726
54 10809.2 1.17897 32.9894 8544.3 -416.764
55 11008 1.06768 30.208 8539.42 -341.647
56 11206.9 0.959534 27.4524 8534.68 -275.807
57 11405.9 0.855644 24.7581 8530.14 -219.247
58 11605 0.757113 22.157 8525.84 -171.603
59 11804.3 0.664812 19.676 8521.81 -132.242
60 12003.6 0.579144 17.3376 8518.09 -100.333
61 12203 0.500667 15.1584 8514.67 -74.9463
62 12402.5 0.42939 13.15 8511.58 -55.118
63 12602.1 0.365477 11.3191 8508.8 -39.9103
64 12801.7 0.308623 9.66741 8506.34 -28.4533
65 13001.4 0.258596 8.19277 8504.17 -19.9743
66 13201.1 0.215008 6.88933 8502.29 -13.8075
67 13400.9 0.177393 5.7487 8500.66 -9.3993
68 13600.7 0.14528 4.76003 8499.27 -6.3015
69 13800.6 0.118043 3.91123 8498.1 -4.16089
70 14000.4 0.0952109 3.18938 8497.11 -2.70635
71 14200.3 0.076235 2.58103 8496.29 -1.73401
72 14400.3 0.0605647 2.07294 8495.61 -1.09454
73 14600.2 0.047807 1.65244 8495.06 -0.680758
74 14800.2 0.0374112 1.30738 8494.61 -0.417209
75 15000.1 0.0290627 1.02667 8494.25 -0.251972
76 15200.1 0.0224467 0.800317 8493.97 -0.149992
77 15400.1 0.0171695 0.619203 8493.74 -0.0880314
78 15600.1 0.0130736 0.475646 8493.56 -0.0509248
79 15800 0.00984409 0.362638 8493.42 -0.0290502
80 16000 0.00740224 0.274457 8493.32 -0.0163408
81 16200 0.00551176 0.206181 8493.24 -0.00906752
82 16400 0.00409388 0.153732 8493.17 -0.0049639
83 16600 0.00299109 0.11375 8493.13 -0.00268142
84 16800 0.00220337 0.0835274 8493.09 -0.0014294
85 17000 0.00157319 0.0607961 8493.07 -0.00075273
86 17200 0.00117933 0.0439222 8493.05 -0.000391064
87 17400 0.000785469 0.0313624 8493.03 -0.00020101
88 17600 0.000549152 0.0221984 8493.02 -0.00010205
89 17800 0.000391606 0.0154811 8493.02 -5.12674e-05
90 18000 0.000312834 0.0106142 8493.01 -2.55588e-05
91 18200 0.000234061 0.00713265 8493.01 -1.26037e-05
92 18400 0.000155296 0.00459298 8493 -6.21245e-06
93 18600 7.63863e-05 0.00298402 8493 -2.91983e-06
94 18800 7.63863e-05 0.00153138 8493 -1.45666e-06
95 19000 7.63863e-05 0.000765524 8493 -7.24745e-07
96 19200 7.63863e-05 0.000379521 8493 -3.61823e-07
97 19400 7.63863e-05 0.000186557 8493 8.90649e-09
98 19600 7.63863e-05 8.84243e-05 8493 2.11515e-06
99 19800 7.63863e-05 3.52372e-05 8493 0.00520892
