NTS LL(mkm)  STRESS(GPa)   VEL(m / s)  DENS(kg/m3)  ENERGY(J) 
0 800.552 11.8242 400 9634.99 -77594.8
1 976.847 11.8242 399.957 9634.99 -77719.4
2 1153.14 11.824 399.915 9634.98 -77766.4
3 1329.44 11.8238 399.871 9634.97 -77784.9
4 1505.73 11.8235 399.827 9634.95 -77781.4
5 1682.03 11.8231 399.782 9634.93 -77796.6
6 1858.32 11.8226 399.736 9634.9 -77788.7
7 2034.62 11.822 399.689 9634.86 -77791.3
8 2210.92 11.8212 399.642 9634.81 -77792.3
9 2387.22 11.8199 399.593 9634.74 -77777.8
10 2563.52 11.8182 399.54 9634.64 -77766.3
11 2739.82 11.8154 399.473 9634.48 -77751.7
12 2916.12 11.8102 399.376 9634.18 -77719.1
13 3092.43 11.7996 399.232 9633.56 -77639.3
14 3268.75 11.7756 399.02 9632.17 -77459.3
15 3445.1 11.7202 398.672 9628.96 -77052.9
16 3621.5 11.5963 397.904 9621.78 -76152.7
17 3798.04 11.3263 395.875 9606.21 -74227.5
18 3974.86 10.7438 390.62 9572.89 -70226.8
19 4152.3 9.44959 378.242 9500.08 -62151.2
20 4331.1 10.6236 351.019 9363.52 -49426
21 4512.51 10.6453 344.031 9364.92 -49596.7
22 4693.89 10.5965 341.253 9361.74 -49212.5
23 4875.33 10.5333 339.796 9357.64 -48718.7
24 5056.85 10.4441 338.368 9351.88 -48027.5
25 5238.48 10.3217 336.381 9343.92 -47083.3
26 5420.27 10.1567 333.575 9333.28 -45834
27 5602.26 9.94083 329.761 9319.37 -44227
28 5784.53 9.66197 324.71 9301.47 -42203.2
29 5967.14 9.3063 318.142 9278.78 -39711.1
30 6150.2 8.86004 309.723 9250.39 -36708.3
31 6333.83 8.30486 299.068 9215.3 -33176.3
32 6518.15 7.61997 285.741 9172.38 -29135.6
33 6703.34 6.78171 269.238 9120.39 -24663
34 6889.58 5.7631 248.949 9057.98 -19928.3
35 7077.11 4.53548 224.104 8983.79 -15238.5
36 7266.18 3.47477 193.853 8898.99 -11109.3
37 7457.06 2.97272 162.712 8824.01 -8033.52
38 7649.55 2.54046 136.107 8761.06 -5789.77
39 7843.44 2.16792 113.403 8707.92 -4151.38
40 8038.5 1.84792 93.9316 8663.13 -2959.6
41 8234.57 1.46828 76.832 8624.92 -2097.49
42 8431.51 2.25475 59.5806 8591.94 -1530.64
43 8629.21 2.19424 56.2184 8589.24 -1449.19
44 8826.97 2.13698 54.4242 8586.69 -1374.3
45 9024.79 2.07317 53.0627 8583.85 -1293.14
46 9222.67 1.99966 51.6117 8580.57 -1202.7
47 9420.63 1.91661 49.9252 8576.88 -1104.58
48 9618.67 1.82517 47.9954 8572.82 -1001.32
49 9816.81 1.72643 45.8453 8568.45 -895.558
50 10015 1.6217 43.5023 8563.81 -789.902
51 10213.4 1.51254 40.9971 8558.99 -686.835
52 10411.9 1.40043 38.3644 8554.05 -588.565
53 10610.4 1.28707 35.6421 8549.06 -496.922
54 10809.1 1.17404 32.8699 8544.09 -413.279
55 11007.9 1.06282 30.0871 8539.21 -338.522
56 11206.8 0.954752 27.3319 8534.47 -273.063
57 11405.9 0.851016 24.6395 8529.94 -216.885
58 11605 0.752719 22.0418 8525.65 -169.612
59 11804.2 0.660652 19.5655 8521.63 -130.594
60 12003.6 0.575296 17.2328 8517.92 -98.996
61 12203 0.497053 15.0603 8514.52 -73.8819
62 12402.5 0.426167 13.0591 8511.44 -54.2862
63 12602 0.36249 11.2357 8508.68 -39.2721
64 12801.7 0.306027 9.59195 8506.23 -27.9723
65 13001.4 0.256314 8.12498 8504.07 -19.6183
66 13201.1 0.213041 6.82921 8502.2 -13.5486
67 13400.9 0.175661 5.69581 8500.58 -9.21425
68 13600.7 0.143784 4.71399 8499.21 -6.17149
69 13800.6 0.116783 3.87155 8498.04 -4.07108
70 14000.4 0.0941874 3.1555 8497.06 -2.64533
71 14200.3 0.0753688 2.55233 8496.25 -1.69325
72 14400.3 0.0598559 2.04891 8495.58 -1.06774
73 14600.2 0.047177 1.63243 8495.03 -0.663435
74 14800.2 0.0369387 1.29097 8494.59 -0.406171
75 15000.1 0.0286689 1.01319 8494.23 -0.245065
76 15200.1 0.0221316 0.789442 8493.95 -0.145731
77 15400.1 0.0169332 0.610466 8493.73 -0.0854451
78 15600 0.0128373 0.468678 8493.55 -0.0493798
79 15800 0.00968655 0.357171 8493.42 -0.0281387
80 16000 0.0072447 0.270161 8493.31 -0.0158116
81 16200 0.00543299 0.202847 8493.23 -0.00876469
82 16400 0.00401511 0.151163 8493.17 -0.00479299
83 16600 0.00291231 0.111773 8493.13 -0.00258669
84 16800 0.0021246 0.0820233 8493.09 -0.00137772
85 17000 0.00157319 0.0596855 8493.07 -0.000724661
86 17200 0.00110056 0.043049 8493.05 -0.000376481
87 17400 0.000785469 0.0307406 8493.03 -0.000193408
88 17600 0.000549152 0.0217384 8493.02 -9.81586e-05
89 17800 0.000391606 0.0151549 8493.02 -4.92632e-05
90 18000 0.000312834 0.0104168 8493.01 -2.44042e-05
91 18200 0.000234061 0.00697024 8493.01 -1.19698e-05
92 18400 0.000155296 0.00442493 8493 -5.95208e-06
93 18600 7.63863e-05 0.00288846 8493 -2.80313e-06
94 18800 7.63863e-05 0.00147315 8493 -1.3954e-06
95 19000 7.63863e-05 0.00073355 8493 -6.93974e-07
96 19200 7.63863e-05 0.000363408 8493 -3.46453e-07
97 19400 7.63863e-05 0.000178659 8493 1.67238e-08
98 19600 7.63863e-05 8.46804e-05 8493 2.11938e-06
99 19800 7.63863e-05 3.37415e-05 8493 0.00520892
