NTS LL(mkm)  STRESS(GPa)   VEL(m / s)  DENS(kg/m3)  ENERGY(J) 
0 802.483 11.8245 400 9635 -77596.2
1 978.777 11.8244 399.958 9635 -77720.8
2 1155.07 11.8242 399.915 9634.99 -77767.9
3 1331.37 11.824 399.872 9634.98 -77786.4
4 1507.66 11.8237 399.828 9634.96 -77782.9
5 1683.96 11.8233 399.783 9634.94 -77798.1
6 1860.25 11.8228 399.737 9634.91 -77790.3
7 2036.55 11.8222 399.691 9634.87 -77792.9
8 2212.85 11.8214 399.644 9634.82 -77793.9
9 2389.15 11.8202 399.596 9634.76 -77779.6
10 2565.44 11.8185 399.542 9634.66 -77768.6
11 2741.75 11.8158 399.474 9634.5 -77754.9
12 2918.05 11.8109 399.38 9634.22 -77723.7
13 3094.36 11.8005 399.247 9633.62 -77646.1
14 3270.68 11.7771 399.057 9632.25 -77470.6
15 3447.02 11.7237 398.728 9629.16 -77078.5
16 3623.43 11.6056 397.957 9622.32 -76220.2
17 3799.95 11.3502 395.89 9607.59 -74396.8
18 3976.75 10.7999 390.632 9576.08 -70601.6
19 4154.13 9.57278 378.515 9506.94 -62872.9
20 4332.8 10.6513 352.291 9365.31 -49642.7
21 4514.17 10.6574 344.945 9365.67 -49687.6
22 4695.54 10.6025 341.72 9362.14 -49260.3
23 4876.97 10.5392 340.002 9358.01 -48762.5
24 5058.48 10.4523 338.501 9352.37 -48086
25 5240.1 10.3325 336.543 9344.61 -47164.6
26 5421.88 10.1714 333.81 9334.22 -45942.8
27 5603.85 9.95925 330.088 9320.6 -44368.2
28 5786.09 9.6869 325.151 9303.06 -42381.8
29 5968.68 9.33894 318.722 9280.82 -39931.9
30 6151.7 8.90075 310.474 9252.96 -36974.5
31 6335.28 8.35557 300.028 9218.49 -33488.7
32 6519.54 7.68255 286.951 9176.29 -29491
33 6704.64 6.85883 270.74 9125.15 -25052.7
34 6890.79 5.85804 250.786 9063.73 -20334.8
35 7078.19 4.64976 226.348 8990.66 -15629
36 7267.12 3.52128 196.659 8906.04 -11420.3
37 7457.85 3.013 165.184 8829.94 -8261.05
38 7650.22 2.57523 138.235 8766.05 -5955.84
39 7843.99 2.198 115.204 8712.16 -4273.15
40 8038.96 1.87447 95.3817 8666.83 -3051.03
41 8234.94 1.51797 77.878 8628.58 -2170.74
42 8431.8 2.27149 60.532 8592.69 -1553.55
43 8629.48 2.20327 56.7716 8589.65 -1461.24
44 8827.23 2.14361 54.705 8586.99 -1382.91
45 9025.04 2.08002 53.2329 8584.15 -1301.73
46 9222.92 2.00753 51.7688 8580.92 -1212.23
47 9420.87 1.92566 50.1045 8577.28 -1115.03
48 9618.9 1.83524 48.2034 8573.27 -1012.43
49 9817.03 1.73736 46.0804 8568.93 -907.024
50 10015.3 1.63342 43.7615 8564.33 -801.435
51 10213.6 1.52489 41.2771 8559.54 -698.154
52 10412 1.41325 38.6614 8554.61 -599.416
53 10610.6 1.30014 35.952 8549.63 -507.09
54 10809.3 1.18719 33.1882 8544.67 -422.601
55 11008.1 1.07582 30.4092 8539.78 -346.888
56 11207 0.96745 27.6533 8535.03 -280.416
57 11406 0.86333 24.9559 8530.48 -223.218
58 11605.1 0.764489 22.3492 8526.16 -174.958
59 11804.3 0.671721 19.8606 8522.12 -135.02
60 12003.6 0.585663 17.5126 8518.37 -102.59
61 12203 0.506639 15.3225 8514.93 -76.7458
62 12402.5 0.434813 13.3022 8511.81 -56.5262
63 12602.1 0.370352 11.4586 8509.02 -40.9922
64 12801.7 0.313027 9.79406 8506.53 -29.2696
65 13001.4 0.26245 8.30638 8504.34 -20.5795
66 13201.1 0.21847 6.99037 8502.43 -14.2482
67 13400.9 0.180383 5.83759 8500.79 -9.7147
68 13600.7 0.147799 4.83741 8499.38 -6.52341
69 13800.6 0.120247 3.97804 8498.19 -4.31437
70 14000.5 0.0970218 3.24645 8497.19 -2.81076
71 14200.4 0.0777311 2.62934 8496.35 -1.80388
72 14400.3 0.0618246 2.11353 8495.67 -1.14052
73 14600.2 0.0488308 1.68616 8495.1 -0.710537
74 14800.2 0.0382776 1.3352 8494.65 -0.436186
75 15000.1 0.0297716 1.04939 8494.28 -0.263875
76 15200.1 0.022998 0.818716 8493.99 -0.157345
77 15400.1 0.017642 0.633995 8493.76 -0.0925007
78 15600.1 0.0133887 0.487384 8493.58 -0.0536049
79 15800 0.0101592 0.371964 8493.44 -0.03063
80 16000 0.00763855 0.281724 8493.33 -0.0172601
81 16200 0.0056693 0.211867 8493.24 -0.00959343
82 16400 0.00417266 0.158107 8493.18 -0.00526056
83 16600 0.00306986 0.117086 8493.13 -0.00284669
84 16800 0.00228214 0.0860657 8493.1 -0.00152015
85 17000 0.00165196 0.0627233 8493.07 -0.000801659
86 17200 0.00117933 0.0453141 8493.05 -0.000417643
87 17400 0.000864242 0.0324309 8493.04 -0.00021506
88 17600 0.000627924 0.0229775 8493.02 -0.000109433
89 17800 0.000391606 0.0161296 8493.02 -5.47514e-05
90 18000 0.000312834 0.0109643 8493.01 -2.7512e-05
91 18200 0.000234061 0.00741061 8493.01 -1.36609e-05
92 18400 0.000155296 0.00486015 8493 -6.67073e-06
93 18600 7.63863e-05 0.00314884 8493 -3.1213e-06
94 18800 7.63863e-05 0.00163072 8493 -1.56354e-06
95 19000 7.63863e-05 0.000820781 8493 -7.7893e-07
96 19200 7.63863e-05 0.000407826 8493 -3.88965e-07
97 19400 7.63863e-05 0.000200505 8493 -4.89783e-09
98 19600 7.63863e-05 9.50362e-05 8493 2.10767e-06
99 19800 7.63863e-05 3.78771e-05 8493 0.00520892
