NTS LL(mkm)  STRESS(GPa)   VEL(m / s)  DENS(kg/m3)  ENERGY(J) 
0 39.81 7.83444 400 9185.79 -30141.7
1 224.726 4.25389 335.443 8966.95 -14249.6
2 414.155 2.65747 243.272 8777.94 -6334.56
3 607.663 1.76599 161.801 8651.8 -2685.17
4 803.992 1.93954 98.3778 8577.9 -1121.84
5 1002.01 1.05937 61.4742 8539.06 -333.101
6 1200.93 0.525258 34.7707 8515.74 -81.5685
7 1400.4 0.237511 17.7713 8503.26 -16.6235
8 1600.16 0.0985177 8.24654 8497.25 -2.85227
9 1800.06 0.0377263 3.49699 8494.63 -0.416628
10 2000.02 0.0133887 1.36322 8493.58 -0.0523833
11 2200.01 0.00440897 0.491001 8493.19 -0.00573793
12 2400 0.00141565 0.164019 8493.06 -0.00055987
13 2600 0.000391606 0.0509085 8493.02 -5.24273e-05
14 2800 0.000155296 0.014627 8493 -5.82596e-06
15 3000 7.63863e-05 0.00378737 8493 -1.10473e-06
16 3200 7.63863e-05 0.000874497 8493 -2.43431e-07
17 3400 7.63863e-05 0.000194626 8493 -5.13305e-08
18 3600 7.63863e-05 4.14072e-05 8493 -1.03469e-08
19 3800 7.63863e-05 8.41265e-06 8493 -1.99554e-09
20 4000 7.63863e-05 1.63392e-06 8493 -3.68445e-10
21 4200 7.63863e-05 3.03619e-07 8493 -6.50992e-11
22 4400 7.63863e-05 5.40158e-08 8493 -1.11937e-11
23 4600 7.63863e-05 9.20681e-09 8493 -1.75486e-12
24 4800 7.63863e-05 1.50456e-09 8493 -2.33082e-13
25 5000 7.63863e-05 2.3591e-10 8493 0
26 5200 7.63863e-05 3.55176e-11 8493 0
27 5400 7.63863e-05 5.13838e-12 8493 0
28 5600 7.63863e-05 7.14843e-13 8493 0
29 5800 7.63863e-05 9.56991e-14 8493 0
30 6000 7.63863e-05 1.23373e-14 8493 0
31 6200 7.63863e-05 1.53263e-15 8493 0
32 6400 7.63863e-05 1.83585e-16 8493 0
33 6600 7.63863e-05 2.12194e-17 8493 0
34 6800 7.63863e-05 2.36237e-18 8493 0
35 7000 7.63863e-05 2.54236e-19 8493 0
36 7200 7.63863e-05 2.64761e-20 8493 0
37 7400 7.63863e-05 0 8493 0
38 7600 7.63863e-05 0 8493 0
39 7800 7.63863e-05 0 8493 0
40 8000 7.63863e-05 0 8493 0
41 8200 7.63863e-05 0 8493 0
42 8400 7.63863e-05 0 8493 0
43 8600 7.63863e-05 0 8493 0
44 8800 7.63863e-05 0 8493 0
45 9000 7.63863e-05 0 8493 0
46 9200 7.63863e-05 0 8493 0
47 9400 7.63863e-05 0 8493 0
48 9600 7.63863e-05 0 8493 0
49 9800 7.63863e-05 0 8493 0
50 10000 7.63863e-05 0 8493 0
51 10200 7.63863e-05 0 8493 0
52 10400 7.63863e-05 0 8493 0
53 10600 7.63863e-05 0 8493 0
54 10800 7.63863e-05 0 8493 0
55 11000 7.63863e-05 0 8493 0
56 11200 7.63863e-05 0 8493 0
57 11400 7.63863e-05 0 8493 0
58 11600 7.63863e-05 0 8493 0
59 11800 7.63863e-05 0 8493 0
60 12000 7.63863e-05 0 8493 0
61 12200 7.63863e-05 0 8493 0
62 12400 7.63863e-05 0 8493 0
63 12600 7.63863e-05 0 8493 0
64 12800 7.63863e-05 0 8493 0
65 13000 7.63863e-05 0 8493 0
66 13200 7.63863e-05 0 8493 0
67 13400 7.63863e-05 0 8493 0
68 13600 7.63863e-05 0 8493 0
69 13800 7.63863e-05 0 8493 0
70 14000 7.63863e-05 0 8493 0
71 14200 7.63863e-05 0 8493 0
72 14400 7.63863e-05 0 8493 0
73 14600 7.63863e-05 0 8493 0
74 14800 7.63863e-05 0 8493 0
75 15000 7.63863e-05 0 8493 0
76 15200 7.63863e-05 0 8493 0
77 15400 7.63863e-05 0 8493 0
78 15600 7.63863e-05 0 8493 0
79 15800 7.63863e-05 0 8493 0
80 16000 7.63863e-05 0 8493 0
81 16200 7.63863e-05 0 8493 0
82 16400 7.63863e-05 0 8493 0
83 16600 7.63863e-05 0 8493 0
84 16800 7.63863e-05 0 8493 0
85 17000 7.63863e-05 0 8493 0
86 17200 7.63863e-05 0 8493 0
87 17400 7.63863e-05 0 8493 0
88 17600 7.63863e-05 0 8493 0
89 17800 7.63863e-05 0 8493 0
90 18000 7.63863e-05 0 8493 0
91 18200 7.63863e-05 0 8493 0
92 18400 7.63863e-05 0 8493 0
93 18600 7.63863e-05 0 8493 0
94 18800 7.63863e-05 0 8493 0
95 19000 7.63863e-05 0 8493 0
96 19200 7.63863e-05 0 8493 0
97 19400 7.63863e-05 0 8493 1.29545e-07
98 19600 7.63863e-05 2.49318e-05 8493 2.23757e-06
99 19800 7.63863e-05 1.6634e-05 8493 0.00520669
