NTS LL(mkm)  STRESS(GPa)   VEL(m / s)  DENS(kg/m3)  ENERGY(J) 
0 843.025 11.8284 400 9635.23 -77625.1
1 1019.32 11.8283 399.961 9635.23 -77749.9
2 1195.61 11.8282 399.921 9635.22 -77797.1
3 1371.9 11.828 399.881 9635.21 -77815.9
4 1548.19 11.8277 399.842 9635.19 -77812.7
5 1724.48 11.8274 399.802 9635.17 -77828.3
6 1900.77 11.827 399.762 9635.15 -77820.9
7 2077.06 11.8264 399.721 9635.12 -77824.3
8 2253.36 11.8257 399.679 9635.08 -77826.6
9 2429.65 11.8249 399.636 9635.03 -77814.9
10 2605.94 11.8239 399.589 9634.97 -77808.5
11 2782.24 11.8224 399.536 9634.88 -77803.7
12 2958.54 11.82 399.471 9634.75 -77791.2
13 3134.83 11.8155 399.392 9634.48 -77756.2
14 3311.14 11.8056 399.292 9633.91 -77681
15 3487.45 11.7837 399.145 9632.64 -77519.9
16 3663.79 11.7361 398.829 9629.88 -77171.6
17 3840.18 11.6345 397.982 9624 -76435.4
18 4016.68 11.419 395.782 9611.55 -74882.9
19 4193.4 10.944 390.799 9584.3 -71580
20 4370.63 9.8448 381.553 9522.13 -64500.2
21 4549.01 7.15256 368.714 9374.94 -50493.1
22 4730.2 7.08059 346.718 9371.1 -50178.9
23 4911.46 10.5929 329.263 9361.51 -49185.8
24 5092.9 10.5763 340.323 9360.44 -49055.5
25 5274.37 10.5054 339.278 9355.81 -48498.7
26 5455.92 10.4079 337.64 9349.48 -47742.6
27 5637.6 10.2765 335.406 9340.99 -46737.1
28 5819.45 10.1027 332.373 9329.78 -45427.2
29 6001.51 9.87633 328.328 9315.26 -43759.7
30 6183.85 9.58786 323.031 9296.73 -41677.6
31 6366.56 9.22204 316.199 9273.38 -39130.8
32 6549.73 8.76444 307.499 9244.32 -36083.1
33 6733.48 8.19722 296.547 9208.52 -32518.3
34 6917.94 7.49934 282.903 9164.86 -28460.3
35 7103.28 6.6469 266.069 9112.07 -23991.3
36 7289.69 5.61127 245.444 9048.73 -19286.9
37 7477.41 4.36154 220.232 8973.39 -14666.5
38 7666.7 3.41065 189.434 8889.29 -10687.6
39 7857.78 2.92038 159.047 8816.31 -7741.75
40 8050.45 2.49813 133.115 8754.95 -5589.06
41 8244.46 2.13353 110.984 8703.06 -4012.87
42 8439.64 1.81881 92.0591 8659.09 -2860.9
43 8635.8 1.4139 75.5391 8620.91 -2020.56
44 8832.83 2.24003 58.5073 8591.28 -1510.6
45 9030.55 2.19354 55.6935 8589.21 -1448.36
46 9228.3 2.14361 54.3014 8586.98 -1382.92
47 9426.12 2.0854 53.1602 8584.39 -1308.52
48 9623.99 2.01751 51.8498 8581.37 -1224.41
49 9821.93 1.94063 50.2953 8577.95 -1132.56
50 10019.9 1.85561 48.5103 8574.18 -1035.16
51 10218.1 1.76336 46.5156 8570.08 -934.447
52 10416.3 1.6649 44.3321 8565.73 -832.731
53 10614.6 1.56162 41.9843 8561.16 -732.295
54 10813 1.45477 39.5012 8556.44 -635.268
55 11011.5 1.34591 36.9154 8551.64 -543.493
56 11210.1 1.23635 34.2621 8546.83 -458.454
57 11408.8 1.12768 31.5773 8542.05 -381.228
58 11607.7 1.02114 28.8964 8537.38 -312.455
59 11806.7 0.917906 26.2531 8532.86 -252.38
60 12005.7 0.819093 23.6788 8528.55 -200.886
61 12204.9 0.725566 21.2009 8524.46 -157.557
62 12404.2 0.637883 18.8429 8520.64 -121.759
63 12603.5 0.556759 16.6238 8517.11 -92.71
64 12802.9 0.482281 14.5576 8513.87 -69.5516
65 13002.4 0.414691 12.6539 8510.94 -51.4107
66 13202 0.353998 10.9177 8508.31 -37.4424
67 13401.7 0.299892 9.35014 8505.96 -26.8694
68 13601.4 0.252223 7.94841 8503.9 -18.9996
69 13801.1 0.210523 6.70705 8502.09 -13.239
70 14000.9 0.174481 5.61795 8500.53 -9.09098
71 14200.7 0.143548 4.67139 8499.2 -6.15222
72 14400.6 0.117255 3.85581 8498.06 -4.10357
73 14600.5 0.0950534 3.15959 8497.1 -2.69784
74 14800.4 0.0765499 2.57034 8496.3 -1.74838
75 15000.3 0.0611946 2.07589 8495.64 -1.11705
76 15200.2 0.0485945 1.66455 8495.09 -0.70365
77 15400.2 0.0382776 1.32516 8494.65 -0.43704
78 15600.1 0.0299291 1.04751 8494.29 -0.267682
79 15800.1 0.0233131 0.822184 8494 -0.161693
80 16000.1 0.0179571 0.64079 8493.77 -0.0963401
81 16200.1 0.0137825 0.495861 8493.59 -0.0566168
82 16400 0.0104742 0.380975 8493.45 -0.0328342
83 16600 0.00795363 0.29074 8493.34 -0.0187859
84 16800 0.00598438 0.220288 8493.26 -0.0106084
85 17000 0.00448774 0.165717 8493.19 -0.00591111
86 17200 0.00330617 0.123735 8493.14 -0.00325207
87 17400 0.00243968 0.0916984 8493.1 -0.00176716
88 17600 0.00180951 0.0674569 8493.08 -0.000948036
89 17800 0.00133688 0.0492107 8493.05 -0.000502416
90 18000 0.000943014 0.0355372 8493.04 -0.000263637
91 18200 0.000706697 0.0254889 8493.03 -0.000136439
92 18400 0.000470379 0.017992 8493.02 -6.99949e-05
93 18600 0.000312834 0.012595 8493.01 -3.53773e-05
94 18800 0.000234061 0.00852835 8493.01 -1.78758e-05
95 19000 0.000155296 0.00577627 8493.01 -8.79149e-06
96 19200 0.000155296 0.00360991 8493 -4.43222e-06
97 19400 7.63863e-05 0.00222179 8493 -1.97566e-06
98 19600 7.63863e-05 0.00103005 8493 1.03169e-06
99 19800 7.63863e-05 0.000411294 8493 0.00520834
