NTS LL(mkm)  STRESS(GPa)   VEL(m / s)  DENS(kg/m3)  ENERGY(J) 
0 841.095 11.8282 400 9635.22 -77623.8
1 1017.39 11.8281 399.96 9635.22 -77748.5
2 1193.68 11.828 399.921 9635.21 -77795.8
3 1369.97 11.8278 399.881 9635.2 -77814.5
4 1546.26 11.8276 399.841 9635.18 -77811.3
5 1722.55 11.8272 399.801 9635.16 -77826.9
6 1898.84 11.8268 399.76 9635.14 -77819.5
7 2075.13 11.8263 399.719 9635.11 -77822.9
8 2251.43 11.8256 399.677 9635.07 -77825.2
9 2427.72 11.8248 399.634 9635.02 -77813.3
10 2604.01 11.8236 399.588 9634.96 -77806.7
11 2780.31 11.8221 399.534 9634.87 -77801.5
12 2956.61 11.8196 399.468 9634.73 -77788.5
13 3132.91 11.815 399.384 9634.45 -77752.7
14 3309.21 11.805 399.275 9633.87 -77675.9
15 3485.53 11.7824 399.118 9632.56 -77509.4
16 3661.87 11.7323 398.807 9629.66 -77144
17 3838.26 11.6245 397.995 9623.42 -76363.1
18 4014.77 11.3956 395.825 9610.2 -74716.7
19 4191.52 10.8975 390.591 9581.64 -71264.2
20 4368.79 9.77585 379.537 9518.27 -64082.9
21 4547.25 7.06104 361.922 9370.05 -50098.5
22 4728.53 7.01852 345.065 9367.79 -49913.3
23 4909.85 10.6232 336.5 9363.44 -49418.4
24 5091.26 10.5722 340.487 9360.15 -49020.3
25 5272.73 10.499 339.181 9355.39 -48448.9
26 5454.3 10.3992 337.494 9348.92 -47675.8
27 5635.98 10.2639 335.213 9340.23 -46647.6
28 5817.84 10.087 332.107 9328.77 -45309.9
29 5999.92 9.85636 327.969 9313.94 -43609.5
30 6182.3 9.56078 322.554 9295.03 -41489.8
31 6365.04 9.18877 315.579 9271.23 -38901
32 6548.25 8.72219 306.705 9241.63 -35808.4
33 6732.05 8.14422 295.539 9205.21 -32198.7
34 6916.58 7.43413 281.636 9160.81 -28100.1
35 7102 6.56707 264.495 9107.17 -23601.2
36 7288.51 5.514 243.527 9042.82 -18885.8
37 7476.35 4.24263 217.941 8966.29 -14287.5
38 7665.79 3.36543 186.638 8882.52 -10397.2
39 7857.02 2.88145 156.652 8810.62 -7529.56
40 8049.81 2.46482 131.061 8750.17 -5434.17
41 8243.93 2.10482 109.219 8699.02 -3899.97
42 8439.2 1.79363 90.6086 8655.62 -2777.24
43 8635.44 1.36535 74.5029 8617.33 -1953.74
44 8832.55 2.22788 57.6211 8590.74 -1494.21
45 9030.28 2.18762 55.2738 8588.95 -1440.48
46 9228.04 2.13839 54.1279 8586.75 -1376.16
47 9425.86 2.07917 53.0417 8584.11 -1300.72
48 9623.74 2.01011 51.7127 8581.04 -1215.43
49 9821.68 1.93221 50.1276 8577.58 -1122.66
50 10019.7 1.84616 48.3147 8573.76 -1024.6
51 10217.8 1.75298 46.2949 8569.63 -923.485
52 10416 1.65381 44.0885 8565.23 -821.618
53 10614.4 1.54982 41.7202 8560.64 -721.286
54 10812.8 1.44257 39.2199 8555.9 -624.602
55 11011.3 1.33331 36.6204 8551.09 -533.38
56 11209.9 1.22367 33.9575 8546.27 -449.067
57 11408.7 1.11499 31.2671 8541.5 -372.689
58 11607.6 1.0086 28.5847 8536.83 -304.843
59 11806.5 0.905753 25.9441 8532.33 -245.724
60 12005.6 0.807404 23.3762 8528.03 -195.177
61 12204.8 0.714421 20.9082 8523.98 -152.751
62 12404.1 0.62744 18.563 8520.19 -117.787
63 12603.4 0.547019 16.3591 8516.69 -89.4869
64 12802.9 0.473322 14.31 8513.48 -66.9826
65 13002.4 0.406516 12.4248 8510.59 -49.3987
66 13202 0.346606 10.7078 8507.98 -35.894
67 13401.6 0.293286 9.1598 8505.68 -25.698
68 13601.3 0.246323 7.77757 8503.64 -18.1283
69 13801.1 0.205408 6.55515 8501.87 -12.6017
70 14000.9 0.170073 5.48416 8500.34 -8.63254
71 14200.7 0.139691 4.55468 8499.03 -5.82768
72 14400.6 0.113949 3.75484 8497.92 -3.87761
73 14600.4 0.0922977 3.07309 8496.98 -2.543
74 14800.3 0.0741877 2.49689 8496.2 -1.64392
75 15000.3 0.0592259 2.01411 8495.56 -1.04766
76 15200.2 0.0469407 1.61288 8495.03 -0.658298
77 15400.2 0.0369387 1.28253 8494.59 -0.407812
78 15600.1 0.0289052 1.01241 8494.25 -0.249152
79 15800.1 0.0224467 0.793639 8493.97 -0.150115
80 16000.1 0.017327 0.617782 8493.74 -0.0892045
81 16200.1 0.0132311 0.47736 8493.57 -0.0522907
82 16400 0.0100804 0.366324 8493.43 -0.0302458
83 16600 0.00763855 0.279143 8493.33 -0.0172613
84 16800 0.00574807 0.211245 8493.24 -0.00972154
85 17000 0.00425143 0.158667 8493.18 -0.00540324
86 17200 0.00314863 0.118311 8493.13 -0.00296513
87 17400 0.00236091 0.0875828 8493.1 -0.00160643
88 17600 0.00173074 0.0642961 8493.07 -0.000859622
89 17800 0.0012581 0.0467953 8493.05 -0.000454862
90 18000 0.000864242 0.0338074 8493.04 -0.000237717
91 18200 0.000627924 0.0241231 8493.03 -0.000122939
92 18400 0.000470379 0.0170158 8493.02 -6.29723e-05
93 18600 0.000312834 0.0118501 8493.01 -3.18625e-05
94 18800 0.000234061 0.008013 8493.01 -1.60974e-05
95 19000 0.000155296 0.00541048 8493.01 -7.88321e-06
96 19200 0.000155296 0.00347986 8493 -3.78645e-06
97 19400 7.63863e-05 0.00191023 8493 -1.73587e-06
98 19600 7.63863e-05 0.000911589 8493 1.15743e-06
99 19800 7.63863e-05 0.000368292 8493 0.00520842
