NTS LL(mkm)  STRESS(GPa)   VEL(m / s)  DENS(kg/m3)  ENERGY(J) 
0 842.543 11.8283 400 9635.23 -77624.8
1 1018.83 11.8282 399.96 9635.22 -77749.5
2 1195.12 11.8282 399.921 9635.22 -77796.8
3 1371.41 11.8279 399.881 9635.21 -77815.5
4 1547.71 11.8277 399.842 9635.19 -77812.3
5 1724 11.8273 399.802 9635.17 -77827.9
6 1900.29 11.827 399.761 9635.15 -77820.5
7 2076.58 11.8263 399.72 9635.12 -77823.9
8 2252.87 11.8257 399.679 9635.08 -77826.2
9 2429.17 11.8249 399.635 9635.03 -77814.5
10 2605.46 11.8238 399.589 9634.97 -77808
11 2781.76 11.8224 399.535 9634.88 -77803.2
12 2958.05 11.8199 399.47 9634.74 -77790.6
13 3134.35 11.8154 399.39 9634.48 -77755.4
14 3310.66 11.8055 399.288 9633.9 -77679.8
15 3486.97 11.7834 399.139 9632.62 -77517.3
16 3663.31 11.7351 398.825 9629.82 -77164.6
17 3839.7 11.632 397.987 9623.85 -76417.3
18 4016.2 11.4133 395.79 9611.22 -74842.2
19 4192.93 10.9331 390.719 9583.68 -71506.3
20 4370.17 9.82948 380.994 9521.27 -64407.4
21 4548.57 7.12751 367.232 9373.6 -50384.5
22 4729.78 7.06135 346.377 9370.07 -50096.1
23 4911.06 10.6028 330.858 9362.16 -49263.3
24 5092.49 10.5759 340.368 9360.37 -49047.4
25 5273.96 10.5034 339.259 9355.7 -48486.4
26 5455.52 10.4057 337.605 9349.34 -47726
27 5637.2 10.2732 335.358 9340.8 -46714.9
28 5819.05 10.0989 332.307 9329.53 -45398.1
29 6001.11 9.87207 328.239 9314.94 -43722.4
30 6183.46 9.58151 322.913 9296.31 -41631
31 6366.18 9.21368 316.046 9272.85 -39073.7
32 6549.36 8.75417 307.302 9243.65 -36014.8
33 6733.12 8.18385 296.297 9207.7 -32438.7
34 6917.6 7.4832 282.589 9163.86 -28370.5
35 7102.96 6.62718 265.678 9110.85 -23894
36 7289.39 5.58712 244.969 9047.26 -19186.5
37 7477.14 4.33188 219.663 8971.62 -14571.3
38 7666.47 3.3993 188.734 8887.59 -10614.2
39 7857.59 2.91072 158.445 8814.88 -7688.17
40 8050.29 2.48978 132.599 8753.75 -5549.95
41 8244.33 2.12623 110.542 8702.04 -3984.32
42 8439.53 1.81245 91.6977 8658.22 -2839.68
43 8635.71 1.40175 75.2806 8620.01 -2003.58
44 8832.76 2.23676 58.2828 8591.14 -1506.22
45 9030.48 2.19198 55.5822 8589.14 -1446.24
46 9228.24 2.14228 54.2537 8586.93 -1381.19
47 9426.05 2.08384 53.1293 8584.32 -1306.57
48 9623.92 2.01564 51.8156 8581.29 -1222.18
49 9821.87 1.93853 50.2537 8577.86 -1130.1
50 10019.9 1.85326 48.4617 8574.07 -1032.52
51 10218 1.76078 46.4607 8569.97 -931.711
52 10416.2 1.66217 44.2715 8565.6 -829.955
53 10614.5 1.55865 41.9185 8561.03 -729.542
54 10812.9 1.45172 39.431 8556.31 -632.598
55 11011.4 1.34278 36.8419 8551.51 -540.959
56 11210.1 1.23322 34.1861 8546.69 -456.1
57 11408.8 1.12455 31.4998 8541.91 -379.084
58 11607.7 1.018 28.8185 8537.24 -310.543
59 11806.6 0.914848 26.1758 8532.73 -250.706
60 12005.7 0.81619 23.6031 8528.42 -199.449
61 12204.9 0.722741 21.1277 8524.34 -156.346
62 12404.1 0.635292 18.7728 8520.53 -120.757
63 12603.5 0.554324 16.5574 8517 -91.8964
64 12802.9 0.480002 14.4955 8513.78 -68.9025
65 13002.4 0.412647 12.5964 8510.85 -50.9018
66 13202 0.352111 10.8651 8508.22 -37.0504
67 13401.7 0.298241 9.30234 8505.89 -26.5726
68 13601.4 0.250729 7.90547 8503.83 -18.7786
69 13801.1 0.209264 6.66888 8502.04 -13.0772
70 14000.9 0.173379 5.58429 8500.49 -8.97448
71 14200.7 0.142603 4.64203 8499.15 -6.06967
72 14400.6 0.116468 3.83041 8498.02 -4.04602
73 14600.4 0.0943448 3.13777 8497.07 -2.65838
74 14800.4 0.0759987 2.55185 8496.28 -1.72172
75 15000.3 0.0607221 2.06031 8495.62 -1.09932
76 15200.2 0.0482008 1.65153 8495.08 -0.692049
77 15400.2 0.0379625 1.31437 8494.64 -0.429564
78 15600.1 0.0296928 1.03866 8494.28 -0.262934
79 15800.1 0.0230768 0.814953 8493.99 -0.158726
80 16000.1 0.0177996 0.634969 8493.77 -0.0945108
81 16200.1 0.013625 0.491186 8493.59 -0.0555064
82 16400 0.0103955 0.377283 8493.45 -0.0321681
83 16600 0.00787486 0.287795 8493.34 -0.0183936
84 16800 0.00590561 0.217987 8493.25 -0.0103806
85 17000 0.00440897 0.163939 8493.19 -0.00578027
86 17200 0.0032274 0.122359 8493.14 -0.00317809
87 17400 0.00243968 0.0906693 8493.1 -0.00172536
88 17600 0.00173074 0.0666414 8493.07 -0.000925191
89 17800 0.0012581 0.0485839 8493.05 -0.000490292
90 18000 0.000943014 0.0351101 8493.04 -0.000256945
91 18200 0.000706697 0.0251794 8493.03 -0.00013268
92 18400 0.000470379 0.0177004 8493.02 -6.82091e-05
93 18600 0.000312834 0.0124092 8493.01 -3.44798e-05
94 18800 0.000234061 0.00839789 8493.01 -1.74216e-05
95 19000 0.000155296 0.00568653 8493.01 -8.55515e-06
96 19200 0.000155296 0.0035687 8493 -4.27755e-06
97 19400 7.63863e-05 0.00215169 8493 -1.91201e-06
98 19600 7.63863e-05 0.000998036 8493 1.06471e-06
99 19800 7.63863e-05 0.000399825 8493 0.00520836
