NTS LL(mkm)  STRESS(GPa)   VEL(m / s)  DENS(kg/m3)  ENERGY(J) 
0 601.209 11.7971 400 9633.42 -77394.2
1 777.533 11.797 399.92 9633.41 -77518.4
2 953.857 11.7967 399.839 9633.39 -77564.3
3 1130.18 11.7962 399.758 9633.36 -77580.9
4 1306.51 11.7954 399.674 9633.32 -77573.8
5 1482.83 11.7939 399.588 9633.23 -77581
6 1659.16 11.7906 399.5 9633.04 -77552.3
7 1835.49 11.7828 399.408 9632.59 -77502.5
8 2011.83 11.7651 399.272 9631.56 -77379.1
9 2188.19 11.7262 398.954 9629.31 -77088
10 2364.58 11.6423 398.101 9624.45 -76477.1
11 2541.07 11.4567 396.09 9613.72 -75144.7
12 2717.76 11.0245 392.173 9588.9 -72123.7
13 2894.9 9.99246 385.503 9530.41 -65397.9
14 3073.13 7.54976 372.212 9396.21 -52258.8
15 3253.9 10.5338 333.978 9357.67 -48717.5
16 3435.42 10.5073 340.532 9355.96 -48511.9
17 3616.98 10.37 338.894 9347.07 -47451.9
18 3798.7 10.1824 335.757 9334.95 -46026.3
19 3980.66 9.9313 331.422 9318.75 -44154.2
20 4162.94 9.59858 325.617 9297.43 -41750.4
21 4345.64 9.16796 317.891 9269.92 -38757.5
22 4528.87 8.61938 307.769 9235.14 -35145.2
23 4712.8 7.93274 294.762 9191.93 -30935.7
24 4897.6 7.08503 278.334 9139.14 -26218.7
25 5083.46 6.05121 257.867 9075.53 -21186.2
26 5270.62 4.80417 232.659 8999.92 -16167.4
27 5459.35 3.55986 202.053 8911.9 -11680
28 5649.95 3.02545 168.749 8831.79 -8330.9
29 5842.28 2.56728 140.239 8764.91 -5917.32
30 6036.08 2.17588 115.993 8709.04 -4183.22
31 6231.11 1.84247 95.3958 8662.37 -2940.79
32 6427.2 1.43804 77.5679 8622.69 -2054.78
33 6624.2 2.24026 59.6591 8591.3 -1510.67
34 6821.91 2.14828 56.0276 8587.19 -1388.7
35 7019.71 2.05454 53.6751 8583.02 -1269.68
36 7217.62 1.94913 51.503 8578.33 -1142.27
37 7415.63 1.83173 49.0758 8573.11 -1008.34
38 7613.76 1.70473 46.3289 8567.49 -872.937
39 7812.02 1.571 43.3137 8561.57 -740.959
40 8010.42 1.43335 40.0997 8555.5 -616.472
41 8208.96 1.29458 36.7571 8549.39 -502.616
42 8407.64 1.15736 33.355 8543.36 -401.494
43 8606.46 1.02411 29.9608 8537.51 -314.189
44 8805.41 0.896893 26.6367 8531.94 -240.848
45 9004.5 0.777357 23.4383 8526.72 -180.854
46 9203.71 0.666854 20.4118 8521.9 -133.029
47 9403.03 0.566185 17.5931 8517.52 -95.8563
48 9602.46 0.475837 15.0077 8513.59 -67.6684
49 9801.97 0.395746 12.6711 8510.12 -46.8025
50 10001.6 0.325846 10.589 8507.09 -31.7198
51 10201.2 0.265597 8.75916 8504.48 -21.0677
52 10401 0.214379 7.17222 8502.26 -13.7149
53 10600.8 0.171254 5.81389 8500.39 -8.75199
54 10800.6 0.13544 4.66574 8498.85 -5.47573
55 11000.4 0.106155 3.70722 8497.58 -3.35941
56 11200.3 0.082298 2.91673 8496.55 -2.02136
57 11400.2 0.0632421 2.27237 8495.73 -1.19308
58 11600.2 0.048122 1.75313 8495.08 -0.690874
59 11800.1 0.0363086 1.3397 8494.56 -0.392565
60 12000.1 0.0270937 1.01387 8494.17 -0.218936
61 12200.1 0.0200838 0.760065 8493.86 -0.119867
62 12400.1 0.0147277 0.564418 8493.63 -0.0644387
63 12600 0.0107105 0.415145 8493.46 -0.0340248
64 12800 0.00771732 0.302556 8493.33 -0.017648
65 13000 0.00551176 0.21842 8493.24 -0.00899633
66 13200 0.00385757 0.15617 8493.17 -0.00450868
67 13400 0.00275477 0.110619 8493.12 -0.00222204
68 13600 0.00188828 0.0775432 8493.08 -0.00107814
69 13800 0.00133688 0.0538124 8493.06 -0.00051519
70 14000 0.000864242 0.0369382 8493.04 -0.000242607
71 14200 0.000627924 0.0249896 8493.02 -0.000113083
72 14400 0.000391606 0.0167416 8493.02 -5.18924e-05
73 14600 0.000312834 0.0109496 8493.01 -2.36517e-05
74 14800 0.000155296 0.00708144 8493.01 -1.04983e-05
75 15000 0.000155296 0.00416105 8493 -4.9416e-06
76 15200 7.63863e-05 0.00254804 8493 -2.22894e-06
77 15400 7.63863e-05 0.00121118 8493 -1.0695e-06
78 15600 7.63863e-05 0.000580694 8493 -5.13741e-07
79 15800 7.63863e-05 0.000279602 8493 -2.46178e-07
80 16000 7.63863e-05 0.000134315 8493 -1.1764e-07
81 16200 7.63863e-05 6.43265e-05 8493 -5.60777e-08
82 16400 7.63863e-05 3.07292e-05 8493 -2.66661e-08
83 16600 7.63863e-05 1.46446e-05 8493 -1.26523e-08
84 16800 7.63863e-05 6.96229e-06 8493 -5.98561e-09
85 17000 7.63863e-05 3.30172e-06 8493 -2.82368e-09
86 17200 7.63863e-05 1.56178e-06 8493 -1.32868e-09
87 17400 7.63863e-05 7.36841e-07 8493 -6.25334e-10
88 17600 7.63863e-05 3.46724e-07 8493 -2.92541e-10
89 17800 7.63863e-05 1.62717e-07 8493 -1.36519e-10
90 18000 7.63863e-05 7.61559e-08 8493 -6.35004e-11
91 18200 7.63863e-05 3.55452e-08 8493 -2.94878e-11
92 18400 7.63863e-05 1.65442e-08 8493 -1.37307e-11
93 18600 7.63863e-05 7.67854e-09 8493 -6.86533e-12
94 18800 7.63863e-05 3.55342e-09 8493 -1.87236e-12
95 19000 7.63863e-05 1.63927e-09 8493 0
96 19200 7.63863e-05 7.53152e-10 8493 0
97 19400 7.63863e-05 3.43093e-10 8493 1.92327e-07
98 19600 7.63863e-05 1.51581e-10 8493 2.21401e-06
99 19800 7.63863e-05 5.73094e-11 8493 0.00520837
