NTS LL(mkm)  STRESS(GPa)   VEL(m / s)  DENS(kg/m3)  ENERGY(J) 
0 843.267 11.8284 400 9635.23 -77625.3
1 1019.56 11.8283 399.961 9635.23 -77750
2 1195.85 11.8282 399.921 9635.22 -77797.3
3 1372.14 11.828 399.881 9635.21 -77816
4 1548.43 11.8278 399.842 9635.2 -77812.8
5 1724.72 11.8274 399.802 9635.18 -77828.5
6 1901.01 11.827 399.762 9635.15 -77821.1
7 2077.3 11.8264 399.721 9635.12 -77824.4
8 2253.6 11.8258 399.679 9635.08 -77826.8
9 2429.89 11.825 399.636 9635.03 -77815
10 2606.18 11.8239 399.589 9634.97 -77808.7
11 2782.48 11.8224 399.536 9634.89 -77804
12 2958.78 11.8201 399.472 9634.75 -77791.6
13 3135.08 11.8155 399.393 9634.49 -77756.6
14 3311.38 11.8057 399.294 9633.92 -77681.6
15 3487.69 11.7839 399.148 9632.65 -77521.2
16 3664.03 11.7366 398.831 9629.9 -77175.2
17 3840.42 11.6358 397.98 9624.07 -76444.5
18 4016.92 11.4218 395.779 9611.71 -74903.1
19 4193.64 10.9492 390.846 9584.59 -71615.5
20 4370.86 9.85205 381.841 9522.54 -64544.4
21 4549.24 7.16558 369.408 9375.63 -50549.7
22 4730.41 7.09106 346.874 9371.66 -50223.9
23 4911.66 10.5879 328.514 9361.16 -49142.8
24 5093.11 10.5769 340.299 9360.47 -49059.4
25 5274.57 10.5064 339.287 9355.86 -48504.7
26 5456.13 10.4089 337.658 9349.55 -47750.8
27 5637.81 10.2779 335.43 9341.08 -46748.2
28 5819.65 10.1045 332.406 9329.91 -45441.7
29 6001.71 9.87952 328.373 9315.43 -43778.2
30 6184.05 9.59086 323.089 9296.94 -41700.8
31 6366.75 9.22653 316.276 9273.65 -39159.2
32 6549.92 8.76969 307.597 9244.65 -36117.2
33 6733.66 8.20358 296.672 9208.93 -32558
34 6918.11 7.50746 283.06 9165.36 -28505.1
35 7103.44 6.65676 266.263 9112.68 -24040
36 7289.84 5.62339 245.681 9049.46 -19337.1
37 7477.54 4.37644 220.517 8974.27 -14714.1
38 7666.81 3.41621 189.783 8890.15 -10724.4
39 7857.88 2.92509 159.348 8817.03 -7768.67
40 8050.53 2.50222 133.374 8755.55 -5608.72
41 8244.53 2.1371 111.205 8703.57 -4027.23
42 8439.69 1.82195 92.2396 8659.54 -2871.59
43 8635.85 1.42003 75.6683 8621.36 -2029.12
44 8832.87 2.24167 58.6202 8591.36 -1512.86
45 9030.58 2.19439 55.7506 8589.25 -1449.46
46 9228.34 2.14431 54.3263 8587.01 -1383.79
47 9426.15 2.08618 53.1761 8584.42 -1309.49
48 9624.02 2.01845 51.867 8581.41 -1225.53
49 9821.96 1.94172 50.316 8578 -1133.79
50 10020 1.85678 48.5345 8574.23 -1036.47
51 10218.1 1.76461 46.543 8570.14 -935.814
52 10416.3 1.66631 44.3624 8565.79 -834.119
53 10614.6 1.56303 42.0171 8561.22 -733.672
54 10813 1.45626 39.5362 8556.51 -636.603
55 11011.5 1.34747 36.9522 8551.71 -544.761
56 11210.1 1.23792 34.3001 8546.9 -459.633
57 11408.9 1.12924 31.616 8542.12 -382.301
58 11607.7 1.0227 28.9353 8537.45 -313.414
59 11806.7 0.919396 26.2917 8532.93 -253.22
60 12005.7 0.820583 23.7166 8528.61 -201.607
61 12204.9 0.7269 21.2376 8524.52 -158.165
62 12404.2 0.639218 18.8781 8520.7 -122.262
63 12603.5 0.557937 16.657 8517.16 -93.1188
64 12802.9 0.483459 14.5887 8513.92 -69.8779
65 13002.5 0.415713 12.6827 8510.99 -51.6666
66 13202 0.354863 10.9441 8508.35 -37.6397
67 13401.7 0.300758 9.3741 8506 -27.0189
68 13601.4 0.252931 7.96993 8503.93 -19.1109
69 13801.1 0.211231 6.72622 8502.12 -13.3205
70 14000.9 0.175031 5.63483 8500.56 -9.1497
71 14200.7 0.14402 4.68612 8499.22 -6.19385
72 14400.6 0.117649 3.86856 8498.08 -4.1326
73 14600.5 0.0954471 3.17053 8497.12 -2.71777
74 14800.4 0.0768649 2.57962 8496.31 -1.76184
75 15000.3 0.0614309 2.08372 8495.65 -1.126
76 15200.2 0.048752 1.67108 8495.1 -0.709518
77 15400.2 0.0384351 1.33059 8494.66 -0.440822
78 15600.1 0.0300866 1.05197 8494.3 -0.270082
79 15800.1 0.0233919 0.825789 8494.01 -0.163198
80 16000.1 0.0180359 0.643735 8493.78 -0.0972663
81 16200.1 0.0138613 0.498203 8493.6 -0.0571803
82 16400 0.010553 0.382855 8493.45 -0.0331707
83 16600 0.00795363 0.292201 8493.34 -0.0189853
84 16800 0.00598438 0.221441 8493.26 -0.0107247
85 17000 0.00448774 0.166609 8493.19 -0.00597817
86 17200 0.00330617 0.124439 8493.14 -0.00328979
87 17400 0.00243968 0.0922289 8493.1 -0.00178823
88 17600 0.00180951 0.067852 8493.08 -0.000959793
89 17800 0.00133688 0.0495092 8493.05 -0.000508922
90 18000 0.000943014 0.0357807 8493.04 -0.000267017
91 18200 0.000706697 0.0256457 8493.03 -0.000138322
92 18400 0.000470379 0.018136 8493.02 -7.09008e-05
93 18600 0.000312834 0.012689 8493.01 -3.58308e-05
94 18800 0.000234061 0.0085939 8493.01 -1.81055e-05
95 19000 0.000155296 0.00582099 8493.01 -8.9116e-06
96 19200 0.000155296 0.00363215 8493 -4.50847e-06
97 19400 7.63863e-05 0.00225543 8493 -2.00823e-06
98 19600 7.63863e-05 0.00104643 8493 1.01476e-06
99 19800 7.63863e-05 0.000417223 8493 0.00520833
