NTS LL(mkm)  STRESS(GPa)   VEL(m / s)  DENS(kg/m3)  ENERGY(J) 
0 842.301 11.8283 400 9635.23 -77624.6
1 1018.59 11.8282 399.96 9635.22 -77749.4
2 1194.88 11.8281 399.921 9635.22 -77796.6
3 1371.17 11.8279 399.881 9635.21 -77815.4
4 1547.46 11.8277 399.842 9635.19 -77812.2
5 1723.76 11.8273 399.802 9635.17 -77827.8
6 1900.05 11.8269 399.761 9635.15 -77820.4
7 2076.34 11.8263 399.72 9635.11 -77823.7
8 2252.63 11.8257 399.678 9635.08 -77826.1
9 2428.93 11.8248 399.635 9635.03 -77814.3
10 2605.22 11.8238 399.589 9634.97 -77807.8
11 2781.52 11.8223 399.535 9634.88 -77802.9
12 2957.81 11.8199 399.47 9634.74 -77790.2
13 3134.11 11.8153 399.389 9634.47 -77754.9
14 3310.42 11.8054 399.286 9633.9 -77679.2
15 3486.73 11.7832 399.135 9632.61 -77516
16 3663.07 11.7347 398.822 9629.79 -77161.1
17 3839.46 11.6307 397.989 9623.78 -76408.2
18 4015.96 11.4104 395.795 9611.05 -74821.5
19 4192.69 10.9275 390.687 9583.36 -71468.1
20 4369.94 9.82147 380.724 9520.82 -64358.5
21 4548.35 7.11549 366.441 9372.96 -50332.6
22 4729.57 7.0525 346.19 9369.6 -50058.5
23 4910.86 10.6078 331.707 9362.44 -49297.5
24 5092.29 10.5753 340.389 9360.34 -49043.2
25 5273.75 10.5032 339.248 9355.65 -48480.2
26 5455.31 10.4043 337.586 9349.27 -47717.7
27 5637 10.2713 335.334 9340.7 -46703.8
28 5818.85 10.0964 332.274 9329.41 -45383.5
29 6000.91 9.86888 328.194 9314.77 -43703.7
30 6183.27 9.57819 322.853 9296.1 -41607.6
31 6365.99 9.20921 315.968 9272.58 -39045
32 6549.18 8.74852 307.203 9243.31 -35980.6
33 6732.94 8.17727 296.171 9207.29 -32398.9
34 6917.43 7.47451 282.431 9163.35 -28325.6
35 7102.8 6.61712 265.483 9110.24 -23845.2
36 7289.25 5.57508 244.73 9046.52 -19136.4
37 7477.01 4.31744 219.377 8970.74 -14523.8
38 7666.36 3.3936 188.385 8886.74 -10577.8
39 7857.5 2.90582 158.145 8814.17 -7661.52
40 8050.21 2.48561 132.342 8753.15 -5530.49
41 8244.26 2.12262 110.321 8701.53 -3970.13
42 8439.47 1.80925 91.5167 8657.78 -2829.14
43 8635.66 1.39567 75.1513 8619.57 -1995.16
44 8832.73 2.2352 58.1713 8591.07 -1504.1
45 9030.44 2.1912 55.5281 8589.11 -1445.22
46 9228.21 2.14166 54.231 8586.9 -1380.34
47 9426.02 2.08306 53.1141 8584.29 -1305.6
48 9623.89 2.01478 51.7985 8581.25 -1221.06
49 9821.84 1.93751 50.2329 8577.81 -1128.86
50 10019.9 1.85209 48.4373 8574.02 -1031.21
51 10218 1.75946 46.4332 8569.91 -930.342
52 10416.2 1.66076 44.2411 8565.54 -828.566
53 10614.5 1.55717 41.8856 8560.96 -728.166
54 10812.9 1.45016 39.3959 8556.24 -631.264
55 11011.4 1.34113 36.8051 8551.44 -539.694
56 11210 1.23158 34.148 8546.62 -454.925
57 11408.8 1.1229 31.4611 8541.84 -378.015
58 11607.6 1.01643 28.7795 8537.18 -309.589
59 11806.6 0.913358 26.1372 8532.66 -249.872
60 12005.7 0.8147 23.5652 8528.35 -198.733
61 12204.9 0.721328 21.091 8524.28 -155.743
62 12404.1 0.633957 18.7378 8520.47 -120.259
63 12603.5 0.553067 16.5243 8516.95 -91.4916
64 12802.9 0.478902 14.4645 8513.73 -68.5796
65 13002.4 0.411625 12.5678 8510.81 -50.6488
66 13202 0.351167 10.8388 8508.18 -36.8556
67 13401.7 0.297376 9.27849 8505.85 -26.4252
68 13601.3 0.250021 7.88408 8503.8 -18.6689
69 13801.1 0.208635 6.64984 8502.01 -12.9969
70 14000.9 0.172828 5.56751 8500.46 -8.9167
71 14200.7 0.142131 4.62739 8499.13 -6.02875
72 14400.6 0.115996 3.81773 8498.01 -4.01752
73 14600.4 0.0940299 3.12693 8497.06 -2.63884
74 14800.4 0.0756838 2.54264 8496.26 -1.70853
75 15000.3 0.0604859 2.05255 8495.61 -1.09055
76 15200.2 0.0479645 1.64504 8495.07 -0.686315
77 15400.2 0.037805 1.30901 8494.63 -0.425868
78 15600.1 0.0295353 1.03424 8494.27 -0.260591
79 15800.1 0.022998 0.811387 8493.99 -0.157259
80 16000.1 0.0177208 0.632062 8493.76 -0.0936076
81 16200.1 0.0135462 0.488852 8493.58 -0.0549596
82 16400 0.0103167 0.375441 8493.44 -0.0318409
83 16600 0.00779609 0.286338 8493.34 -0.0182008
84 16800 0.00590561 0.216868 8493.25 -0.0102674
85 17000 0.00440897 0.163053 8493.19 -0.00571531
86 17200 0.0032274 0.121657 8493.14 -0.00314186
87 17400 0.00236091 0.0901438 8493.1 -0.00170527
88 17600 0.00173074 0.066248 8493.07 -0.00091412
89 17800 0.0012581 0.0482853 8493.05 -0.00048429
90 18000 0.000943014 0.0348986 8493.04 -0.000253624
91 18200 0.000627924 0.0249964 8493.03 -0.000131019
92 18400 0.000470379 0.0175831 8493.02 -6.73271e-05
93 18600 0.000312834 0.0123165 8493.01 -3.40356e-05
94 18800 0.000234061 0.00833299 8493.01 -1.7197e-05
95 19000 0.000155296 0.00564141 8493.01 -8.43906e-06
96 19200 0.000155296 0.00354993 8493 -4.1989e-06
97 19400 7.63863e-05 0.00211503 8493 -1.881e-06
98 19600 7.63863e-05 0.00098248 8493 1.0808e-06
99 19800 7.63863e-05 0.000394284 8493 0.00520837
