NTS LL(mkm)  STRESS(GPa)   VEL(m / s)  DENS(kg/m3)  ENERGY(J) 
0 604.83 11.7978 400 9633.45 -77399.3
1 781.153 11.7977 399.92 9633.45 -77523.4
2 957.476 11.7974 399.84 9633.43 -77569.4
3 1133.8 11.7969 399.76 9633.4 -77586.1
4 1310.12 11.7961 399.678 9633.36 -77579.1
5 1486.45 11.7946 399.596 9633.27 -77586.2
6 1662.77 11.7913 399.515 9633.08 -77558
7 1839.1 11.784 399.427 9632.66 -77511.3
8 2015.44 11.768 399.279 9631.73 -77400.2
9 2191.8 11.7335 398.927 9629.73 -77141.4
10 2368.19 11.6583 398.082 9625.38 -76593.6
11 2544.66 11.4863 396.354 9615.43 -75356.6
12 2721.31 11.0765 393.302 9591.88 -72480.9
13 2898.4 10.1089 387.677 9536.95 -66121.3
14 3076.51 7.8869 373.931 9414.39 -53842.8
15 3256.93 10.4931 335.556 9355.03 -48400.7
16 3438.5 10.5169 339.959 9356.58 -48586.5
17 3620.04 10.3914 338.914 9348.44 -47614.2
18 3801.74 10.2131 336.188 9336.9 -46255.2
19 3983.67 9.97187 332.106 9321.38 -44455.6
20 4165.89 9.65267 326.546 9300.92 -42138.4
21 4348.52 9.2392 319.136 9274.46 -39243.7
22 4531.67 8.71117 309.422 9240.94 -35734
23 4715.48 8.04876 296.911 9199.2 -31622.4
24 4900.13 7.22944 281.068 9148.1 -26985.5
25 5085.8 6.22922 261.293 9086.42 -21996.1
26 5272.74 5.01931 236.952 9012.9 -16952.4
27 5461.21 3.65364 207.495 8926.13 -12324.7
28 5651.5 3.10636 173.666 8843.79 -8801.37
29 5843.57 2.63674 144.535 8774.97 -6257.57
30 6037.14 2.23585 119.653 8717.52 -4429.2
31 6231.99 1.89498 98.351 8669.67 -3122.29
32 6427.91 1.53507 79.6946 8629.84 -2197.25
33 6624.74 1.03451 61.7318 8592.88 -1558.36
34 6822.42 2.17103 56.9796 8588.21 -1418.43
35 7020.2 2.07434 54.3231 8583.9 -1294.4
36 7218.08 1.97042 51.985 8579.28 -1167.51
37 7416.07 1.85568 49.5672 8574.18 -1034.98
38 7614.18 1.73104 46.8841 8568.65 -900.224
39 7812.41 1.59913 43.9338 8562.82 -767.868
40 8010.78 1.46275 40.772 8556.79 -642.104
41 8209.29 1.32455 37.4665 8550.71 -526.262
42 8407.94 1.18735 34.0865 8544.67 -422.658
43 8606.73 1.05357 30.6995 8538.8 -332.592
44 8805.66 0.925354 27.3685 8533.19 -256.408
45 9004.72 0.804345 24.1502 8527.9 -193.659
46 9203.9 0.692052 21.0923 8523 -143.295
47 9403.19 0.589354 18.2332 8518.53 -103.878
48 9602.6 0.496817 15.6005 8514.51 -73.782
49 9802.09 0.414534 13.2117 8510.93 -51.3493
50 10001.7 0.342439 11.075 8507.8 -35.0214
51 10201.3 0.279992 9.18998 8505.1 -23.4096
52 10401 0.226653 7.54899 8502.79 -15.3381
53 10600.8 0.181721 6.13896 8500.84 -9.85201
54 10800.6 0.144178 4.94277 8499.22 -6.20473
55 11000.5 0.113319 3.94025 8497.89 -3.83204
56 11200.4 0.0882034 3.11042 8496.81 -2.32129
57 11400.3 0.0680456 2.43144 8495.93 -1.37939
58 11600.2 0.0519021 1.88222 8495.24 -0.804207
59 11800.1 0.0393014 1.44322 8494.69 -0.460126
60 12000.1 0.0294565 1.09598 8494.27 -0.258402
61 12200.1 0.0218954 0.824564 8493.94 -0.142453
62 12400.1 0.0160667 0.614432 8493.69 -0.077118
63 12600 0.0117345 0.453583 8493.5 -0.0410008
64 12800 0.00850502 0.331715 8493.36 -0.0214171
65 13000 0.00606315 0.240338 8493.26 -0.0109956
66 13200 0.0043302 0.17255 8493.18 -0.00554725
67 13400 0.00306986 0.12265 8493.13 -0.00275279
68 13600 0.0021246 0.0863204 8493.09 -0.00134471
69 13800 0.00149442 0.0601578 8493.06 -0.000646773
70 14000 0.00102179 0.0414505 8493.04 -0.000306874
71 14200 0.000706697 0.0282355 8493.03 -0.000143711
72 14400 0.000470379 0.018964 8493.02 -6.65708e-05
73 14600 0.000312834 0.0125326 8493.01 -3.05273e-05
74 14800 0.000234061 0.00805837 8493.01 -1.39942e-05
75 15000 0.000155296 0.00503441 8493 -6.39583e-06
76 15200 7.63863e-05 0.00309833 8493 -2.81976e-06
77 15400 7.63863e-05 0.00152791 8493 -1.35862e-06
78 15600 7.63863e-05 0.000737981 8493 -6.52487e-07
79 15800 7.63863e-05 0.000354824 8493 -3.12928e-07
80 16000 7.63863e-05 0.00017048 8493 -1.49781e-07
81 16200 7.63863e-05 8.1776e-05 8493 -7.15211e-08
82 16400 7.63863e-05 3.91337e-05 8493 -3.40665e-08
83 16600 7.63863e-05 1.86812e-05 8493 -1.61904e-08
84 16800 7.63863e-05 8.89603e-06 8493 -7.67283e-09
85 17000 7.63863e-05 4.2259e-06 8493 -3.62594e-09
86 17200 7.63863e-05 2.00241e-06 8493 -1.70984e-09
87 17400 7.63863e-05 9.4641e-07 8493 -8.05539e-10
88 17600 7.63863e-05 4.46145e-07 8493 -3.77416e-10
89 17800 7.63863e-05 2.09762e-07 8493 -1.76773e-10
90 18000 7.63863e-05 9.83595e-08 8493 -8.23801e-11
91 18200 7.63863e-05 4.59966e-08 8493 -3.83815e-11
92 18400 7.63863e-05 2.14506e-08 8493 -1.77874e-11
93 18600 7.63863e-05 9.97552e-09 8493 -8.11357e-12
94 18800 7.63863e-05 4.62574e-09 8493 -4.21281e-12
95 19000 7.63863e-05 2.13835e-09 8493 0
96 19200 7.63863e-05 9.8449e-10 8493 0
97 19400 7.63863e-05 4.49397e-10 8493 1.92327e-07
98 19600 7.63863e-05 1.98922e-10 8493 2.21401e-06
99 19800 7.63863e-05 7.53162e-11 8493 0.00520838
