NTS LL(mkm)  STRESS(GPa)   VEL(m / s)  DENS(kg/m3)  ENERGY(J) 
0 803.931 11.8245 400 9635.01 -77597.3
1 980.225 11.8245 399.958 9635.01 -77721.9
2 1156.52 11.8244 399.915 9635 -77768.9
3 1332.81 11.8242 399.872 9634.99 -77787.5
4 1509.11 11.8239 399.828 9634.97 -77784
5 1685.41 11.8235 399.783 9634.95 -77799.3
6 1861.7 11.823 399.738 9634.92 -77791.4
7 2038 11.8224 399.692 9634.88 -77794.1
8 2214.29 11.8215 399.645 9634.83 -77795.1
9 2390.59 11.8204 399.597 9634.77 -77781
10 2566.89 11.8187 399.543 9634.67 -77770.3
11 2743.19 11.8161 399.475 9634.52 -77757.2
12 2919.5 11.8114 399.384 9634.24 -77726.9
13 3095.8 11.8012 399.26 9633.65 -77650.7
14 3272.12 11.7782 399.082 9632.32 -77478.7
15 3448.47 11.7263 398.763 9629.31 -77097.9
16 3624.87 11.6127 397.981 9622.73 -76271.8
17 3801.39 11.3682 395.879 9608.63 -74524.1
18 3978.16 10.8411 390.623 9578.42 -70878.6
19 4155.5 9.66213 378.707 9511.92 -63402.5
20 4334.08 10.6736 353.22 9366.7 -49812.3
21 4515.42 10.667 345.644 9366.3 -49764.5
22 4696.77 10.6082 342.106 9362.48 -49301.4
23 4878.2 10.5437 340.185 9358.29 -48797
24 5059.71 10.458 338.613 9352.73 -48129.5
25 5241.32 10.3402 336.667 9345.12 -47224.2
26 5423.09 10.1815 333.982 9334.9 -46022.8
27 5605.05 9.97363 330.329 9321.51 -44472.2
28 5787.27 9.70475 325.474 9304.24 -42513.6
29 5969.83 9.36214 319.15 9282.32 -40094.9
30 6152.83 8.93088 311.027 9254.85 -37171.4
31 6336.36 8.39241 300.734 9220.84 -33720.3
32 6520.58 7.72905 287.842 9179.18 -29755.3
33 6705.63 6.91559 271.846 9128.67 -25343.6
34 6891.7 5.92778 252.143 9067.98 -20639.4
35 7079.02 4.73478 228.016 8995.74 -15923.3
36 7267.84 3.55653 198.754 8911.38 -11658.4
37 7458.45 3.04335 167.046 8834.44 -8435.64
38 7650.72 2.60155 139.843 8769.84 -6083.47
39 7844.41 2.22083 116.56 8715.39 -4367.03
40 8039.3 1.89479 96.4718 8669.65 -3121.76
41 8235.23 1.55371 78.7763 8631.21 -2224.89
42 8432.03 1.04376 63.1203 8593.57 -1567.5
43 8629.68 2.2081 55.3594 8589.86 -1467.68
44 8827.43 2.1489 54.8339 8587.22 -1389.73
45 9025.24 2.08525 53.372 8584.38 -1308.27
46 9223.11 2.01338 51.8906 8581.18 -1219.33
47 9421.05 1.93229 50.2382 8577.58 -1122.8
48 9619.08 1.84265 48.3573 8573.6 -1020.71
49 9817.2 1.74556 46.2546 8569.3 -915.593
50 10015.4 1.64225 43.9539 8564.72 -810.075
51 10213.7 1.53411 41.4853 8559.94 -706.654
52 10412.2 1.42279 38.8827 8555.03 -607.584
53 10610.7 1.30992 36.1833 8550.06 -514.763
54 10809.4 1.19698 33.4261 8545.1 -429.652
55 11008.2 1.08562 30.6503 8540.21 -353.231
56 11207.1 0.977013 27.8942 8535.45 -286.004
57 11406.1 0.872584 25.1934 8530.88 -228.042
58 11605.2 0.773355 22.5803 8526.55 -179.039
59 11804.4 0.68012 20.0827 8522.48 -138.406
60 12003.7 0.593438 17.7236 8518.71 -105.347
61 12203.1 0.513788 15.5205 8515.24 -78.9477
62 12402.6 0.441415 13.486 8512.1 -58.2525
63 12602.1 0.376328 11.6272 8509.27 -42.321
64 12801.8 0.318296 9.9472 8506.76 -30.2742
65 13001.4 0.26717 8.44408 8504.55 -21.3254
66 13201.2 0.222562 7.11275 8502.61 -14.7924
67 13400.9 0.184003 5.94538 8500.94 -10.105
68 13600.7 0.150947 4.93147 8499.51 -6.79852
69 13800.6 0.122845 4.05923 8498.3 -4.50504
70 14000.5 0.0993051 3.31594 8497.28 -2.94071
71 14200.4 0.0796209 2.68824 8496.43 -1.89099
72 14400.3 0.0633996 2.16298 8495.73 -1.19796
73 14600.2 0.0500908 1.72733 8495.16 -0.747814
74 14800.2 0.0393014 1.36916 8494.69 -0.459993
75 15000.1 0.0305592 1.0772 8494.32 -0.278836
76 15200.1 0.0236282 0.841234 8494.02 -0.166606
77 15400.1 0.0181146 0.652115 8493.78 -0.0981431
78 15600.1 0.0138613 0.501833 8493.59 -0.0569912
79 15800 0.0104742 0.383406 8493.45 -0.0326308
80 16000 0.00787486 0.290683 8493.34 -0.0184251
81 16200 0.00590561 0.218847 8493.25 -0.010262
82 16400 0.0043302 0.163479 8493.19 -0.00563909
83 16600 0.0032274 0.121228 8493.14 -0.00305725
84 16800 0.00236091 0.0891885 8493.1 -0.00163617
85 17000 0.00173074 0.0650959 8493.07 -0.000864473
86 17200 0.0012581 0.0471019 8493.05 -0.000451039
87 17400 0.000864242 0.033733 8493.04 -0.000232766
88 17600 0.000627924 0.0239311 8493.03 -0.00011878
89 17800 0.000470379 0.0167921 8493.02 -5.98439e-05
90 18000 0.000312834 0.0115425 8493.01 -2.9952e-05
91 18200 0.000234061 0.00776288 8493.01 -1.49426e-05
92 18400 0.000155296 0.00516692 8493.01 -7.25463e-06
93 18600 7.63863e-05 0.00335203 8493 -3.37494e-06
94 18800 7.63863e-05 0.00175403 8493 -1.69975e-06
95 19000 7.63863e-05 0.000890321 8493 -8.48844e-07
96 19200 7.63863e-05 0.000444157 8493 -4.24185e-07
97 19400 7.63863e-05 0.00021859 8493 -2.28297e-08
98 19600 7.63863e-05 0.000103625 8493 2.09795e-06
99 19800 7.63863e-05 4.13051e-05 8493 0.00520892
