NTS LL(mkm)  STRESS(GPa)   VEL(m / s)  DENS(kg/m3)  ENERGY(J) 
0 802 11.8244 400 9635 -77595.8
1 978.295 11.8243 399.958 9635 -77720.5
2 1154.59 11.8242 399.915 9634.99 -77767.5
3 1330.88 11.8239 399.871 9634.97 -77786
4 1507.18 11.8236 399.827 9634.96 -77782.5
5 1683.48 11.8233 399.783 9634.93 -77797.7
6 1859.77 11.8227 399.737 9634.91 -77789.9
7 2036.07 11.8221 399.69 9634.87 -77792.5
8 2212.37 11.8213 399.643 9634.82 -77793.5
9 2388.66 11.8201 399.595 9634.75 -77779.2
10 2564.96 11.8184 399.541 9634.65 -77768
11 2741.26 11.8157 399.474 9634.5 -77754.1
12 2917.57 11.8108 399.379 9634.21 -77722.6
13 3093.88 11.8004 399.243 9633.6 -77644.4
14 3270.2 11.7767 399.048 9632.23 -77467.8
15 3446.54 11.7228 398.715 9629.11 -77072.1
16 3622.95 11.6033 397.946 9622.19 -76203.2
17 3799.47 11.3442 395.889 9607.25 -74354.5
18 3976.28 10.786 390.632 9575.28 -70508.5
19 4153.67 9.54245 378.449 9505.25 -62694.1
20 4332.37 10.6441 351.976 9364.85 -49587.5
21 4513.75 10.6543 344.714 9365.47 -49663.6
22 4695.12 10.6017 341.598 9362.03 -49247.6
23 4876.56 10.5374 339.947 9357.91 -48751.4
24 5058.07 10.45 338.466 9352.24 -48071.4
25 5239.7 10.3296 336.502 9344.44 -47144.5
26 5421.47 10.1674 333.752 9333.99 -45915.8
27 5603.45 9.95512 330.007 9320.3 -44333.2
28 5785.7 9.68008 325.041 9302.67 -42337.5
29 5968.29 9.33063 318.579 9280.31 -39877
30 6151.33 8.89042 310.288 9252.32 -36908.3
31 6334.91 8.34309 299.79 9217.7 -33411
32 6519.19 7.6669 286.651 9175.32 -29402.5
33 6704.32 6.83974 270.367 9123.97 -24955.5
34 6890.49 5.83444 250.33 9062.3 -20233.2
35 7077.92 4.62165 225.789 8988.96 -15531.1
36 7266.89 3.50952 195.959 8904.27 -11341.9
37 7457.65 3.00287 164.564 8828.45 -8203.61
38 7650.05 2.56653 137.701 8764.79 -5913.88
39 7843.85 2.19048 114.753 8711.09 -4242.34
40 8038.84 1.86781 95.0194 8665.89 -3027.85
41 8234.85 1.50549 77.616 8627.66 -2152.16
42 8431.73 2.26713 60.2918 8592.5 -1547.57
43 8629.41 2.20086 56.6286 8589.54 -1458.07
44 8827.17 2.14189 54.6307 8586.91 -1380.69
45 9024.98 2.07831 53.1883 8584.07 -1299.58
46 9222.86 2.00559 51.7291 8580.84 -1209.85
47 9420.81 1.9234 50.0598 8577.19 -1112.43
48 9618.85 1.83274 48.1517 8573.16 -1009.66
49 9816.98 1.73463 46.0219 8568.81 -904.162
50 10015.2 1.63053 43.697 8564.2 -798.553
51 10213.5 1.52184 41.2073 8559.4 -695.323
52 10412 1.41004 38.5874 8554.47 -596.699
53 10610.6 1.29693 35.8747 8549.49 -504.541
54 10809.2 1.1839 33.1087 8544.52 -420.262
55 11008 1.07253 30.3288 8539.64 -344.787
56 11206.9 0.964315 27.573 8534.89 -278.567
57 11406 0.860271 24.8768 8530.34 -221.624
58 11605.1 0.761585 22.2723 8526.03 -173.611
59 11804.3 0.668973 19.7867 8522 -133.904
60 12003.6 0.583071 17.4425 8518.26 -101.683
61 12203 0.504203 15.2568 8514.83 -76.0222
62 12402.5 0.432691 13.2412 8511.72 -55.9596
63 12602.1 0.368387 11.4027 8508.93 -40.5567
64 12801.7 0.311218 9.74328 8506.45 -28.9409
65 13001.4 0.260956 8.26084 8504.27 -20.3356
66 13201.1 0.217054 6.94983 8502.38 -14.0705
67 13400.9 0.179203 5.80194 8500.74 -9.58747
68 13600.7 0.146775 4.80634 8499.34 -6.43386
69 13800.6 0.119381 3.95124 8498.15 -4.25239
70 14000.4 0.0963132 3.22354 8497.16 -2.76857
71 14200.4 0.0771799 2.60992 8496.33 -1.77564
72 14400.3 0.0613521 2.09725 8495.64 -1.12191
73 14600.2 0.0483583 1.67258 8495.09 -0.698493
74 14800.2 0.0378838 1.32402 8494.63 -0.428507
75 15000.1 0.0294565 1.04027 8494.27 -0.259053
76 15200.1 0.0227618 0.811316 8493.98 -0.154365
77 15400.1 0.0174058 0.628053 8493.75 -0.0906869
78 15600.1 0.0133099 0.482642 8493.57 -0.0525185
79 15800 0.0100016 0.368212 8493.43 -0.0299892
80 16000 0.00755978 0.278803 8493.32 -0.0168868
81 16200 0.00559053 0.209583 8493.24 -0.00937941
82 16400 0.00417266 0.156347 8493.18 -0.0051396
83 16600 0.00306986 0.115735 8493.13 -0.00277941
84 16800 0.00220337 0.0850432 8493.09 -0.00148314
85 17000 0.00165196 0.0619678 8493.07 -0.000781333
86 17200 0.00117933 0.0447194 8493.05 -0.000406924
87 17400 0.000864242 0.0320142 8493.03 -0.000209288
88 17600 0.000627924 0.0226631 8493.02 -0.000106389
89 17800 0.000391606 0.0158623 8493.02 -5.33314e-05
90 18000 0.000312834 0.0108201 8493.01 -2.67258e-05
91 18200 0.000234061 0.00729838 8493.01 -1.32374e-05
92 18400 0.000155296 0.00475489 8493 -6.48406e-06
93 18600 7.63863e-05 0.00308226 8493 -3.03965e-06
94 18800 7.63863e-05 0.00159062 8493 -1.52007e-06
95 19000 7.63863e-05 0.000798385 8493 -7.56817e-07
96 19200 7.63863e-05 0.000396288 8493 -3.77874e-07
97 19400 7.63863e-05 0.000194806 8493 7.43601e-10
98 19600 7.63863e-05 9.2334e-05 8493 2.11072e-06
99 19800 7.63863e-05 3.67984e-05 8493 0.00520892
