NTS LL(mkm)  STRESS(GPa)   VEL(m / s)  DENS(kg/m3)  ENERGY(J) 
0 843.508 11.8284 400 9635.23 -77625.5
1 1019.8 11.8283 399.961 9635.23 -77750.2
2 1196.09 11.8282 399.921 9635.22 -77797.4
3 1372.38 11.828 399.882 9635.21 -77816.2
4 1548.67 11.8278 399.842 9635.2 -77813
5 1724.96 11.8275 399.802 9635.18 -77828.6
6 1901.25 11.827 399.762 9635.15 -77821.2
7 2077.55 11.8265 399.721 9635.12 -77824.6
8 2253.84 11.8258 399.679 9635.08 -77827
9 2430.13 11.825 399.636 9635.04 -77815.2
10 2606.43 11.8239 399.589 9634.97 -77808.9
11 2782.72 11.8225 399.536 9634.89 -77804.3
12 2959.02 11.8201 399.472 9634.75 -77791.9
13 3135.32 11.8156 399.394 9634.49 -77757.1
14 3311.62 11.8058 399.296 9633.92 -77682.3
15 3487.94 11.7841 399.151 9632.66 -77522.6
16 3664.27 11.737 398.832 9629.93 -77178.7
17 3840.66 11.637 397.977 9624.14 -76453.6
18 4017.15 11.4246 395.777 9611.88 -74923
19 4193.87 10.9543 390.898 9584.88 -71650
20 4371.09 9.85914 382.133 9522.93 -64587.3
21 4549.46 7.17892 370.074 9376.34 -50607.7
22 4730.62 7.10207 347.02 9372.24 -50271.3
23 4911.85 10.5818 327.797 9360.78 -49097.2
24 5093.31 10.5775 340.274 9360.5 -49063.1
25 5274.78 10.5064 339.294 9355.91 -48510.8
26 5456.33 10.4093 337.675 9349.62 -47759.1
27 5638.01 10.2793 335.453 9341.17 -46759.2
28 5819.85 10.1064 332.439 9330.03 -45456.2
29 6001.9 9.88194 328.417 9315.59 -43796.7
30 6184.24 9.59435 323.148 9297.15 -41724
31 6366.95 9.23082 316.352 9273.91 -39187.6
32 6550.1 8.77494 307.695 9244.98 -36151.2
33 6733.84 8.21015 296.796 9209.34 -32597.6
34 6918.28 7.51508 283.216 9165.86 -28549.8
35 7103.6 6.6666 266.457 9113.29 -24088.6
36 7289.99 5.63525 245.917 9050.19 -19387.3
37 7477.67 4.39091 220.8 8975.15 -14761.8
38 7666.93 3.42163 190.133 8891 -10761.4
39 7857.97 2.92986 159.65 8817.74 -7795.68
40 8050.61 2.50663 133.633 8756.16 -5628.44
41 8244.6 2.14075 111.426 8704.08 -4041.64
42 8439.75 1.82516 92.42 8659.98 -2882.33
43 8635.89 1.42611 75.7974 8621.81 -2037.72
44 8832.9 2.24338 58.7335 8591.44 -1515.17
45 9030.61 2.19525 55.8087 8589.29 -1450.58
46 9228.37 2.14493 54.3519 8587.05 -1384.67
47 9426.18 2.08688 53.1922 8584.46 -1310.46
48 9624.05 2.01931 51.8841 8581.45 -1226.64
49 9821.99 1.94274 50.3367 8578.04 -1135.02
50 10020 1.85795 48.5587 8574.28 -1037.78
51 10218.1 1.76594 46.5703 8570.2 -937.179
52 10416.3 1.66771 44.3926 8565.85 -835.506
53 10614.6 1.56451 42.05 8561.29 -735.049
54 10813 1.45782 39.5712 8556.58 -637.94
55 11011.5 1.34904 36.9889 8551.78 -546.03
56 11210.2 1.23956 34.3381 8546.97 -460.813
57 11408.9 1.13081 31.6547 8542.19 -383.377
58 11607.7 1.02427 28.9742 8537.52 -314.374
59 11806.7 0.920964 26.3304 8533 -254.061
60 12005.8 0.821995 23.7545 8528.67 -202.33
61 12204.9 0.728313 21.2743 8524.58 -158.774
62 12404.2 0.640553 18.9132 8520.76 -122.767
63 12603.5 0.559194 16.6902 8517.22 -93.5289
64 12803 0.484559 14.6198 8513.97 -70.2054
65 13002.5 0.416813 12.7116 8511.03 -51.9234
66 13202 0.355806 10.9705 8508.39 -37.8377
67 13401.7 0.301544 9.39806 8506.03 -27.169
68 13601.4 0.253718 7.9915 8503.96 -19.2228
69 13801.1 0.211861 6.74538 8502.15 -13.4025
70 14000.9 0.175582 5.65176 8500.58 -9.20875
71 14200.7 0.144493 4.70088 8499.24 -6.23573
72 14400.6 0.118121 3.88134 8498.1 -4.16181
73 14600.5 0.095762 3.18148 8497.13 -2.73783
74 14800.4 0.0771011 2.58894 8496.33 -1.7754
75 15000.3 0.0616671 2.09158 8495.66 -1.13502
76 15200.2 0.0489883 1.67765 8495.11 -0.715423
77 15400.2 0.0385926 1.33602 8494.66 -0.444632
78 15600.1 0.0302442 1.05644 8494.3 -0.272503
79 15800.1 0.0234706 0.829428 8494.01 -0.164713
80 16000.1 0.0181146 0.646681 8493.78 -0.0982005
81 16200.1 0.01394 0.500548 8493.6 -0.0577494
82 16400 0.0106318 0.384736 8493.46 -0.0335112
83 16600 0.0080324 0.293693 8493.34 -0.0191857
84 16800 0.00606315 0.222596 8493.26 -0.0108415
85 17000 0.00448774 0.167502 8493.19 -0.00604554
86 17200 0.00330617 0.125144 8493.14 -0.00332772
87 17400 0.00243968 0.0927605 8493.1 -0.00180941
88 17600 0.00180951 0.0682483 8493.08 -0.000971613
89 17800 0.00133688 0.049809 8493.06 -0.000515454
90 18000 0.000943014 0.0360233 8493.04 -0.000270426
91 18200 0.000706697 0.0258047 8493.03 -0.000140209
92 18400 0.000470379 0.0182788 8493.02 -7.18149e-05
93 18600 0.000312834 0.0127836 8493.01 -3.62874e-05
94 18800 0.000234061 0.00865966 8493.01 -1.83369e-05
95 19000 0.000155296 0.00586565 8493.01 -9.03293e-06
96 19200 0.000155296 0.00365536 8493 -4.58414e-06
97 19400 7.63863e-05 0.00228825 8493 -2.04125e-06
98 19600 7.63863e-05 0.001063 8493 9.97549e-07
99 19800 7.63863e-05 0.000423281 8493 0.00520832
