NTS LL(mkm)  STRESS(GPa)   VEL(m / s)  DENS(kg/m3)  ENERGY(J) 
0 601.692 11.7972 400 9633.42 -77394.9
1 778.016 11.7971 399.92 9633.41 -77519
2 954.34 11.7968 399.839 9633.4 -77565
3 1130.66 11.7963 399.758 9633.37 -77581.6
4 1306.99 11.7955 399.675 9633.32 -77574.6
5 1483.31 11.794 399.589 9633.24 -77581.7
6 1659.64 11.7907 399.503 9633.04 -77553.1
7 1835.97 11.783 399.411 9632.6 -77503.6
8 2012.31 11.7655 399.274 9631.58 -77381.8
9 2188.67 11.7272 398.951 9629.36 -77095.1
10 2365.07 11.6446 398.094 9624.58 -76493.6
11 2541.55 11.4611 396.114 9613.98 -75176.1
12 2718.23 11.0321 392.323 9589.33 -72175.2
13 2895.37 10.0078 385.853 9531.27 -65492.4
14 3073.58 7.59447 372.514 9398.62 -52464.9
15 3254.31 10.5277 334.056 9357.26 -48669
16 3435.84 10.5092 340.457 9356.06 -48523.8
17 3617.39 10.373 338.905 9347.27 -47474.9
18 3799.11 10.1865 335.822 9335.21 -46057.5
19 3981.06 9.93626 331.516 9319.11 -44195.1
20 4163.33 9.60574 325.743 9297.9 -41802.9
21 4346.02 9.17766 318.059 9270.54 -38823.3
22 4529.25 8.63151 307.994 9235.92 -35224.7
23 4713.16 7.94862 295.054 9192.92 -31028.1
24 4897.93 7.10437 278.705 9140.35 -26321.5
25 5083.77 6.07529 258.329 9077 -21294.4
26 5270.9 4.83332 233.236 9001.68 -16271.8
27 5459.6 3.57235 202.782 8913.78 -11764.4
28 5650.16 3.0362 169.403 8833.38 -8392.32
29 5842.45 2.5765 140.808 8766.24 -5961.66
30 6036.22 2.18372 116.48 8710.16 -4215.16
31 6231.23 1.84931 95.7909 8663.33 -2964.22
32 6427.3 1.45087 77.8506 8623.64 -2073.13
33 6624.27 2.24462 59.9057 8591.49 -1516.54
34 6821.97 2.15109 56.167 8587.32 -1392.34
35 7019.78 2.05711 53.7527 8583.13 -1272.87
36 7217.68 1.95194 51.5636 8578.45 -1145.63
37 7415.69 1.83493 49.1409 8573.26 -1011.91
38 7613.81 1.70824 46.4037 8567.64 -876.586
39 7812.07 1.57475 43.3972 8561.74 -744.545
40 8010.46 1.43726 40.1901 8555.67 -619.876
41 8209 1.29857 36.8523 8549.56 -505.746
42 8407.68 1.16135 33.4529 8543.53 -404.287
43 8606.49 1.02803 30.0594 8537.68 -316.611
44 8805.45 0.900656 26.7343 8532.11 -242.889
45 9004.53 0.780966 23.5331 8526.88 -182.528
46 9203.74 0.670229 20.5022 8522.05 -134.367
47 9403.05 0.569248 17.678 8517.66 -96.899
48 9602.48 0.478587 15.0862 8513.71 -68.4606
49 9801.99 0.398262 12.7425 8510.23 -47.3898
50 10001.6 0.328048 10.6531 8507.18 -32.145
51 10201.3 0.267485 8.81591 8504.56 -21.3684
52 10401 0.215952 7.22174 8502.33 -13.9226
53 10600.8 0.172592 5.85657 8500.45 -8.89236
54 10800.6 0.136621 4.70205 8498.9 -5.56846
55 11000.4 0.107099 3.73769 8497.62 -3.41935
56 11200.3 0.0830854 2.94207 8496.58 -2.05926
57 11400.3 0.0638721 2.29309 8495.75 -1.21655
58 11600.2 0.0485945 1.76996 8495.1 -0.7051
59 11800.1 0.0367024 1.35314 8494.58 -0.401024
60 12000.1 0.0274088 1.02454 8494.18 -0.223858
61 12200.1 0.0203201 0.768405 8493.87 -0.122677
62 12400.1 0.0148852 0.570879 8493.64 -0.0660127
63 12600 0.0107893 0.4201 8493.47 -0.0348892
64 12800 0.00779609 0.306341 8493.33 -0.0181119
65 13000 0.00559053 0.221241 8493.24 -0.00924146
66 13200 0.00393634 0.158273 8493.17 -0.00463563
67 13400 0.00275477 0.112148 8493.12 -0.00228713
68 13600 0.00196705 0.0786927 8493.08 -0.00111022
69 13800 0.00133688 0.054599 8493.06 -0.000531303
70 14000 0.000943014 0.0375266 8493.04 -0.000250346
71 14200 0.000627924 0.0253994 8493.03 -0.000116782
72 14400 0.000391606 0.0170489 8493.02 -5.35233e-05
73 14600 0.000312834 0.0111176 8493.01 -2.45115e-05
74 14800 0.000155296 0.00724623 8493.01 -1.08255e-05
75 15000 0.000155296 0.00423705 8493 -5.11976e-06
76 15200 7.63863e-05 0.00261948 8493 -2.30233e-06
77 15400 7.63863e-05 0.0012517 8493 -1.1043e-06
78 15600 7.63863e-05 0.000599688 8493 -5.3035e-07
79 15800 7.63863e-05 0.000288584 8493 -2.54187e-07
80 16000 7.63863e-05 0.000138653 8493 -1.21499e-07
81 16200 7.63863e-05 6.6423e-05 8493 -5.79303e-08
82 16400 7.63863e-05 3.17382e-05 8493 -2.75531e-08
83 16600 7.63863e-05 1.51288e-05 8493 -1.3076e-08
84 16800 7.63863e-05 7.19404e-06 8493 -6.1875e-09
85 17000 7.63863e-05 3.4124e-06 8493 -2.91979e-09
86 17200 7.63863e-05 1.61451e-06 8493 -1.37424e-09
87 17400 7.63863e-05 7.61902e-07 8493 -6.46708e-10
88 17600 7.63863e-05 3.58603e-07 8493 -3.02681e-10
89 17800 7.63863e-05 1.68334e-07 8493 -1.41356e-10
90 18000 7.63863e-05 7.88046e-08 8493 -6.58409e-11
91 18200 7.63863e-05 3.67909e-08 8493 -3.0424e-11
92 18400 7.63863e-05 1.71285e-08 8493 -1.43548e-11
93 18600 7.63863e-05 7.95185e-09 8493 -6.86533e-12
94 18800 7.63863e-05 3.6809e-09 8493 -2.18442e-12
95 19000 7.63863e-05 1.69855e-09 8493 0
96 19200 7.63863e-05 7.80605e-10 8493 0
97 19400 7.63863e-05 3.55697e-10 8493 1.92327e-07
98 19600 7.63863e-05 1.57189e-10 8493 2.21401e-06
99 19800 7.63863e-05 5.94412e-11 8493 0.00520837
