NTS LL(mkm)  STRESS(GPa)   VEL(m / s)  DENS(kg/m3)  ENERGY(J) 
0 603.14 11.7974 400 9633.44 -77396.9
1 779.464 11.7974 399.92 9633.43 -77521.1
2 955.787 11.7971 399.84 9633.41 -77567
3 1132.11 11.7966 399.759 9633.38 -77583.7
4 1308.44 11.7958 399.676 9633.34 -77576.7
5 1484.76 11.7943 399.592 9633.25 -77583.8
6 1661.09 11.791 399.509 9633.06 -77555.4
7 1837.42 11.7835 399.419 9632.62 -77507.1
8 2013.76 11.7666 399.278 9631.65 -77390.1
9 2190.11 11.7301 398.94 9629.53 -77116.5
10 2366.51 11.6512 398.082 9624.96 -76541.4
11 2542.99 11.4734 396.209 9614.69 -75264.2
12 2719.65 11.0534 392.78 9590.55 -72321.5
13 2896.76 10.0541 386.786 9533.87 -65779.4
14 3074.93 7.72958 373.258 9405.9 -53094.8
15 3255.52 10.5105 334.56 9356.13 -48533
16 3437.07 10.5127 340.228 9356.32 -48555.8
17 3618.61 10.3821 338.922 9347.82 -47541.3
18 3800.32 10.199 336.002 9336.01 -46150
19 3982.26 9.95302 331.794 9320.16 -44316.4
20 4164.51 9.6276 326.117 9299.31 -41959.1
21 4347.17 9.20587 318.561 9272.37 -39018.8
22 4530.36 8.66873 308.659 9238.26 -35461.3
23 4714.23 7.99489 295.92 9195.84 -31303.8
24 4898.94 7.16292 279.805 9143.95 -26629
25 5084.7 6.147 259.707 9081.38 -21618.7
26 5271.75 4.92011 234.958 9006.9 -16585.5
27 5460.34 3.6097 204.964 8919.46 -12020.5
28 5650.77 3.06852 171.368 8838.15 -8579
29 5842.96 2.60432 142.523 8770.24 -6096.55
30 6036.64 2.20758 117.942 8713.52 -4312.54
31 6231.58 1.87016 96.9736 8666.22 -3035.93
32 6427.58 1.48964 78.6998 8626.49 -2129.4
33 6624.49 2.25833 60.6573 8592.1 -1535.22
34 6822.18 2.15997 56.6066 8587.71 -1403.86
35 7019.97 2.06491 54.0018 8583.48 -1282.61
36 7217.86 1.96052 51.7517 8578.83 -1155.71
37 7415.86 1.84453 49.3368 8573.68 -1022.58
38 7613.98 1.71886 46.6266 8568.11 -887.512
39 7812.23 1.58608 43.6463 8562.24 -755.306
40 8010.61 1.44906 40.4599 8556.19 -630.113
41 8209.13 1.31062 37.1366 8550.09 -515.179
42 8407.8 1.17341 33.746 8544.06 -412.719
43 8606.6 1.03978 30.3551 8538.2 -323.934
44 8805.54 0.912026 27.027 8532.61 -249.074
45 9004.62 0.791714 23.8176 8527.35 -187.612
46 9203.81 0.680277 20.774 8522.49 -138.438
47 9403.12 0.578516 17.9335 8518.06 -100.076
48 9602.53 0.486917 15.3227 8514.08 -70.8793
49 9802.03 0.40573 12.9581 8510.55 -49.1865
50 10001.6 0.334654 10.8467 8507.47 -33.4481
51 10201.3 0.273228 8.98745 8504.81 -22.2916
52 10401 0.220831 7.37166 8502.54 -14.5617
53 10600.8 0.176763 5.98586 8500.63 -9.32491
54 10800.6 0.140084 4.81211 8499.05 -5.85479
55 11000.5 0.109934 3.83022 8497.74 -3.60477
56 11200.3 0.0854476 3.01894 8496.69 -2.17678
57 11400.3 0.065762 2.35618 8495.84 -1.28947
58 11600.2 0.0501696 1.82115 8495.16 -0.749389
59 11800.1 0.0378838 1.39413 8494.63 -0.427395
60 12000.1 0.0283539 1.05704 8494.22 -0.239244
61 12200.1 0.0210289 0.793912 8493.9 -0.131472
62 12400.1 0.0154366 0.590666 8493.66 -0.0709421
63 12600 0.0112619 0.435296 8493.48 -0.0375967
64 12800 0.00811117 0.317841 8493.35 -0.0195736
65 13000 0.00582684 0.229894 8493.25 -0.0100155
66 13200 0.00409388 0.164719 8493.18 -0.0050377
67 13400 0.00291231 0.116921 8493.12 -0.00249133
68 13600 0.00204582 0.0821247 8493.09 -0.00121303
69 13800 0.00141565 0.0570917 8493.06 -0.000582079
70 14000 0.000943014 0.0392998 8493.04 -0.000275131
71 14200 0.000627924 0.0267141 8493.03 -0.00012827
72 14400 0.000470379 0.0178698 8493.02 -5.92583e-05
73 14600 0.000312834 0.0117536 8493.01 -2.71692e-05
74 14800 0.000234061 0.00760378 8493.01 -1.22467e-05
75 15000 0.000155296 0.00460762 8493 -5.67837e-06
76 15200 7.63863e-05 0.00283398 8493 -2.53222e-06
77 15400 7.63863e-05 0.00137618 8493 -1.21565e-06
78 15600 7.63863e-05 0.000660469 8493 -5.83564e-07
79 15800 7.63863e-05 0.000317422 8493 -2.79794e-07
80 16000 7.63863e-05 0.000152523 8493 -1.33833e-07
81 16200 7.63863e-05 7.31206e-05 8493 -6.38556e-08
82 16400 7.63863e-05 3.49638e-05 8493 -3.03913e-08
83 16600 7.63863e-05 1.66774e-05 8493 -1.44326e-08
84 16800 7.63863e-05 7.93566e-06 8493 -6.83421e-09
85 17000 7.63863e-05 3.76673e-06 8493 -3.22699e-09
86 17200 7.63863e-05 1.7834e-06 8493 -1.52043e-09
87 17400 7.63863e-05 8.42202e-07 8493 -7.15826e-10
88 17600 7.63863e-05 3.96687e-07 8493 -3.34977e-10
89 17800 7.63863e-05 1.86349e-07 8493 -1.56803e-10
90 18000 7.63863e-05 8.73042e-08 8493 -7.30183e-11
91 18200 7.63863e-05 4.07904e-08 8493 -3.40126e-11
92 18400 7.63863e-05 1.90054e-08 8493 -1.60711e-11
93 18600 7.63863e-05 8.83023e-09 8493 -7.02136e-12
94 18800 7.63863e-05 4.09081e-09 8493 -3.1206e-12
95 19000 7.63863e-05 1.88926e-09 8493 0
96 19200 7.63863e-05 8.68973e-10 8493 0
97 19400 7.63863e-05 3.96289e-10 8493 1.92327e-07
98 19600 7.63863e-05 1.7526e-10 8493 2.21401e-06
99 19800 7.63863e-05 6.6313e-11 8493 0.00520838
