NTS LL(mkm)  STRESS(GPa)   VEL(m / s)  DENS(kg/m3)  ENERGY(J) 
0 804.172 11.8246 400 9635.01 -77597.4
1 980.467 11.8245 399.958 9635.01 -77722.1
2 1156.76 11.8244 399.915 9635 -77769.1
3 1333.06 11.8242 399.872 9634.99 -77787.7
4 1509.35 11.8239 399.828 9634.97 -77784.2
5 1685.65 11.8235 399.784 9634.95 -77799.5
6 1861.94 11.823 399.738 9634.92 -77791.6
7 2038.24 11.8224 399.692 9634.88 -77794.2
8 2214.54 11.8215 399.646 9634.83 -77795.3
9 2390.83 11.8204 399.597 9634.77 -77781.2
10 2567.13 11.8187 399.543 9634.67 -77770.6
11 2743.43 11.8162 399.476 9634.52 -77757.6
12 2919.74 11.8114 399.385 9634.25 -77727.5
13 3096.04 11.8013 399.262 9633.66 -77651.4
14 3272.36 11.7784 399.086 9632.33 -77480
15 3448.71 11.7268 398.769 9629.34 -77101.2
16 3625.11 11.6139 397.983 9622.8 -76280.5
17 3801.62 11.3712 395.876 9608.8 -74545.3
18 3978.4 10.8479 390.619 9578.81 -70924.5
19 4155.73 9.67679 378.738 9512.74 -63489.7
20 4334.29 10.6768 353.372 9366.94 -49841.1
21 4515.63 10.669 345.762 9366.41 -49778
22 4696.98 10.6094 342.173 9362.54 -49308.7
23 4878.4 10.5447 340.218 9358.34 -48802.9
24 5059.91 10.4581 338.632 9352.79 -48136.7
25 5241.53 10.3406 336.687 9345.2 -47234.1
26 5423.29 10.1837 334.011 9335.01 -46036
27 5605.25 9.97651 330.368 9321.66 -44489.3
28 5787.47 9.7084 325.528 9304.43 -42535.3
29 5970.03 9.36642 319.22 9282.57 -40121.9
30 6153.01 8.9353 311.118 9255.16 -37204
31 6336.54 8.39923 300.851 9221.23 -33758.7
32 6520.75 7.73633 287.989 9179.66 -29799.2
33 6705.79 6.92513 272.029 9129.25 -25391.9
34 6891.85 5.93926 252.367 9068.68 -20690.2
35 7079.15 4.74874 228.293 8996.58 -15972.5
36 7267.96 3.56228 199.103 8912.28 -11698.5
37 7458.55 3.04816 167.357 8835.2 -8465.07
38 7650.8 2.60595 140.112 8770.48 -6105
39 7844.48 2.22465 116.786 8715.93 -4382.89
40 8039.36 1.89816 96.656 8670.12 -3133.67
41 8235.28 1.55929 78.9558 8631.62 -2233.47
42 8432.06 1.04663 63.527 8593.78 -1570.49
43 8629.72 2.20834 55.1526 8589.87 -1468.02
44 8827.46 2.14976 54.8282 8587.26 -1390.83
45 9025.27 2.0861 53.3941 8584.42 -1309.37
46 9223.14 2.01432 51.9112 8581.23 -1220.51
47 9421.08 1.93346 50.2605 8577.63 -1124.09
48 9619.11 1.8439 48.3828 8573.66 -1022.08
49 9817.23 1.74689 46.2834 8569.36 -917.019
50 10015.4 1.64365 43.9858 8564.79 -811.514
51 10213.8 1.53568 41.5199 8560.01 -708.072
52 10412.2 1.42443 38.9195 8555.1 -608.948
53 10610.8 1.31156 36.2218 8550.13 -516.046
54 10809.4 1.19862 33.4656 8545.17 -430.832
55 11008.2 1.08718 30.6905 8540.28 -354.294
56 11207.1 0.978659 27.9343 8535.52 -286.941
57 11406.1 0.874152 25.233 8530.95 -228.852
58 11605.2 0.774846 22.6189 8526.61 -179.725
59 11804.4 0.681455 20.1198 8522.54 -138.976
60 12003.7 0.594773 17.7588 8518.76 -105.811
61 12203.1 0.515045 15.5536 8515.3 -79.3192
62 12402.6 0.442516 13.5167 8512.15 -58.5441
63 12602.1 0.377271 11.6554 8509.32 -42.5457
64 12801.8 0.31924 9.97287 8506.8 -30.4443
65 13001.4 0.267957 8.46714 8504.58 -21.4518
66 13201.2 0.22327 7.13328 8502.64 -14.8848
67 13400.9 0.184554 5.96346 8500.97 -10.1714
68 13600.7 0.151419 4.94726 8499.54 -6.84534
69 13800.6 0.123317 4.07289 8498.32 -4.53752
70 14000.5 0.09962 3.3276 8497.3 -2.96288
71 14200.4 0.0799358 2.69816 8496.45 -1.90586
72 14400.3 0.0636358 2.17131 8495.74 -1.20779
73 14600.2 0.0502483 1.73428 8495.17 -0.754197
74 14800.2 0.0394589 1.37489 8494.7 -0.464075
75 15000.1 0.0307167 1.0819 8494.32 -0.281402
76 15200.1 0.0237857 0.845034 8494.02 -0.168196
77 15400.1 0.0182722 0.655183 8493.78 -0.0991121
78 15600.1 0.0138613 0.504254 8493.6 -0.0575754
79 15800 0.010553 0.385343 8493.45 -0.0329766
80 16000 0.00787486 0.292203 8493.34 -0.0186265
81 16200 0.00590561 0.220017 8493.25 -0.0103784
82 16400 0.00440897 0.164413 8493.19 -0.00570427
83 16600 0.0032274 0.121911 8493.14 -0.00309406
84 16800 0.00236091 0.0897233 8493.1 -0.00165643
85 17000 0.00173074 0.065494 8493.07 -0.000875565
86 17200 0.0012581 0.0474019 8493.05 -0.000457026
87 17400 0.000864242 0.0339748 8493.04 -0.000235787
88 17600 0.000627924 0.0240911 8493.03 -0.000120378
89 17800 0.000470379 0.016902 8493.02 -6.07219e-05
90 18000 0.000312834 0.0116405 8493.01 -3.0374e-05
91 18200 0.000234061 0.00782468 8493.01 -1.51589e-05
92 18400 0.000155296 0.00521722 8493.01 -7.35518e-06
93 18600 7.63863e-05 0.00338626 8493 -3.41848e-06
94 18800 7.63863e-05 0.00177502 8493 -1.72331e-06
95 19000 7.63863e-05 0.000902253 8493 -8.61026e-07
96 19200 7.63863e-05 0.000450461 8493 -4.30348e-07
97 19400 7.63863e-05 0.000221751 8493 -2.59712e-08
98 19600 7.63863e-05 0.00010513 8493 2.09624e-06
99 19800 7.63863e-05 4.19057e-05 8493 0.00520892
