NTS LL(mkm)  STRESS(GPa)   VEL(m / s)  DENS(kg/m3)  ENERGY(J) 
0 360.085 11.7384 400 9630.01 -76962
1 536.471 11.7327 399.894 9629.68 -77046
2 712.863 11.7155 399.638 9628.68 -76967.8
3 889.274 11.6662 399.052 9625.83 -76627.6
4 1065.74 11.5279 397.936 9617.83 -75624.9
5 1242.35 11.1616 395.914 9596.75 -73052.5
6 1419.34 10.2657 391.314 9545.79 -67089.2
7 1597.29 8.19136 378.14 9430.9 -55325.3
8 1777.4 10.4071 341.468 9349.44 -47723
9 1959.07 10.1967 338.253 9335.89 -46122.6
10 2141.02 9.836 334.131 9312.63 -43447.6
11 2323.42 9.31752 326.527 9279.45 -39775.1
12 2506.46 8.6248 314.851 9235.46 -35172.2
13 2690.39 7.73601 298.745 9179.64 -29790.6
14 2875.43 6.63052 277.666 9111.07 -23906
15 3061.86 5.28585 251.031 9028.99 -17967.5
16 3249.99 3.69767 218.45 8932.64 -12622.5
17 3440.14 3.08356 180.093 8840.41 -8666.41
18 3632.28 2.56566 147.024 8764.66 -5908.8
19 3826.08 2.13221 118.961 8702.88 -4008.1
20 4021.26 1.77175 95.6446 8652.59 -2703.81
21 4217.57 1.24974 76.7606 8608.8 -1802.84
22 4414.88 2.14298 57.954 8586.96 -1381.18
23 4612.69 1.97003 54.3595 8579.26 -1166.45
24 4810.68 1.77608 50.4718 8570.65 -947.404
25 5008.87 1.57225 45.9133 8561.63 -741.804
26 5207.27 1.36773 40.9774 8552.61 -560.93
27 5405.87 1.16957 35.9333 8543.89 -409.823
28 5604.68 0.983126 30.9708 8535.72 -289.355
29 5803.68 0.812503 26.2383 8528.26 -197.483
30 6002.85 0.660259 21.852 8521.62 -130.332
31 6202.18 0.527772 17.8934 8515.85 -83.2072
32 6401.65 0.414927 14.4085 8510.95 -51.4101
33 6601.22 0.321049 11.4121 8506.88 -30.7539
34 6800.9 0.244435 8.89241 8503.56 -17.8198
35 7000.65 0.183216 6.81834 8500.91 -10.006
36 7200.46 0.135204 5.14552 8498.83 -5.44708
37 7400.33 0.0982815 3.82282 8497.24 -2.87612
38 7600.23 0.0703292 2.7966 8496.03 -1.47363
39 7800.16 0.0496183 2.01484 8495.14 -0.733014
40 8000.11 0.0344972 1.42999 8494.49 -0.354135
41 8200.07 0.0236282 0.999883 8494.02 -0.166266
42 8400.05 0.015988 0.689022 8493.69 -0.0758924
43 8600.03 0.0106318 0.467908 8493.46 -0.0337017
44 8800.02 0.00700839 0.313267 8493.3 -0.0145659
45 9000.01 0.00456651 0.206652 8493.19 -0.00613707
46 9200.01 0.00291231 0.134398 8493.12 -0.00252325
47 9400 0.00180951 0.0861758 8493.08 -0.00101279
48 9600 0.00117933 0.0543893 8493.05 -0.00039829
49 9800 0.000706697 0.0337771 8493.03 -0.000153921
50 10000 0.000470379 0.0206095 8493.02 -5.8609e-05
51 10200 0.000312834 0.0123005 8493.01 -2.20881e-05
52 10400 0.000155296 0.00702934 8493.01 -8.6007e-06
53 10600 7.63863e-05 0.00397024 8493 -3.23719e-06
54 10800 7.63863e-05 0.00186084 8493 -1.45575e-06
55 11000 7.63863e-05 0.000843188 8493 -6.47778e-07
56 11200 7.63863e-05 0.000376622 8493 -2.86734e-07
57 11400 7.63863e-05 0.000167267 8493 -1.26362e-07
58 11600 7.63863e-05 7.39784e-05 8493 -5.54248e-08
59 11800 7.63863e-05 3.2569e-05 8493 -2.41903e-08
60 12000 7.63863e-05 1.42681e-05 8493 -1.0506e-08
61 12200 7.63863e-05 6.21958e-06 8493 -4.5396e-09
62 12400 7.63863e-05 2.69761e-06 8493 -1.95269e-09
63 12600 7.63863e-05 1.16413e-06 8493 -8.34403e-10
64 12800 7.63863e-05 4.99812e-07 8493 -3.55494e-10
65 13000 7.63863e-05 2.13478e-07 8493 -1.50249e-10
66 13200 7.63863e-05 9.06999e-08 8493 -6.32654e-11
67 13400 7.63863e-05 3.83289e-08 8493 -2.66003e-11
68 13600 7.63863e-05 1.61092e-08 8493 -1.10762e-11
69 13800 7.63863e-05 6.73297e-09 8493 -4.4459e-12
70 14000 7.63863e-05 2.79828e-09 8493 -2.18442e-12
71 14200 7.63863e-05 1.15635e-09 8493 0
72 14400 7.63863e-05 4.75084e-10 8493 0
73 14600 7.63863e-05 1.94045e-10 8493 0
74 14800 7.63863e-05 7.87865e-11 8493 0
75 15000 7.63863e-05 3.17976e-11 8493 0
76 15200 7.63863e-05 1.27556e-11 8493 0
77 15400 7.63863e-05 5.08567e-12 8493 0
78 15600 7.63863e-05 2.01517e-12 8493 0
79 15800 7.63863e-05 7.93534e-13 8493 0
80 16000 7.63863e-05 3.10522e-13 8493 0
81 16200 7.63863e-05 1.20745e-13 8493 0
82 16400 7.63863e-05 4.66527e-14 8493 0
83 16600 7.63863e-05 1.79101e-14 8493 0
84 16800 7.63863e-05 6.83147e-15 8493 0
85 17000 7.63863e-05 2.58887e-15 8493 0
86 17200 7.63863e-05 9.74705e-16 8493 0
87 17400 7.63863e-05 3.64566e-16 8493 0
88 17600 7.63863e-05 1.35469e-16 8493 0
89 17800 7.63863e-05 5.0004e-17 8493 0
90 18000 7.63863e-05 1.83379e-17 8493 0
91 18200 7.63863e-05 6.68477e-18 8493 0
92 18400 7.63863e-05 2.40921e-18 8493 0
93 18600 7.63863e-05 8.63385e-19 8493 0
94 18800 7.63863e-05 3.10198e-19 8493 0
95 19000 7.63863e-05 1.34419e-19 8493 0
96 19200 7.63863e-05 4.65296e-20 8493 0
97 19400 7.63863e-05 0 8493 1.92327e-07
98 19600 7.63863e-05 1.20191e-11 8493 2.21401e-06
99 19800 7.63863e-05 7.42819e-12 8493 0.00520764
