NTS LL(mkm)  STRESS(GPa)   VEL(m / s)  DENS(kg/m3)  ENERGY(J) 
0 840.853 11.8282 400 9635.22 -77623.6
1 1017.14 11.8281 399.96 9635.21 -77748.4
2 1193.44 11.828 399.921 9635.21 -77795.6
3 1369.73 11.8278 399.881 9635.2 -77814.4
4 1546.02 11.8276 399.841 9635.18 -77811.1
5 1722.31 11.8272 399.801 9635.16 -77826.8
6 1898.6 11.8267 399.76 9635.14 -77819.3
7 2074.89 11.8262 399.719 9635.11 -77822.7
8 2251.19 11.8255 399.677 9635.07 -77825
9 2427.48 11.8247 399.634 9635.02 -77813.1
10 2603.77 11.8236 399.587 9634.95 -77806.4
11 2780.07 11.8221 399.534 9634.87 -77801.3
12 2956.37 11.8196 399.468 9634.72 -77788.1
13 3132.67 11.8149 399.383 9634.45 -77752.3
14 3308.97 11.8049 399.272 9633.87 -77675.3
15 3485.29 11.7821 399.114 9632.55 -77508.1
16 3661.63 11.7318 398.804 9629.63 -77140.6
17 3838.02 11.6233 397.995 9623.35 -76354.2
18 4014.53 11.3927 395.832 9610.03 -74695.4
19 4191.28 10.8911 390.584 9581.28 -71221.1
20 4368.56 9.76547 379.343 9517.69 -64020.3
21 4547.03 7.05142 360.891 9369.54 -50057.3
22 4728.32 7.01394 344.798 9367.54 -49893.6
23 4909.65 10.6241 337.576 9363.54 -49431.5
24 5091.05 10.5715 340.507 9360.11 -49015.3
25 5272.53 10.4979 339.165 9355.34 -48442.6
26 5454.09 10.3981 337.476 9348.85 -47667.4
27 5635.78 10.263 335.188 9340.13 -46636.2
28 5817.64 10.085 332.074 9328.64 -45295.1
29 5999.73 9.85308 327.923 9313.78 -43590.5
30 6182.1 9.55783 322.494 9294.82 -41466.1
31 6364.85 9.18442 315.501 9270.96 -38872
32 6548.07 8.71691 306.605 9241.29 -35773.8
33 6731.87 8.13742 295.412 9204.79 -32158.4
34 6916.41 7.42575 281.476 9160.3 -28054.8
35 7101.84 6.55705 264.296 9106.55 -23552.3
36 7288.36 5.50187 243.284 9042.08 -18835.8
37 7476.22 4.22803 217.653 8965.4 -14240.4
38 7665.68 3.36015 186.289 8881.68 -10361.4
39 7856.93 2.87685 156.355 8809.92 -7503.43
40 8049.73 2.46068 130.806 8749.57 -5415.09
41 8243.87 2.10125 108.999 8698.52 -3886.09
42 8439.14 1.79051 90.4262 8655.19 -2767.02
43 8635.39 1.35933 74.3728 8616.89 -1945.59
44 8832.52 2.22648 57.5126 8590.68 -1492.37
45 9030.24 2.18692 55.2263 8588.92 -1439.6
46 9228.01 2.13776 54.1095 8586.72 -1375.34
47 9425.83 2.07839 53.0278 8584.08 -1299.73
48 9623.71 2.00917 51.6954 8581 -1214.3
49 9821.65 1.93112 50.1064 8577.53 -1121.42
50 10019.7 1.84499 48.29 8573.7 -1023.28
51 10217.8 1.75173 46.2671 8569.57 -922.112
52 10416 1.6524 44.0579 8565.17 -820.227
53 10614.3 1.54842 41.687 8560.57 -719.91
54 10812.8 1.44101 39.1845 8555.84 -623.271
55 11011.3 1.33175 36.5834 8551.02 -532.12
56 11209.9 1.22211 33.9193 8546.2 -447.899
57 11408.7 1.11342 31.2282 8541.43 -371.628
58 11607.5 1.00703 28.5457 8536.77 -303.898
59 11806.5 0.904263 25.9056 8532.27 -244.899
60 12005.6 0.805914 23.3384 8527.97 -194.47
61 12204.8 0.713009 20.8717 8523.92 -152.157
62 12404.1 0.626105 18.5281 8520.13 -117.298
63 12603.4 0.545762 16.3261 8516.63 -89.0899
64 12802.9 0.472222 14.2792 8513.44 -66.6666
65 13002.4 0.405494 12.3962 8510.54 -49.1516
66 13202 0.345663 10.6818 8507.95 -35.7041
67 13401.6 0.292499 9.13618 8505.64 -25.5545
68 13601.3 0.245615 7.75635 8503.61 -18.0218
69 13801.1 0.204779 6.53633 8501.84 -12.5239
70 14000.9 0.169522 5.46759 8500.32 -8.57664
71 14200.7 0.139219 4.54022 8499.01 -5.78818
72 14400.5 0.113555 3.74236 8497.9 -3.85015
73 14600.4 0.0919828 3.06242 8496.97 -2.5242
74 14800.3 0.0739514 2.48782 8496.19 -1.63126
75 15000.3 0.0589897 2.00647 8495.54 -1.03927
76 15200.2 0.0467832 1.60653 8495.02 -0.652818
77 15400.2 0.0367812 1.27726 8494.59 -0.404289
78 15600.1 0.0287477 1.00809 8494.24 -0.246922
79 15800.1 0.0223679 0.790151 8493.96 -0.14872
80 16000.1 0.0172482 0.614955 8493.74 -0.0883459
81 16200.1 0.0131524 0.475067 8493.57 -0.0517731
82 16400 0.0100016 0.364526 8493.43 -0.0299367
83 16600 0.00755978 0.277727 8493.32 -0.0170794
84 16800 0.0056693 0.210137 8493.24 -0.00961592
85 17000 0.00425143 0.157816 8493.18 -0.00534244
86 17200 0.00314863 0.117645 8493.13 -0.00293085
87 17400 0.00228214 0.0870628 8493.1 -0.00158761
88 17600 0.00165196 0.0639071 8493.07 -0.00084939
89 17800 0.0012581 0.0465291 8493.05 -0.000449065
90 18000 0.000864242 0.0335717 8493.04 -0.000234756
91 18200 0.000627924 0.0239665 8493.03 -0.000121359
92 18400 0.000470379 0.0169052 8493.02 -6.21106e-05
93 18600 0.000312834 0.0117557 8493.01 -3.14379e-05
94 18800 0.000234061 0.00795022 8493.01 -1.58817e-05
95 19000 0.000155296 0.00536259 8493.01 -7.77782e-06
96 19200 0.000155296 0.00347178 8493 -3.69881e-06
97 19400 7.63863e-05 0.00186382 8493 -1.70923e-06
98 19600 7.63863e-05 0.000899344 8493 1.17207e-06
99 19800 7.63863e-05 0.000363359 8493 0.00520843
