NTS LL(mkm)  STRESS(GPa)   VEL(m / s)  DENS(kg/m3)  ENERGY(J) 
0 79.8481 7.36472 400 9386.28 -51199.3
1 260.814 9.0645 363.327 9263.33 -37954.3
2 444.182 6.81858 337.201 9122.66 -24792.7
3 630.378 4.12813 285.561 8959.45 -13912.9
4 819.966 2.87246 217.445 8809.29 -7460.49
5 1012.78 2.10337 158.109 8698.83 -3889.13
6 1208.05 1.40768 111.335 8620.45 -2004.21
7 1405.1 1.87714 73.6882 8575.13 -1054.88
8 1603.18 1.27016 54.5181 8548.31 -481.595
9 1801.89 0.807169 37.9172 8528.02 -193.999
10 2001.06 0.483616 24.6882 8513.93 -69.5016
11 2200.57 0.274171 15.1172 8504.85 -22.3023
12 2400.29 0.147484 8.74221 8499.37 -6.4438
13 2600.14 0.0754475 4.78866 8496.25 -1.68375
14 2800.07 0.0367812 2.49022 8494.58 -0.39961
15 3000.03 0.0170907 1.232 8493.74 -0.086491
16 3200.01 0.00763855 0.580933 8493.33 -0.0171467
17 3400.01 0.0032274 0.261447 8493.14 -0.00313497
18 3600 0.00133688 0.112373 8493.06 -0.000538902
19 3800 0.000549152 0.0461836 8493.02 -8.90201e-05
20 4000 0.000234061 0.018047 8493.01 -1.53329e-05
21 4200 7.63863e-05 0.00668155 8493 -2.96767e-06
22 4400 7.63863e-05 0.00212916 8493 -9.03947e-07
23 4600 7.63863e-05 0.000655451 8493 -2.67726e-07
24 4800 7.63863e-05 0.00019591 8493 -7.7323e-08
25 5000 7.63863e-05 5.70771e-05 8493 -2.17874e-08
26 5200 7.63863e-05 1.62205e-05 8493 -5.98748e-09
27 5400 7.63863e-05 4.49435e-06 8493 -1.60402e-09
28 5600 7.63863e-05 1.2138e-06 8493 -4.19345e-10
29 5800 7.63863e-05 3.19505e-07 8493 -1.06719e-10
30 6000 7.63863e-05 8.19758e-08 8493 -2.66003e-11
31 6200 7.63863e-05 2.05027e-08 8493 -6.39724e-12
32 6400 7.63863e-05 4.99925e-09 8493 -1.51985e-12
33 6600 7.63863e-05 1.1886e-09 8493 -2.71608e-13
34 6800 7.63863e-05 2.75595e-10 8493 0
35 7000 7.63863e-05 6.23305e-11 8493 0
36 7200 7.63863e-05 1.37534e-11 8493 0
37 7400 7.63863e-05 2.96139e-12 8493 0
38 7600 7.63863e-05 6.22383e-13 8493 0
39 7800 7.63863e-05 1.27703e-13 8493 0
40 8000 7.63863e-05 2.55876e-14 8493 0
41 8200 7.63863e-05 5.00786e-15 8493 0
42 8400 7.63863e-05 9.5758e-16 8493 0
43 8600 7.63863e-05 1.78942e-16 8493 0
44 8800 7.63863e-05 3.26893e-17 8493 0
45 9000 7.63863e-05 5.8315e-18 8493 0
46 9200 7.63863e-05 1.01643e-18 8493 0
47 9400 7.63863e-05 1.6766e-19 8493 0
48 9600 7.63863e-05 3.66653e-20 8493 0
49 9800 7.63863e-05 0 8493 0
50 10000 7.63863e-05 0 8493 0
51 10200 7.63863e-05 0 8493 0
52 10400 7.63863e-05 0 8493 0
53 10600 7.63863e-05 0 8493 0
54 10800 7.63863e-05 0 8493 0
55 11000 7.63863e-05 0 8493 0
56 11200 7.63863e-05 0 8493 0
57 11400 7.63863e-05 0 8493 0
58 11600 7.63863e-05 0 8493 0
59 11800 7.63863e-05 0 8493 0
60 12000 7.63863e-05 0 8493 0
61 12200 7.63863e-05 0 8493 0
62 12400 7.63863e-05 0 8493 0
63 12600 7.63863e-05 0 8493 0
64 12800 7.63863e-05 0 8493 0
65 13000 7.63863e-05 0 8493 0
66 13200 7.63863e-05 0 8493 0
67 13400 7.63863e-05 0 8493 0
68 13600 7.63863e-05 0 8493 0
69 13800 7.63863e-05 0 8493 0
70 14000 7.63863e-05 0 8493 0
71 14200 7.63863e-05 0 8493 0
72 14400 7.63863e-05 0 8493 0
73 14600 7.63863e-05 0 8493 0
74 14800 7.63863e-05 0 8493 0
75 15000 7.63863e-05 0 8493 0
76 15200 7.63863e-05 0 8493 0
77 15400 7.63863e-05 0 8493 0
78 15600 7.63863e-05 0 8493 0
79 15800 7.63863e-05 0 8493 0
80 16000 7.63863e-05 0 8493 0
81 16200 7.63863e-05 0 8493 0
82 16400 7.63863e-05 0 8493 0
83 16600 7.63863e-05 0 8493 0
84 16800 7.63863e-05 0 8493 0
85 17000 7.63863e-05 0 8493 0
86 17200 7.63863e-05 0 8493 0
87 17400 7.63863e-05 0 8493 0
88 17600 7.63863e-05 0 8493 0
89 17800 7.63863e-05 0 8493 0
90 18000 7.63863e-05 0 8493 0
91 18200 7.63863e-05 0 8493 0
92 18400 7.63863e-05 0 8493 0
93 18600 7.63863e-05 0 8493 0
94 18800 7.63863e-05 0 8493 0
95 19000 7.63863e-05 0 8493 0
96 19200 7.63863e-05 0 8493 0
97 19400 7.63863e-05 0 8493 1.82139e-07
98 19600 7.63863e-05 4.12354e-06 8493 2.21791e-06
99 19800 7.63863e-05 2.54849e-06 8493 0.00520679
