NTS LL(mkm)  STRESS(GPa)   VEL(m / s)  DENS(kg/m3)  ENERGY(J) 
0 602.416 11.7974 400 9633.43 -77395.9
1 778.74 11.7972 399.92 9633.42 -77520
2 955.063 11.7969 399.84 9633.4 -77566
3 1131.39 11.7964 399.758 9633.38 -77582.7
4 1307.71 11.7956 399.676 9633.33 -77575.6
5 1484.04 11.7942 399.591 9633.24 -77582.8
6 1660.36 11.7909 399.506 9633.05 -77554.2
7 1836.69 11.7832 399.415 9632.61 -77505.3
8 2013.03 11.766 399.277 9631.61 -77385.9
9 2189.39 11.7286 398.946 9629.45 -77105.8
10 2365.79 11.6479 398.087 9624.77 -76517.8
11 2542.27 11.4674 396.157 9614.34 -75221.2
12 2718.94 11.0429 392.551 9589.95 -72249.7
13 2896.06 10.0309 386.341 9532.57 -65635.3
14 3074.25 7.66196 372.912 9402.25 -52778
15 3254.91 10.5188 334.261 9356.68 -48598.9
16 3436.45 10.5113 340.343 9356.2 -48540.5
17 3618 10.3775 338.917 9347.55 -47508.5
18 3799.72 10.1931 335.914 9335.61 -46104
19 3981.66 9.94517 331.657 9319.64 -44256
20 4163.92 9.6166 325.931 9298.61 -41881.3
21 4346.6 9.19193 318.311 9271.46 -38921.4
22 4529.8 8.65025 308.328 9237.1 -35343.3
23 4713.69 7.97154 295.488 9194.39 -31166.3
24 4898.44 7.13395 279.258 9142.16 -26475.5
25 5084.23 6.11099 259.02 9079.2 -21456.7
26 5271.32 4.87665 234.099 9004.3 -16428.5
27 5459.97 3.59093 203.874 8916.61 -11891.9
28 5650.46 3.05226 170.385 8835.76 -8485.21
29 5842.7 2.59042 141.665 8768.23 -6028.75
30 6036.43 2.19559 117.211 8711.83 -4263.55
31 6231.4 1.85966 96.3826 8664.77 -2999.81
32 6427.44 1.47023 78.275 8625.06 -2101.04
33 6624.38 2.25132 60.2794 8591.79 -1525.68
34 6822.08 2.15545 56.3829 8587.51 -1397.98
35 7019.88 2.06101 53.8742 8583.3 -1277.7
36 7217.77 1.95623 51.6564 8578.64 -1150.67
37 7415.77 1.83977 49.2387 8573.47 -1017.25
38 7613.9 1.71355 46.5154 8567.88 -882.052
39 7812.15 1.58038 43.5221 8561.99 -749.924
40 8010.54 1.44312 40.3253 8555.93 -624.99
41 8209.07 1.3046 36.9946 8549.83 -510.455
42 8407.74 1.16738 33.5996 8543.8 -408.493
43 8606.55 1.03391 30.2073 8537.94 -320.261
44 8805.5 0.906302 26.8806 8532.36 -245.97
45 9004.57 0.786301 23.6753 8527.11 -185.059
46 9203.77 0.675253 20.638 8522.27 -136.392
47 9403.09 0.573882 17.8056 8517.86 -98.4784
48 9602.5 0.482752 15.2042 8513.9 -69.662
49 9802.01 0.401956 12.8501 8510.39 -48.2817
50 10001.6 0.331351 10.7497 8507.32 -32.7914
51 10201.3 0.270396 8.90146 8504.68 -21.8259
52 10401 0.218392 7.29644 8502.43 -14.2392
53 10600.8 0.174717 5.92097 8500.54 -9.10646
54 10800.6 0.138353 4.75688 8498.97 -5.71006
55 11000.5 0.108517 3.78373 8497.68 -3.51101
56 11200.3 0.0842665 2.98034 8496.63 -2.1173
57 11400.3 0.064817 2.32447 8495.79 -1.25254
58 11600.2 0.0493821 1.7954 8495.13 -0.726946
59 11800.1 0.0372537 1.37352 8494.61 -0.414023
60 12000.1 0.0278813 1.04071 8494.2 -0.231434
61 12200.1 0.0206351 0.78106 8493.89 -0.127007
62 12400.1 0.0151215 0.580723 8493.65 -0.0684352
63 12600 0.0110256 0.42765 8493.47 -0.0362176
64 12800 0.00795363 0.31203 8493.34 -0.0188295
65 13000 0.0056693 0.225526 8493.24 -0.00962157
66 13200 0.00401511 0.161486 8493.17 -0.00483223
67 13400 0.00283354 0.114498 8493.12 -0.0023873
68 13600 0.00196705 0.0803722 8493.08 -0.00116113
69 13800 0.00133688 0.055871 8493.06 -0.000555928
70 14000 0.000943014 0.0383772 8493.04 -0.000262627
71 14200 0.000627924 0.0260586 8493.03 -0.00012244
72 14400 0.000470379 0.0174802 8493.02 -5.62053e-05
73 14600 0.000312834 0.0114103 8493.01 -2.58136e-05
74 14800 0.000234061 0.00743164 8493.01 -1.1497e-05
75 15000 0.000155296 0.00441293 8493 -5.39177e-06
76 15200 7.63863e-05 0.00272497 8493 -2.41545e-06
77 15400 7.63863e-05 0.0013134 8493 -1.15868e-06
78 15600 7.63863e-05 0.000629393 8493 -5.56307e-07
79 15800 7.63863e-05 0.00030264 8493 -2.66686e-07
80 16000 7.63863e-05 0.000145422 8493 -1.2752e-07
81 16200 7.63863e-05 6.96932e-05 8493 -6.08224e-08
82 16400 7.63863e-05 3.33128e-05 8493 -2.89381e-08
83 16600 7.63863e-05 1.58846e-05 8493 -1.3738e-08
84 16800 7.63863e-05 7.55592e-06 8493 -6.50298e-09
85 17000 7.63863e-05 3.58528e-06 8493 -3.06957e-09
86 17200 7.63863e-05 1.6969e-06 8493 -1.44538e-09
87 17400 7.63863e-05 8.01066e-07 8493 -6.80411e-10
88 17600 7.63863e-05 3.77174e-07 8493 -3.1844e-10
89 17800 7.63863e-05 1.77117e-07 8493 -1.49001e-10
90 18000 7.63863e-05 8.29478e-08 8493 -6.92735e-11
91 18200 7.63863e-05 3.87401e-08 8493 -3.21403e-11
92 18400 7.63863e-05 1.80431e-08 8493 -1.5291e-11
93 18600 7.63863e-05 8.37977e-09 8493 -6.86533e-12
94 18800 7.63863e-05 3.88056e-09 8493 -2.65251e-12
95 19000 7.63863e-05 1.79142e-09 8493 0
96 19200 7.63863e-05 8.23629e-10 8493 0
97 19400 7.63863e-05 3.75456e-10 8493 1.92327e-07
98 19600 7.63863e-05 1.65984e-10 8493 2.21401e-06
99 19800 7.63863e-05 6.27852e-11 8493 0.00520838
