NTS LL(mkm)  STRESS(GPa)   VEL(m / s)  DENS(kg/m3)  ENERGY(J) 
0 803.207 11.8245 400 9635.01 -77596.7
1 979.501 11.8245 399.958 9635 -77721.4
2 1155.8 11.8243 399.915 9634.99 -77768.4
3 1332.09 11.8241 399.872 9634.98 -77786.9
4 1508.39 11.8238 399.828 9634.96 -77783.4
5 1684.68 11.8234 399.783 9634.94 -77798.7
6 1860.98 11.8229 399.737 9634.91 -77790.8
7 2037.27 11.8223 399.691 9634.88 -77793.5
8 2213.57 11.8215 399.645 9634.83 -77794.5
9 2389.87 11.8202 399.596 9634.76 -77780.3
10 2566.17 11.8186 399.542 9634.66 -77769.4
11 2742.47 11.816 399.475 9634.51 -77756.1
12 2918.77 11.8111 399.382 9634.23 -77725.3
13 3095.08 11.8009 399.253 9633.63 -77648.4
14 3271.4 11.7776 399.07 9632.29 -77474.7
15 3447.75 11.725 398.747 9629.23 -77088.2
16 3624.15 11.6092 397.971 9622.53 -76245.9
17 3800.67 11.3592 395.887 9608.11 -74460.5
18 3977.46 10.8205 390.629 9577.25 -70740.6
19 4154.81 9.61777 378.612 9509.44 -63138.9
20 4333.44 10.6625 352.758 9366 -49726.8
21 4514.8 10.6624 345.293 9365.97 -49725.2
22 4696.15 10.6057 341.91 9362.3 -49280.3
23 4877.58 10.5409 340.09 9358.15 -48779.6
24 5059.09 10.4551 338.555 9352.55 -48107.7
25 5240.71 10.3363 336.605 9344.86 -47194.5
26 5422.48 10.1769 333.897 9334.56 -45983
27 5604.45 9.96646 330.209 9321.06 -44420.4
28 5786.68 9.6962 325.313 9303.65 -42447.9
29 5969.26 9.3503 318.937 9281.57 -40013.7
30 6152.26 8.91562 310.752 9253.91 -37073.2
31 6335.82 8.37397 300.382 9219.67 -33604.8
32 6520.06 7.70515 287.398 9177.74 -29623.4
33 6705.13 6.88721 271.295 9126.91 -25198.3
34 6891.24 5.89295 251.466 9065.86 -20487.1
35 7078.6 4.69239 227.184 8993.21 -15776
36 7267.48 3.5388 197.708 8908.7 -11538.8
37 7458.15 3.02796 166.114 8832.19 -8347.92
38 7650.47 2.58833 139.038 8767.94 -6019.32
39 7844.2 2.20934 115.881 8713.77 -4319.81
40 8039.13 1.88462 95.9251 8668.23 -3086.2
41 8235.09 1.53636 78.2844 8629.93 -2198.47
42 8431.91 1.03663 61.7375 8593.04 -1560.07
43 8629.58 2.20647 56.1491 8589.79 -1465.55
44 8827.33 2.14626 54.8089 8587.1 -1386.32
45 9025.14 2.0826 53.3024 8584.27 -1304.99
46 9223.01 2.01042 51.8292 8581.05 -1215.78
47 9420.96 1.92901 50.1715 8577.43 -1118.92
48 9618.99 1.83899 48.2805 8573.44 -1016.57
49 9817.11 1.7415 46.1677 8569.11 -911.312
50 10015.3 1.63787 43.8579 8564.53 -805.756
51 10213.7 1.5295 41.3814 8559.74 -702.403
52 10412.1 1.41802 38.7722 8554.82 -603.497
53 10610.7 1.30507 36.0678 8549.85 -510.922
54 10809.3 1.19212 33.3072 8544.88 -426.121
55 11008.1 1.08068 30.5299 8539.99 -350.053
56 11207 0.972232 27.7737 8535.24 -283.202
57 11406 0.867957 25.0747 8530.68 -225.622
58 11605.1 0.768961 22.4647 8526.36 -176.991
59 11804.4 0.675881 19.9715 8522.3 -136.706
60 12003.7 0.589511 17.618 8518.54 -103.962
61 12203.1 0.510174 15.4214 8515.09 -77.8409
62 12402.6 0.438114 13.3939 8511.96 -57.3843
63 12602.1 0.37334 11.5428 8509.14 -41.6524
64 12801.7 0.315622 9.87045 8506.64 -29.7685
65 13001.4 0.26481 8.37507 8504.44 -20.9497
66 13201.1 0.220516 7.05138 8502.52 -14.5182
67 13400.9 0.182193 5.89132 8500.87 -9.90825
68 13600.7 0.149373 4.8843 8499.45 -6.65974
69 13800.6 0.121506 4.01848 8498.24 -4.40881
70 14000.5 0.0981241 3.28106 8497.23 -2.8751
71 14200.4 0.078676 2.65868 8496.39 -1.84697
72 14400.3 0.0626121 2.13813 8495.7 -1.16893
73 14600.2 0.0494608 1.70666 8495.13 -0.728962
74 14800.2 0.0387501 1.35207 8494.67 -0.447953
75 15000.1 0.0301654 1.06325 8494.3 -0.271261
76 15200.1 0.0233131 0.829915 8494 -0.161914
77 15400.1 0.0178783 0.642981 8493.77 -0.0952858
78 15600.1 0.013625 0.494596 8493.59 -0.0552724
79 15800 0.0103167 0.377631 8493.44 -0.0316159
80 16000 0.00771732 0.286164 8493.33 -0.0178346
81 16200 0.00574807 0.21535 8493.25 -0.00992219
82 16400 0.00425143 0.160771 8493.18 -0.00544666
83 16600 0.00314863 0.119122 8493.13 -0.00295073
84 16800 0.00228214 0.0876238 8493.1 -0.00157734
85 17000 0.00165196 0.0639052 8493.07 -0.000832558
86 17200 0.00117933 0.0462066 8493.05 -0.000433996
87 17400 0.000864242 0.0330637 8493.04 -0.000223837
88 17600 0.000627924 0.023454 8493.03 -0.000114054
89 17800 0.000470379 0.0164695 8493.02 -5.72194e-05
90 18000 0.000312834 0.0112434 8493.01 -2.87115e-05
91 18200 0.000234061 0.00758245 8493.01 -1.42989e-05
92 18400 0.000155296 0.00501488 8493 -6.95841e-06
93 18600 7.63863e-05 0.00324991 8493 -3.2465e-06
94 18800 7.63863e-05 0.00169181 8493 -1.63055e-06
95 19000 7.63863e-05 0.00085511 8493 -8.13211e-07
96 19200 7.63863e-05 0.000425671 8493 -4.06204e-07
97 19400 7.63863e-05 0.000209361 8493 -1.36706e-08
98 19600 7.63863e-05 9.92383e-05 8493 2.10291e-06
99 19800 7.63863e-05 3.95542e-05 8493 0.00520892
