NTS LL(mkm)  STRESS(GPa)   VEL(m / s)  DENS(kg/m3)  ENERGY(J) 
0 600.485 11.797 400 9633.41 -77393.2
1 776.809 11.7968 399.92 9633.4 -77517.3
2 953.133 11.7965 399.839 9633.38 -77563.3
3 1129.46 11.7961 399.758 9633.35 -77579.9
4 1305.78 11.7952 399.674 9633.31 -77572.7
5 1482.11 11.7937 399.587 9633.22 -77579.9
6 1658.44 11.7904 399.497 9633.03 -77551.1
7 1834.77 11.7826 399.403 9632.57 -77500.8
8 2011.11 11.7646 399.269 9631.53 -77375.1
9 2187.46 11.7247 398.958 9629.22 -77077.4
10 2363.86 11.6389 398.112 9624.25 -76451.9
11 2540.36 11.4498 396.062 9613.33 -75095.7
12 2717.05 11.0129 391.953 9588.23 -72043.4
13 2894.2 9.9696 384.941 9529.13 -65256.8
14 3072.46 7.48323 371.692 9392.64 -51954.9
15 3253.3 10.5436 333.961 9358.28 -48791.9
16 3434.81 10.5052 340.643 9355.8 -48492.8
17 3616.36 10.3653 338.872 9346.78 -47416.8
18 3798.09 10.1765 335.657 9334.54 -45979
19 3980.06 9.92284 331.279 9318.21 -44092.6
20 4162.35 9.58754 325.427 9296.71 -41671
21 4345.06 9.1526 317.635 9268.99 -38658.3
22 4528.32 8.6003 307.43 9233.95 -35025.4
23 4712.27 7.90847 294.321 9190.45 -30796.6
24 4897.09 7.05499 277.774 9137.31 -26064
25 5082.99 6.01489 257.168 9073.31 -21023.7
26 5270.2 4.7601 231.791 8997.27 -16011.1
27 5458.99 3.54124 200.956 8909.09 -11554.3
28 5649.65 3.00938 167.77 8829.43 -8239.5
29 5842.03 2.55357 139.387 8762.93 -5851.39
30 6035.87 2.16423 115.264 8707.38 -4135.78
31 6230.94 1.83224 94.8022 8660.95 -2906.08
32 6427.06 1.4188 77.1439 8621.27 -2027.62
33 6624.09 2.23403 59.2929 8591.02 -1502.21
34 6821.81 2.14423 55.8256 8587.01 -1383.42
35 7019.62 2.05072 53.5638 8582.85 -1264.96
36 7217.52 1.94484 51.414 8578.14 -1137.23
37 7415.54 1.82681 48.978 8572.9 -1002.97
38 7613.67 1.69934 46.2161 8567.25 -867.459
39 7811.94 1.5653 43.1878 8561.32 -735.583
40 8010.34 1.4274 39.9638 8555.24 -611.376
41 8208.89 1.28856 36.6141 8549.12 -497.935
42 8407.58 1.15133 33.208 8543.09 -397.321
43 8606.4 1.01816 29.8126 8537.25 -310.577
44 8805.37 0.891169 26.4903 8531.7 -237.806
45 9004.46 0.772021 23.2964 8526.49 -178.361
46 9203.67 0.661829 20.2764 8521.69 -131.039
47 9403 0.561629 17.466 8517.32 -94.3077
48 9602.43 0.471672 14.8903 8513.41 -66.4931
49 9801.95 0.392051 12.5643 8509.96 -45.9322
50 10001.6 0.322622 10.4932 8506.95 -31.0905
51 10201.2 0.262844 8.67442 8504.36 -20.6232
52 10401 0.211939 7.09829 8502.15 -13.4081
53 10600.7 0.169207 5.75026 8500.31 -8.54499
54 10800.6 0.133787 4.61164 8498.77 -5.33914
55 11000.4 0.104738 3.66183 8497.52 -3.27122
56 11200.3 0.0811957 2.87905 8496.5 -1.96565
57 11400.2 0.0622971 2.2415 8495.69 -1.15863
58 11600.2 0.0474132 1.72817 8495.04 -0.670007
59 11800.1 0.0356786 1.31971 8494.54 -0.380183
60 12000.1 0.0266211 0.998027 8494.15 -0.211743
61 12200.1 0.0196899 0.747705 8493.85 -0.115764
62 12400.1 0.0144126 0.554822 8493.62 -0.0621466
63 12600 0.0104742 0.407802 8493.45 -0.0327686
64 12800 0.00755978 0.296975 8493.32 -0.0169736
65 13000 0.00535422 0.21424 8493.23 -0.0086408
66 13200 0.0037788 0.153077 8493.16 -0.00432429
67 13400 0.002676 0.108325 8493.11 -0.00212869
68 13600 0.00188828 0.0759177 8493.08 -0.00103082
69 13800 0.0012581 0.0525861 8493.05 -0.000492308
70 14000 0.000864242 0.0360682 8493.04 -0.000231756
71 14200 0.000627924 0.0244341 8493.02 -0.000107594
72 14400 0.000391606 0.016271 8493.02 -4.95234e-05
73 14600 0.000312834 0.0107151 8493.01 -2.23591e-05
74 14800 0.000155296 0.00682243 8493.01 -1.00276e-05
75 15000 0.000155296 0.004058 8493 -4.67425e-06
76 15200 7.63863e-05 0.00243705 8493 -2.12217e-06
77 15400 7.63863e-05 0.00115166 8493 -1.01949e-06
78 15600 7.63863e-05 0.000553475 8493 -4.89819e-07
79 15800 7.63863e-05 0.000266684 8493 -2.34625e-07
80 16000 7.63863e-05 0.000128056 8493 -1.12075e-07
81 16200 7.63863e-05 6.13019e-05 8493 -5.34073e-08
82 16400 7.63863e-05 2.92743e-05 8493 -2.53877e-08
83 16600 7.63863e-05 1.39468e-05 8493 -1.20419e-08
84 16800 7.63863e-05 6.62834e-06 8493 -5.69479e-09
85 17000 7.63863e-05 3.14227e-06 8493 -2.6856e-09
86 17200 7.63863e-05 1.48584e-06 8493 -1.26315e-09
87 17400 7.63863e-05 7.00759e-07 8493 -5.94442e-10
88 17600 7.63863e-05 3.29624e-07 8493 -2.77874e-10
89 17800 7.63863e-05 1.54634e-07 8493 -1.29653e-10
90 18000 7.63863e-05 7.23456e-08 8493 -6.02238e-11
91 18200 7.63863e-05 3.37537e-08 8493 -2.80835e-11
92 18400 7.63863e-05 1.57042e-08 8493 -1.27945e-11
93 18600 7.63863e-05 7.28573e-09 8493 -6.86533e-12
94 18800 7.63863e-05 3.37026e-09 8493 -1.40427e-12
95 19000 7.63863e-05 1.55413e-09 8493 0
96 19200 7.63863e-05 7.13737e-10 8493 0
97 19400 7.63863e-05 3.25003e-10 8493 1.92327e-07
98 19600 7.63863e-05 1.43534e-10 8493 2.21401e-06
99 19800 7.63863e-05 5.42513e-11 8493 0.00520837
