NTS LL(mkm)  STRESS(GPa)   VEL(m / s)  DENS(kg/m3)  ENERGY(J) 
0 400.879 11.7499 400 9630.68 -77046.9
1 577.253 11.748 399.901 9630.57 -77158.1
2 753.629 11.7422 399.742 9630.23 -77163.4
3 930.011 11.7253 399.45 9629.25 -77059.4
4 1106.41 11.6763 398.948 9626.41 -76699.7
5 1282.86 11.5421 398.114 9618.65 -75745.4
6 1459.46 11.2051 396.417 9599.25 -73351.3
7 1636.41 10.4156 391.786 9554.26 -68056.7
8 1814.19 8.62018 378.56 9454.3 -57536.5
9 1993.86 10.4609 344.571 9352.93 -48138.9
10 2175.47 10.3023 339.606 9342.7 -46927.2
11 2357.28 10.0262 335.695 9324.91 -44855.3
12 2539.44 9.62555 329.883 9299.12 -41934.3
13 2722.1 9.07705 320.968 9264.17 -38143.3
14 2905.45 8.36312 308.385 9218.96 -33530
15 3089.7 7.46006 291.618 9162.41 -28235.9
16 3275.09 6.34547 270.048 9093.56 -22535.6
17 3461.88 4.9978 243.028 9011.58 -16868.9
18 3650.37 3.58813 210.037 8916.18 -11872.2
19 3840.88 3.00565 173.358 8828.89 -8219.46
20 4033.27 2.51386 141.932 8757.22 -5661.15
21 4227.24 2.09964 115.31 8698.3 -3879.2
22 4422.51 1.75281 93.1563 8649.98 -2642.99
23 4618.89 1.22876 75.234 8607.25 -1777.37
24 4816.23 2.1507 57.1586 8587.3 -1391.32
25 5014.03 2.0013 54.2604 8580.65 -1204.11
26 5211.99 1.82947 50.9654 8573.02 -1005.51
27 5410.12 1.64537 46.9624 8564.86 -812.715
28 5608.45 1.45696 42.5437 8556.54 -636.794
29 5806.96 1.2704 37.9435 8548.32 -483.779
30 6005.67 1.09071 33.3221 8540.43 -356.347
31 6204.56 0.92214 28.8132 8533.05 -254.518
32 6403.62 0.767706 24.5317 8526.3 -176.311
33 6602.84 0.62956 20.5672 8520.28 -118.487
34 6802.2 0.508524 16.9819 8515.02 -77.272
35 7001.68 0.404708 13.811 8510.51 -48.9184
36 7201.27 0.317431 11.0651 8506.72 -30.0724
37 7400.94 0.2453 8.73477 8503.6 -17.9582
38 7600.7 0.186915 6.79495 8501.07 -10.4211
39 7800.51 0.140399 5.20999 8499.06 -5.87874
40 8000.36 0.104029 3.93811 8497.49 -3.22498
41 8200.26 0.0759987 2.93496 8496.28 -1.72109
42 8400.18 0.0547372 2.15703 8495.36 -0.893909
43 8600.12 0.0389864 1.56362 8494.68 -0.452013
44 8800.09 0.02733 1.11813 8494.18 -0.222613
45 9000.06 0.0189811 0.788859 8493.82 -0.106832
46 9200.04 0.0129948 0.549222 8493.56 -0.0499733
47 9400.03 0.00874133 0.377314 8493.38 -0.0228
48 9600.02 0.00582684 0.255788 8493.25 -0.0101551
49 9800.01 0.00385757 0.171187 8493.16 -0.00441684
50 10000 0.00251846 0.113037 8493.11 -0.001878
51 10200 0.00165196 0.073638 8493.07 -0.00078168
52 10400 0.00102179 0.0472423 8493.04 -0.000319854
53 10600 0.000627924 0.0298933 8493.03 -0.000128529
54 10800 0.000391606 0.0185371 8493.02 -5.12184e-05
55 11000 0.000234061 0.0112637 8493.01 -2.02712e-05
56 11200 0.000155296 0.00659154 8493.01 -8.17437e-06
57 11400 7.63863e-05 0.00379816 8493 -3.18148e-06
58 11600 7.63863e-05 0.00180484 8493 -1.45418e-06
59 11800 7.63863e-05 0.000830708 8493 -6.58467e-07
60 12000 7.63863e-05 0.000377383 8493 -2.96847e-07
61 12200 7.63863e-05 0.000170614 8493 -1.33337e-07
62 12400 7.63863e-05 7.68735e-05 8493 -5.96588e-08
63 12600 7.63863e-05 3.45069e-05 8493 -2.65825e-08
64 12800 7.63863e-05 1.54264e-05 8493 -1.17948e-08
65 13000 7.63863e-05 6.86749e-06 8493 -5.21011e-09
66 13200 7.63863e-05 3.04414e-06 8493 -2.29172e-09
67 13400 7.63863e-05 1.34345e-06 8493 -1.00377e-09
68 13600 7.63863e-05 5.90235e-07 8493 -4.36938e-10
69 13800 7.63863e-05 2.5813e-07 8493 -1.89644e-10
70 14000 7.63863e-05 1.12365e-07 8493 -8.191e-11
71 14200 7.63863e-05 4.86822e-08 8493 -3.51819e-11
72 14400 7.63863e-05 2.09909e-08 8493 -1.4977e-11
73 14600 7.63863e-05 9.00716e-09 8493 -6.47429e-12
74 14800 7.63863e-05 3.84603e-09 8493 -3.04162e-12
75 15000 7.63863e-05 1.6341e-09 8493 -4.6809e-13
76 15200 7.63863e-05 6.90808e-10 8493 0
77 15400 7.63863e-05 2.90551e-10 8493 0
78 15600 7.63863e-05 1.21575e-10 8493 0
79 15800 7.63863e-05 5.06052e-11 8493 0
80 16000 7.63863e-05 2.09531e-11 8493 0
81 16200 7.63863e-05 8.62935e-12 8493 0
82 16400 7.63863e-05 3.53474e-12 8493 0
83 16600 7.63863e-05 1.44001e-12 8493 0
84 16800 7.63863e-05 5.83409e-13 8493 0
85 17000 7.63863e-05 2.35052e-13 8493 0
86 17200 7.63863e-05 9.41704e-14 8493 0
87 17400 7.63863e-05 3.7515e-14 8493 0
88 17600 7.63863e-05 1.486e-14 8493 0
89 17800 7.63863e-05 5.85242e-15 8493 0
90 18000 7.63863e-05 2.29161e-15 8493 0
91 18200 7.63863e-05 8.92105e-16 8493 0
92 18400 7.63863e-05 3.4526e-16 8493 0
93 18600 7.63863e-05 1.32859e-16 8493 0
94 18800 7.63863e-05 5.08605e-17 8493 0
95 19000 7.63863e-05 1.94591e-17 8493 0
96 19200 7.63863e-05 7.68749e-18 8493 0
97 19400 7.63863e-05 3.76361e-18 8493 1.92327e-07
98 19600 7.63863e-05 1.87972e-12 8493 2.21401e-06
99 19800 7.63863e-05 1.16173e-12 8493 0.00520776
