NTS LL(mkm)  STRESS(GPa)   VEL(m / s)  DENS(kg/m3)  ENERGY(J) 
0 803.689 11.8245 400 9635.01 -77597.1
1 979.984 11.8245 399.958 9635.01 -77721.7
2 1156.28 11.8243 399.915 9635 -77768.8
3 1332.57 11.8242 399.872 9634.98 -77787.3
4 1508.87 11.8239 399.828 9634.97 -77783.8
5 1685.16 11.8234 399.783 9634.95 -77799.1
6 1861.46 11.823 399.738 9634.92 -77791.2
7 2037.76 11.8223 399.692 9634.88 -77793.9
8 2214.05 11.8215 399.645 9634.83 -77794.9
9 2390.35 11.8203 399.597 9634.76 -77780.8
10 2566.65 11.8187 399.543 9634.67 -77770
11 2742.95 11.816 399.475 9634.52 -77756.9
12 2919.25 11.8113 399.383 9634.24 -77726.4
13 3095.56 11.801 399.257 9633.65 -77649.9
14 3271.88 11.778 399.078 9632.31 -77477.4
15 3448.23 11.7259 398.758 9629.29 -77094.7
16 3624.63 11.6115 397.978 9622.67 -76263.1
17 3801.15 11.3652 395.882 9608.45 -74502.9
18 3977.93 10.8343 390.625 9578.04 -70832.7
19 4155.27 9.64739 378.676 9511.1 -63314.9
20 4333.86 10.6699 353.066 9366.47 -49783.7
21 4515.21 10.6649 345.526 9366.19 -49751.2
22 4696.57 10.6074 342.04 9362.42 -49294.2
23 4877.99 10.5428 340.153 9358.24 -48791.2
24 5059.5 10.4568 338.593 9352.67 -48122.2
25 5241.12 10.339 336.646 9345.03 -47214.4
26 5422.88 10.1803 333.954 9334.79 -46009.5
27 5604.85 9.97147 330.289 9321.36 -44455
28 5787.08 9.70232 325.421 9304.05 -42491.7
29 5969.64 9.35805 319.079 9282.07 -40067.9
30 6152.64 8.92591 310.935 9254.53 -37138.8
31 6336.18 8.38641 300.617 9220.45 -33681.9
32 6520.4 7.72124 287.694 9178.7 -29711.4
33 6705.46 6.90662 271.663 9128.08 -25295.2
34 6891.55 5.91569 251.918 9067.27 -20588.7
35 7078.88 4.72059 227.739 8994.9 -15874.2
36 7267.72 3.55077 198.406 8910.49 -11618.4
37 7458.35 3.03806 166.735 8833.69 -8406.3
38 7650.64 2.59685 139.575 8769.2 -6062.01
39 7844.34 2.21692 116.334 8714.85 -4351.23
40 8039.24 1.89147 96.2888 8669.18 -3109.87
41 8235.18 1.54804 78.6038 8630.79 -2216.21
42 8431.99 1.04113 62.6882 8593.37 -1564.76
43 8629.65 2.20771 55.5927 8589.84 -1467.18
44 8827.4 2.14805 54.8335 8587.18 -1388.6
45 9025.2 2.08431 53.3492 8584.34 -1307.18
46 9223.07 2.01237 51.87 8581.14 -1218.15
47 9421.02 1.93119 50.216 8577.53 -1121.51
48 9619.05 1.84148 48.3318 8573.55 -1019.33
49 9817.17 1.74416 46.2257 8569.24 -914.167
50 10015.4 1.64076 43.9219 8564.66 -808.636
51 10213.7 1.53255 41.4507 8559.88 -705.237
52 10412.2 1.42123 38.8459 8554.96 -606.221
53 10610.7 1.30827 36.1448 8549.99 -513.482
54 10809.4 1.19533 33.3865 8545.03 -428.474
55 11008.2 1.08397 30.6102 8540.14 -352.17
56 11207.1 0.975445 27.854 8535.38 -285.069
57 11406.1 0.871094 25.1538 8530.82 -227.233
58 11605.2 0.771864 22.5418 8526.48 -178.355
59 11804.4 0.678707 20.0456 8522.42 -137.838
60 12003.7 0.592103 17.6883 8518.65 -104.884
61 12203.1 0.51261 15.4874 8515.19 -78.5775
62 12402.6 0.440315 13.4553 8512.05 -57.962
63 12602.1 0.375305 11.599 8509.23 -42.0972
64 12801.7 0.317431 9.92159 8506.72 -30.1049
65 13001.4 0.266384 8.42103 8504.51 -21.1995
66 13201.2 0.221854 7.09225 8502.58 -14.7005
67 13400.9 0.183374 5.92733 8500.92 -10.0391
68 13600.7 0.150396 4.91572 8499.49 -6.75198
69 13800.6 0.122451 4.04562 8498.28 -4.47275
70 14000.5 0.0989114 3.30428 8497.27 -2.91869
71 14200.4 0.0793059 2.67835 8496.42 -1.87621
72 14400.3 0.0630846 2.15467 8495.72 -1.18821
73 14600.2 0.0498546 1.72043 8495.15 -0.741482
74 14800.2 0.0390651 1.36344 8494.69 -0.455949
75 15000.1 0.0304017 1.07252 8494.31 -0.276293
76 15200.1 0.0235494 0.837467 8494.01 -0.165027
77 15400.1 0.0180359 0.649048 8493.78 -0.0971825
78 15600.1 0.0137825 0.499417 8493.59 -0.0564126
79 15800 0.0103955 0.38147 8493.45 -0.0322892
80 16000 0.00779609 0.289165 8493.34 -0.0182267
81 16200 0.00582684 0.217679 8493.25 -0.0101477
82 16400 0.0043302 0.162575 8493.18 -0.00557426
83 16600 0.00314863 0.120516 8493.14 -0.00302153
84 16800 0.00236091 0.0886845 8493.1 -0.00161601
85 17000 0.00173074 0.064698 8493.07 -0.000853442
86 17200 0.0012581 0.0468031 8493.05 -0.000445078
87 17400 0.000864242 0.0334904 8493.04 -0.00022977
88 17600 0.000627924 0.023772 8493.03 -0.000117193
89 17800 0.000470379 0.0166832 8493.02 -5.89677e-05
90 18000 0.000312834 0.0114437 8493.01 -2.95342e-05
91 18200 0.000234061 0.00770185 8493.01 -1.47273e-05
92 18400 0.000155296 0.00511646 8493.01 -7.15497e-06
93 18600 7.63863e-05 0.00331789 8493 -3.33176e-06
94 18800 7.63863e-05 0.00173317 8493 -1.67644e-06
95 19000 7.63863e-05 0.000878486 8493 -8.36815e-07
96 19200 7.63863e-05 0.000437923 8493 -4.18108e-07
97 19400 7.63863e-05 0.000215472 8493 -1.97328e-08
98 19600 7.63863e-05 0.000102142 8493 2.09963e-06
99 19800 7.63863e-05 4.07131e-05 8493 0.00520892
