NTS LL(mkm)  STRESS(GPa)   VEL(m / s)  DENS(kg/m3)  ENERGY(J) 
0 600.727 11.797 400 9633.41 -77393.6
1 777.051 11.7968 399.92 9633.4 -77517.7
2 953.375 11.7966 399.839 9633.39 -77563.6
3 1129.7 11.7961 399.758 9633.36 -77580.2
4 1306.02 11.7953 399.674 9633.31 -77573.1
5 1482.35 11.7938 399.587 9633.22 -77580.2
6 1658.68 11.7905 399.498 9633.03 -77551.5
7 1835.01 11.7827 399.404 9632.58 -77501.3
8 2011.35 11.7647 399.27 9631.54 -77376.4
9 2187.7 11.7253 398.956 9629.25 -77080.9
10 2364.1 11.64 398.108 9624.31 -76460.3
11 2540.6 11.4521 396.071 9613.46 -75112.3
12 2717.28 11.0168 392.025 9588.46 -72070.6
13 2894.44 9.97722 385.133 9529.55 -65303.7
14 3072.68 7.50528 371.875 9393.83 -52055.5
15 3253.5 10.5406 333.952 9358.08 -48767
16 3435.01 10.5063 340.606 9355.85 -48499.3
17 3616.57 10.3672 338.88 9346.88 -47428.6
18 3798.3 10.1783 335.691 9334.68 -45994.8
19 3980.26 9.92528 331.327 9318.39 -44113.2
20 4162.55 9.59118 325.491 9296.95 -41697.5
21 4345.25 9.15821 317.721 9269.3 -38691.5
22 4528.5 8.60707 307.543 9234.35 -35065.4
23 4712.45 7.91699 294.469 9190.95 -30843.1
24 4897.26 7.06545 277.961 9137.92 -26115.6
25 5083.14 6.02721 257.401 9074.05 -21077.9
26 5270.34 4.77476 232.08 8998.16 -16063.2
27 5459.11 3.54732 201.322 8910.02 -11596.1
28 5649.75 3.01481 168.096 8830.22 -8269.87
29 5842.11 2.55815 139.67 8763.59 -5873.29
30 6035.94 2.16806 115.507 8707.94 -4151.53
31 6231 1.83563 95.0002 8661.43 -2917.59
32 6427.11 1.42521 77.2853 8621.75 -2036.62
33 6624.12 2.23606 59.4144 8591.11 -1504.98
34 6821.84 2.14555 55.892 8587.07 -1385.16
35 7019.65 2.05197 53.6002 8582.9 -1266.53
36 7217.55 1.94625 51.4434 8578.2 -1138.91
37 7415.57 1.82845 49.0106 8572.97 -1004.76
38 7613.7 1.70113 46.2538 8567.33 -869.286
39 7811.97 1.56717 43.2298 8561.4 -737.375
40 8010.37 1.42936 40.0091 8555.32 -613.073
41 8208.91 1.29051 36.6618 8549.21 -499.494
42 8407.6 1.15336 33.257 8543.18 -398.71
43 8606.42 1.02012 29.862 8537.34 -311.778
44 8805.38 0.89305 26.5391 8531.78 -238.817
45 9004.47 0.773747 23.3437 8526.57 -179.189
46 9203.69 0.663556 20.3215 8521.76 -131.7
47 9403.01 0.563121 17.5083 8517.39 -94.8219
48 9602.44 0.473008 14.9294 8513.47 -66.8832
49 9801.96 0.393309 12.5998 8510.01 -46.2208
50 10001.6 0.323723 10.5251 8506.99 -31.2991
51 10201.2 0.263709 8.70259 8504.4 -20.7705
52 10401 0.212726 7.1229 8502.19 -13.5097
53 10600.7 0.169916 5.77143 8500.33 -8.61352
54 10800.6 0.134338 4.62962 8498.8 -5.38434
55 11000.4 0.10521 3.67692 8497.54 -3.30039
56 11200.3 0.0815894 2.89156 8496.52 -1.98407
57 11400.2 0.0626121 2.25176 8495.7 -1.17001
58 11600.2 0.0476495 1.73645 8495.05 -0.6769
59 11800.1 0.0359148 1.32636 8494.55 -0.384269
60 12000.1 0.0267787 1.00328 8494.15 -0.214115
61 12200.1 0.0198475 0.751808 8493.85 -0.117116
62 12400.1 0.0144914 0.558007 8493.63 -0.0629012
63 12600 0.010553 0.410235 8493.45 -0.033182
64 12800 0.00755978 0.298813 8493.33 -0.0171964
65 13000 0.00543299 0.21564 8493.23 -0.00875747
66 13200 0.00385757 0.154106 8493.16 -0.00438455
67 13400 0.002676 0.109069 8493.11 -0.0021596
68 13600 0.00188828 0.0764569 8493.08 -0.00104651
69 13800 0.0012581 0.0530047 8493.05 -0.000499721
70 14000 0.000864242 0.0363476 8493.04 -0.000235342
71 14200 0.000627924 0.0246173 8493.02 -0.000109418
72 14400 0.000391606 0.0164295 8493.02 -5.0302e-05
73 14600 0.000312834 0.0107906 8493.01 -2.27909e-05
74 14800 0.000155296 0.00691064 8493.01 -1.01816e-05
75 15000 0.000155296 0.00409068 8493 -4.76353e-06
76 15200 7.63863e-05 0.00247467 8493 -2.15729e-06
77 15400 7.63863e-05 0.0011713 8493 -1.03587e-06
78 15600 7.63863e-05 0.000562375 8493 -4.97664e-07
79 15800 7.63863e-05 0.000270918 8493 -2.38416e-07
80 16000 7.63863e-05 0.00013011 8493 -1.13901e-07
81 16200 7.63863e-05 6.22944e-05 8493 -5.42832e-08
82 16400 7.63863e-05 2.97516e-05 8493 -2.58071e-08
83 16600 7.63863e-05 1.41757e-05 8493 -1.22421e-08
84 16800 7.63863e-05 6.73787e-06 8493 -5.79012e-09
85 17000 7.63863e-05 3.19456e-06 8493 -2.73085e-09
86 17200 7.63863e-05 1.51074e-06 8493 -1.28468e-09
87 17400 7.63863e-05 7.1259e-07 8493 -6.04584e-10
88 17600 7.63863e-05 3.3523e-07 8493 -2.82711e-10
89 17800 7.63863e-05 1.57284e-07 8493 -1.31838e-10
90 18000 7.63863e-05 7.35944e-08 8493 -6.1316e-11
91 18200 7.63863e-05 3.43408e-08 8493 -2.85516e-11
92 18400 7.63863e-05 1.59794e-08 8493 -1.31065e-11
93 18600 7.63863e-05 7.41443e-09 8493 -6.86533e-12
94 18800 7.63863e-05 3.43026e-09 8493 -1.5603e-12
95 19000 7.63863e-05 1.58202e-09 8493 0
96 19200 7.63863e-05 7.26646e-10 8493 0
97 19400 7.63863e-05 3.30927e-10 8493 1.92327e-07
98 19600 7.63863e-05 1.46168e-10 8493 2.21401e-06
99 19800 7.63863e-05 5.52525e-11 8493 0.00520837
