NTS LL(mkm)  STRESS(GPa)   VEL(m / s)  DENS(kg/m3)  ENERGY(J) 
0 359.844 11.7383 400 9630 -76961.5
1 536.23 11.7326 399.896 9629.67 -77045
2 712.622 11.7152 399.642 9628.66 -76965.3
3 889.033 11.6656 399.05 9625.79 -76623
4 1065.5 11.5267 397.913 9617.77 -75616.6
5 1242.11 11.159 395.857 9596.6 -73034.2
6 1419.11 10.2581 391.239 9545.36 -67041.2
7 1597.06 8.17002 378.073 9429.74 -55218.7
8 1777.19 10.4057 341.299 9349.35 -47711.4
9 1958.87 10.1955 338.208 9335.76 -46107.7
10 2140.82 9.83234 334.103 9312.4 -43421
11 2323.22 9.3115 326.459 9279.09 -39736.4
12 2506.27 8.61669 314.731 9234.97 -35122.8
13 2690.21 7.72608 298.571 9179.01 -29732.7
14 2875.26 6.61792 277.432 9110.28 -23843.3
15 3061.71 5.27022 250.723 9028.04 -17906.4
16 3249.85 3.68962 218.05 8931.55 -12572.2
17 3440.03 3.07754 179.724 8839.49 -8630.27
18 3632.19 2.56012 146.697 8763.89 -5883.29
19 3826.01 2.12783 118.672 8702.25 -3990.48
20 4021.2 1.76806 95.3891 8652.09 -2691.97
21 4217.53 1.24303 76.5717 8608.3 -1794.55
22 4414.85 2.14088 57.8384 8586.86 -1378.47
23 4612.66 1.96769 54.3082 8579.15 -1163.73
24 4810.65 1.77343 50.4224 8570.53 -944.528
25 5008.84 1.56936 45.8515 8561.5 -739.05
26 5207.24 1.36476 40.9077 8552.48 -558.483
27 5405.85 1.16668 35.8605 8543.76 -407.766
28 5604.66 0.980383 30.898 8535.6 -287.707
29 5803.67 0.809915 26.1678 8528.14 -196.222
30 6002.84 0.657982 21.7858 8521.52 -129.407
31 6202.17 0.525651 17.8328 8515.76 -82.557
32 6401.64 0.413198 14.3546 8510.87 -50.9707
33 6601.22 0.319555 11.3652 8506.81 -30.4683
34 6800.89 0.243176 8.85255 8503.51 -17.6409
35 7000.65 0.182193 6.78522 8500.87 -9.89789
36 7200.46 0.134417 5.11856 8498.8 -5.38404
37 7400.32 0.0976517 3.80131 8497.21 -2.8406
38 7600.23 0.0698567 2.77976 8496.01 -1.45427
39 7800.15 0.0493033 2.00193 8495.12 -0.722797
40 8000.1 0.0342609 1.42024 8494.48 -0.348915
41 8200.07 0.0234706 0.992657 8494.01 -0.163682
42 8400.05 0.0158304 0.683755 8493.68 -0.074653
43 8600.03 0.010553 0.464144 8493.45 -0.033124
44 8800.02 0.00692962 0.310616 8493.3 -0.0143045
45 9000.01 0.00448774 0.204808 8493.19 -0.00602235
46 9200.01 0.00291231 0.133157 8493.12 -0.00247355
47 9400 0.00180951 0.0853159 8493.08 -0.000992455
48 9600 0.00117933 0.0538506 8493.05 -0.000389686
49 9800 0.000706697 0.0333962 8493.03 -0.000150635
50 10000 0.000470379 0.0203899 8493.02 -5.72245e-05
51 10200 0.000234061 0.0121287 8493.01 -2.16531e-05
52 10400 0.000155296 0.00693947 8493.01 -8.43289e-06
53 10600 7.63863e-05 0.00391537 8493 -3.18027e-06
54 10800 7.63863e-05 0.00182988 8493 -1.42834e-06
55 11000 7.63863e-05 0.000827638 8493 -6.35229e-07
56 11200 7.63863e-05 0.000369393 8493 -2.81106e-07
57 11400 7.63863e-05 0.000164011 8493 -1.23855e-07
58 11600 7.63863e-05 7.25239e-05 8493 -5.4312e-08
59 11800 7.63863e-05 3.19212e-05 8493 -2.36986e-08
60 12000 7.63863e-05 1.39808e-05 8493 -1.02898e-08
61 12200 7.63863e-05 6.09274e-06 8493 -4.44498e-09
62 12400 7.63863e-05 2.6419e-06 8493 -1.9115e-09
63 12600 7.63863e-05 1.13979e-06 8493 -8.16538e-10
64 12800 7.63863e-05 4.89228e-07 8493 -3.47772e-10
65 13000 7.63863e-05 2.089e-07 8493 -1.46973e-10
66 13200 7.63863e-05 8.87296e-08 8493 -6.18611e-11
67 13400 7.63863e-05 3.74854e-08 8493 -2.60551e-11
68 13600 7.63863e-05 1.57499e-08 8493 -1.07642e-11
69 13800 7.63863e-05 6.58082e-09 8493 -4.36884e-12
70 14000 7.63863e-05 2.73419e-09 8493 -2.10544e-12
71 14200 7.63863e-05 1.12951e-09 8493 0
72 14400 7.63863e-05 4.63904e-10 8493 0
73 14600 7.63863e-05 1.89415e-10 8493 0
74 14800 7.63863e-05 7.68807e-11 8493 0
75 15000 7.63863e-05 3.10177e-11 8493 0
76 15200 7.63863e-05 1.24384e-11 8493 0
77 15400 7.63863e-05 4.9574e-12 8493 0
78 15600 7.63863e-05 1.96362e-12 8493 0
79 15800 7.63863e-05 7.72951e-13 8493 0
80 16000 7.63863e-05 3.02353e-13 8493 0
81 16200 7.63863e-05 1.17523e-13 8493 0
82 16400 7.63863e-05 4.53903e-14 8493 0
83 16600 7.63863e-05 1.74186e-14 8493 0
84 16800 7.63863e-05 6.64133e-15 8493 0
85 17000 7.63863e-05 2.51579e-15 8493 0
86 17200 7.63863e-05 9.46803e-16 8493 0
87 17400 7.63863e-05 3.53978e-16 8493 0
88 17600 7.63863e-05 1.31483e-16 8493 0
89 17800 7.63863e-05 4.85099e-17 8493 0
90 18000 7.63863e-05 1.77847e-17 8493 0
91 18200 7.63863e-05 6.47798e-18 8493 0
92 18400 7.63863e-05 2.33166e-18 8493 0
93 18600 7.63863e-05 8.37535e-19 8493 0
94 18800 7.63863e-05 2.99858e-19 8493 0
95 19000 7.63863e-05 1.34419e-19 8493 0
96 19200 7.63863e-05 4.13596e-20 8493 0
97 19400 7.63863e-05 0 8493 1.92327e-07
98 19600 7.63863e-05 1.21517e-11 8493 2.21401e-06
99 19800 7.63863e-05 7.51019e-12 8493 0.00520764
