NTS LL(mkm)  STRESS(GPa)   VEL(m / s)  DENS(kg/m3)  ENERGY(J) 
0 604.588 11.7977 400 9633.45 -77398.9
1 780.911 11.7976 399.92 9633.44 -77523.1
2 957.235 11.7973 399.84 9633.43 -77569.1
3 1133.56 11.7968 399.76 9633.4 -77585.8
4 1309.88 11.7961 399.678 9633.36 -77578.8
5 1486.21 11.7946 399.596 9633.27 -77585.9
6 1662.53 11.7913 399.515 9633.08 -77557.6
7 1838.86 11.7839 399.426 9632.65 -77510.7
8 2015.2 11.7677 399.279 9631.71 -77398.7
9 2191.56 11.733 398.929 9629.7 -77137.9
10 2367.95 11.6573 398.081 9625.32 -76586.4
11 2544.42 11.4845 396.332 9615.33 -75344
12 2721.08 11.0733 393.229 9591.69 -72458.7
13 2898.17 10.101 387.561 9536.51 -66072
14 3076.28 7.86451 373.844 9413.18 -53735.5
15 3256.73 10.4951 335.392 9355.17 -48417.5
16 3438.3 10.517 339.998 9356.55 -48582.5
17 3619.84 10.3898 338.916 9348.35 -47604.1
18 3801.54 10.2109 336.163 9336.78 -46240.3
19 3983.47 9.96941 332.062 9321.21 -44435.9
20 4165.7 9.64952 326.485 9300.69 -42113
21 4348.33 9.23471 319.054 9274.17 -39211.8
22 4531.48 8.70465 309.314 9240.56 -35695.3
23 4715.3 8.04134 296.771 9198.73 -31577
24 4899.96 7.22004 280.889 9147.51 -26934.8
25 5085.65 6.21767 261.068 9085.7 -21942.2
26 5272.6 5.00556 236.668 9012.05 -16899.9
27 5461.08 3.64712 207.134 8925.17 -12280.9
28 5651.4 3.10098 173.338 8842.98 -8769.3
29 5843.48 2.6321 144.247 8774.29 -6234.33
30 6037.07 2.23175 119.409 8716.94 -4412.33
31 6231.93 1.89147 98.1544 8669.18 -3109.78
32 6427.87 1.52859 79.5521 8629.36 -2187.45
33 6624.71 1.7727 61.4247 8592.76 -1555.5
34 6822.38 2.16947 57.0764 8588.14 -1416.32
35 7020.17 2.07301 54.2752 8583.84 -1292.69
36 7218.05 1.96902 51.9507 8579.21 -1165.82
37 7416.04 1.85404 49.5341 8574.11 -1033.21
38 7614.15 1.72932 46.8474 8568.58 -898.41
39 7812.39 1.59725 43.8929 8562.73 -766.073
40 8010.76 1.46079 40.7276 8556.71 -640.388
41 8209.27 1.32259 37.4195 8550.62 -524.674
42 8407.92 1.18539 34.038 8544.59 -421.232
43 8606.71 1.05162 30.6503 8538.72 -331.348
44 8805.64 0.923394 27.3197 8533.1 -255.352
45 9004.7 0.802541 24.1026 8527.82 -192.788
46 9203.89 0.690403 21.0467 8522.93 -142.594
47 9403.18 0.587783 18.1903 8518.46 -103.329
48 9602.59 0.495403 15.5607 8514.44 -73.3619
49 9802.08 0.413276 13.1753 8510.88 -51.0359
50 10001.7 0.341259 11.0423 8507.76 -34.7931
51 10201.3 0.279048 9.16091 8505.06 -23.2471
52 10401 0.225867 7.5235 8502.75 -15.2251
53 10600.8 0.181013 6.11692 8500.81 -9.7752
54 10800.6 0.143627 4.92397 8499.2 -6.15366
55 11000.5 0.112847 3.92439 8497.87 -3.79883
56 11200.4 0.0878097 3.09722 8496.79 -2.30015
57 11400.3 0.0676519 2.42058 8495.92 -1.36622
58 11600.2 0.0516659 1.8734 8495.23 -0.796166
59 11800.1 0.0390651 1.43613 8494.68 -0.455318
60 12000.1 0.029299 1.09035 8494.26 -0.255584
61 12200.1 0.0217378 0.820132 8493.94 -0.140834
62 12400.1 0.015988 0.610987 8493.69 -0.0762068
63 12600 0.0116558 0.450935 8493.5 -0.0404975
64 12800 0.00842625 0.3297 8493.36 -0.0211444
65 13000 0.00606315 0.238829 8493.26 -0.01085
66 13200 0.00425143 0.171396 8493.18 -0.00547214
67 13400 0.00299109 0.121817 8493.13 -0.00271432
68 13600 0.0021246 0.0857242 8493.09 -0.00132502
69 13800 0.00149442 0.0597223 8493.06 -0.000636872
70 14000 0.00102179 0.0411259 8493.04 -0.000302096
71 14200 0.000706697 0.0280121 8493.03 -0.000141391
72 14400 0.000470379 0.018799 8493.02 -6.55007e-05
73 14600 0.000312834 0.012421 8493.01 -3.00325e-05
74 14800 0.000234061 0.00798992 8493.01 -1.37432e-05
75 15000 0.000155296 0.00497499 8493 -6.28961e-06
76 15200 7.63863e-05 0.00305999 8493 -2.77737e-06
77 15400 7.63863e-05 0.00150576 8493 -1.33733e-06
78 15600 7.63863e-05 0.000726491 8493 -6.42171e-07
79 15800 7.63863e-05 0.000349227 8493 -3.07966e-07
80 16000 7.63863e-05 0.00016779 8493 -1.47393e-07
81 16200 7.63863e-05 8.04802e-05 8493 -7.03731e-08
82 16400 7.63863e-05 3.85095e-05 8493 -3.35161e-08
83 16600 7.63863e-05 1.83811e-05 8493 -1.5927e-08
84 16800 7.63863e-05 8.75216e-06 8493 -7.54708e-09
85 17000 7.63863e-05 4.15709e-06 8493 -3.56603e-09
86 17200 7.63863e-05 1.96958e-06 8493 -1.68144e-09
87 17400 7.63863e-05 9.30784e-07 8493 -7.92121e-10
88 17600 7.63863e-05 4.38726e-07 8493 -3.71018e-10
89 17800 7.63863e-05 2.06249e-07 8493 -1.73808e-10
90 18000 7.63863e-05 9.67e-08 8493 -8.09758e-11
91 18200 7.63863e-05 4.52149e-08 8493 -3.77574e-11
92 18400 7.63863e-05 2.10833e-08 8493 -1.74754e-11
93 18600 7.63863e-05 9.80342e-09 8493 -7.95754e-12
94 18800 7.63863e-05 4.54533e-09 8493 -4.05678e-12
95 19000 7.63863e-05 2.10089e-09 8493 0
96 19200 7.63863e-05 9.67111e-10 8493 0
97 19400 7.63863e-05 4.41404e-10 8493 1.92327e-07
98 19600 7.63863e-05 1.9536e-10 8493 2.21401e-06
99 19800 7.63863e-05 7.39604e-11 8493 0.00520838
