NTS LL(mkm)  STRESS(GPa)   VEL(m / s)  DENS(kg/m3)  ENERGY(J) 
0 401.844 11.7501 400 9630.69 -77048.6
1 578.218 11.7484 399.896 9630.59 -77160.7
2 754.594 11.7428 399.735 9630.27 -77168.2
3 930.975 11.7264 399.451 9629.31 -77067.5
4 1107.37 11.6781 398.98 9626.52 -76713.1
5 1283.82 11.546 398.204 9618.87 -75772.9
6 1460.41 11.2157 396.554 9599.86 -73425.1
7 1637.35 10.4459 391.917 9555.97 -68252.4
8 1815.11 8.69832 378.733 9458.59 -57951.1
9 1994.69 10.4707 345.273 9353.57 -48215.4
10 2176.29 10.3104 339.96 9343.2 -46985.7
11 2358.09 10.038 335.877 9325.62 -44937.9
12 2540.23 9.64211 330.099 9300.21 -42055.4
13 2722.87 9.10165 321.325 9265.7 -38304.7
14 2906.2 8.3952 308.919 9220.98 -33728.4
15 3090.41 7.50116 292.349 9164.97 -28463.8
16 3275.74 6.39734 271.005 9096.72 -22778.8
17 3462.47 5.0607 244.258 9015.37 -17103
18 3650.88 3.61556 211.616 8920.33 -12060.2
19 3841.3 3.02936 174.787 8832.39 -8354.48
20 4033.61 2.53408 143.184 8760.13 -5756.82
21 4227.52 2.11671 116.412 8700.69 -3945.7
22 4422.74 1.76678 94.1293 8651.9 -2688.08
23 4619.07 1.25475 75.953 8609.17 -1809.44
24 4816.37 2.15779 57.5954 8587.62 -1400.58
25 5014.17 2.00909 54.4376 8580.99 -1213.5
26 5212.11 1.83883 51.1302 8573.43 -1015.88
27 5410.24 1.65576 47.1753 8565.32 -823.033
28 5608.55 1.46783 42.7897 8557.02 -646.329
29 5807.05 1.28128 38.2057 8548.8 -492.144
30 6005.75 1.10136 33.5901 8540.9 -363.363
31 6204.63 0.932253 29.0787 8533.49 -260.158
32 6403.68 0.777121 24.7875 8526.71 -180.665
33 6602.89 0.638119 20.8071 8520.65 -121.72
34 6802.24 0.516067 17.2016 8515.34 -79.5846
35 7001.71 0.411311 14.0075 8510.79 -50.5144
36 7201.29 0.322936 11.2372 8506.96 -31.136
37 7400.97 0.249942 8.88241 8503.8 -18.6433
38 7600.71 0.190693 6.91905 8501.24 -10.8482
39 7800.52 0.143469 5.31238 8499.19 -6.13653
40 8000.37 0.106391 4.02099 8497.59 -3.37581
41 8200.26 0.0778885 3.00091 8496.36 -1.80667
42 8400.19 0.0562334 2.20867 8495.42 -0.941005
43 8600.13 0.0400102 1.60327 8494.73 -0.4772
44 8800.09 0.0281176 1.14815 8494.21 -0.2357
45 9000.06 0.0195324 0.81124 8493.84 -0.113438
46 9200.04 0.0133887 0.56562 8493.58 -0.0532187
47 9400.03 0.0090564 0.389164 8493.39 -0.0243516
48 9600.02 0.00606315 0.264246 8493.26 -0.0108758
49 9800.01 0.00401511 0.177096 8493.17 -0.00474394
50 10000 0.00259723 0.117106 8493.11 -0.00202359
51 10200 0.00165196 0.0764332 8493.07 -0.000844623
52 10400 0.00110056 0.0491491 8493.04 -0.000346052
53 10600 0.000706697 0.0311228 8493.03 -0.000139491
54 10800 0.000470379 0.0194002 8493.02 -5.53523e-05
55 11000 0.000312834 0.0117895 8493.01 -2.18577e-05
56 11200 0.000155296 0.00692133 8493.01 -8.80451e-06
57 11400 7.63863e-05 0.00400334 8493 -3.40258e-06
58 11600 7.63863e-05 0.00192267 8493 -1.56302e-06
59 11800 7.63863e-05 0.000891351 8493 -7.09389e-07
60 12000 7.63863e-05 0.000406265 8493 -3.2013e-07
61 12200 7.63863e-05 0.000183892 8493 -1.43901e-07
62 12400 7.63863e-05 8.29139e-05 8493 -6.44349e-08
63 12600 7.63863e-05 3.72455e-05 8493 -2.87341e-08
64 12800 7.63863e-05 1.66641e-05 8493 -1.27605e-08
65 13000 7.63863e-05 7.42469e-06 8493 -5.64151e-09
66 13200 7.63863e-05 3.29397e-06 8493 -2.48386e-09
67 13400 7.63863e-05 1.455e-06 8493 -1.08887e-09
68 13600 7.63863e-05 6.39831e-07 8493 -4.74384e-10
69 13800 7.63863e-05 2.80084e-07 8493 -2.0626e-10
70 14000 7.63863e-05 1.22039e-07 8493 -8.90874e-11
71 14200 7.63863e-05 5.29256e-08 8493 -3.82255e-11
72 14400 7.63863e-05 2.28435e-08 8493 -1.64602e-11
73 14600 7.63863e-05 9.81215e-09 8493 -7.09841e-12
74 14800 7.63863e-05 4.19413e-09 8493 -3.04162e-12
75 15000 7.63863e-05 1.7839e-09 8493 -7.80151e-13
76 15200 7.63863e-05 7.54955e-10 8493 0
77 15400 7.63863e-05 3.17882e-10 8493 0
78 15600 7.63863e-05 1.33162e-10 8493 0
79 15800 7.63863e-05 5.5492e-11 8493 0
80 16000 7.63863e-05 2.30035e-11 8493 0
81 16200 7.63863e-05 9.48512e-12 8493 0
82 16400 7.63863e-05 3.89002e-12 8493 0
83 16600 7.63863e-05 1.58671e-12 8493 0
84 16800 7.63863e-05 6.43657e-13 8493 0
85 17000 7.63863e-05 2.59658e-13 8493 0
86 17200 7.63863e-05 1.04164e-13 8493 0
87 17400 7.63863e-05 4.15514e-14 8493 0
88 17600 7.63863e-05 1.6481e-14 8493 0
89 17800 7.63863e-05 6.49969e-15 8493 0
90 18000 7.63863e-05 2.54858e-15 8493 0
91 18200 7.63863e-05 9.93536e-16 8493 0
92 18400 7.63863e-05 3.85067e-16 8493 0
93 18600 7.63863e-05 1.48394e-16 8493 0
94 18800 7.63863e-05 5.68832e-17 8493 0
95 19000 7.63863e-05 2.1801e-17 8493 0
96 19200 7.63863e-05 8.62321e-18 8493 0
97 19400 7.63863e-05 4.23406e-18 8493 1.92327e-07
98 19600 7.63863e-05 1.79896e-12 8493 2.21401e-06
99 19800 7.63863e-05 1.11182e-12 8493 0.00520776
