NTS LL(mkm)  STRESS(GPa)   VEL(m / s)  DENS(kg/m3)  ENERGY(J) 
0 401.12 11.75 400 9630.68 -77047.3
1 577.494 11.7481 399.9 9630.57 -77158.7
2 753.87 11.7424 399.74 9630.24 -77164.6
3 930.252 11.7256 399.45 9629.27 -77061.4
4 1106.65 11.6767 398.956 9626.44 -76703.2
5 1283.1 11.5431 398.137 9618.71 -75752.4
6 1459.7 11.2078 396.452 9599.4 -73369.7
7 1636.64 10.4232 391.821 9554.69 -68105.6
8 1814.42 8.63986 378.604 9455.38 -57640.4
9 1994.07 10.4634 344.747 9353.09 -48157.5
10 2175.67 10.3047 339.693 9342.82 -46941.5
11 2357.48 10.0297 335.738 9325.09 -44876
12 2539.64 9.62935 329.936 9299.4 -41964.7
13 2722.29 9.0837 321.058 9264.56 -38183.8
14 2905.64 8.37073 308.519 9219.47 -33579.7
15 3089.88 7.47044 291.802 9163.05 -28293
16 3275.25 6.35837 270.289 9094.36 -22596.5
17 3462.03 5.01363 243.336 9012.53 -16927.4
18 3650.5 3.59494 210.432 8917.22 -11919
19 3840.98 3.01165 173.716 8829.76 -8253.04
20 4033.36 2.5189 142.244 8757.94 -5684.94
21 4227.31 2.10397 115.585 8698.89 -3895.74
22 4422.57 1.75629 93.4005 8650.46 -2654.17
23 4618.93 1.23523 75.4158 8607.73 -1785.28
24 4816.27 2.15241 57.2649 8587.38 -1393.56
25 5014.07 2.00325 54.3021 8580.74 -1206.45
26 5212.02 1.83181 51.0062 8573.12 -1008.11
27 5410.15 1.64795 47.0159 8564.97 -815.296
28 5608.47 1.4597 42.6055 8556.66 -639.175
29 5806.98 1.27314 38.0092 8548.44 -485.865
30 6005.69 1.09337 33.3891 8540.55 -358.094
31 6204.57 0.924648 28.8796 8533.16 -255.921
32 6403.63 0.77006 24.5956 8526.41 -177.393
33 6602.85 0.63168 20.6271 8520.37 -119.29
34 6802.21 0.51041 17.0367 8515.1 -77.8454
35 7001.69 0.406359 13.86 8510.58 -49.3137
36 7201.27 0.318768 11.108 8506.78 -30.3355
37 7400.95 0.24648 8.77156 8503.65 -18.1275
38 7600.7 0.18786 6.82584 8501.11 -10.5266
39 7800.51 0.141186 5.23546 8499.09 -5.94231
40 8000.37 0.10458 3.95871 8497.51 -3.26213
41 8200.26 0.0764712 2.95136 8496.3 -1.74214
42 8400.18 0.0551309 2.16986 8495.38 -0.905478
43 8600.13 0.0392227 1.57345 8494.69 -0.458199
44 8800.09 0.0275663 1.1256 8494.19 -0.22582
45 9000.06 0.0190598 0.794387 8493.82 -0.108453
46 9200.04 0.0130736 0.553285 8493.56 -0.0507695
47 9400.03 0.00882009 0.380265 8493.38 -0.0231787
48 9600.02 0.00590561 0.257879 8493.25 -0.0103309
49 9800.01 0.00385757 0.172642 8493.17 -0.00449684
50 10000 0.00251846 0.114049 8493.11 -0.0019134
51 10200 0.00165196 0.0743175 8493.07 -0.000797229
52 10400 0.00102179 0.0477247 8493.04 -0.000326182
53 10600 0.000627924 0.0302045 8493.03 -0.000131075
54 10800 0.000391606 0.0187377 8493.02 -5.22352e-05
55 11000 0.000234061 0.011394 8493.01 -2.06617e-05
56 11200 0.000155296 0.00667322 8493.01 -8.32934e-06
57 11400 7.63863e-05 0.00384907 8493 -3.23587e-06
58 11600 7.63863e-05 0.00183397 8493 -1.48081e-06
59 11800 7.63863e-05 0.000845595 8493 -6.70875e-07
60 12000 7.63863e-05 0.00038443 8493 -3.02509e-07
61 12200 7.63863e-05 0.000173845 8493 -1.35905e-07
62 12400 7.63863e-05 7.8342e-05 8493 -6.08194e-08
63 12600 7.63863e-05 3.51726e-05 8493 -2.71052e-08
64 12800 7.63863e-05 1.57272e-05 8493 -1.20293e-08
65 13000 7.63863e-05 7.00285e-06 8493 -5.31488e-09
66 13200 7.63863e-05 3.10481e-06 8493 -2.33837e-09
67 13400 7.63863e-05 1.37053e-06 8493 -1.02444e-09
68 13600 7.63863e-05 6.02272e-07 8493 -4.45986e-10
69 13800 7.63863e-05 2.63457e-07 8493 -1.93701e-10
70 14000 7.63863e-05 1.14711e-07 8493 -8.36264e-11
71 14200 7.63863e-05 4.9711e-08 8493 -3.59621e-11
72 14400 7.63863e-05 2.14399e-08 8493 -1.5289e-11
73 14600 7.63863e-05 9.20218e-09 8493 -6.63032e-12
74 14800 7.63863e-05 3.93033e-09 8493 -3.04162e-12
75 15000 7.63863e-05 1.67036e-09 8493 -5.45142e-13
76 15200 7.63863e-05 7.0633e-10 8493 0
77 15400 7.63863e-05 2.97162e-10 8493 0
78 15600 7.63863e-05 1.24376e-10 8493 0
79 15800 7.63863e-05 5.17862e-11 8493 0
80 16000 7.63863e-05 2.14484e-11 8493 0
81 16200 7.63863e-05 8.83599e-12 8493 0
82 16400 7.63863e-05 3.62049e-12 8493 0
83 16600 7.63863e-05 1.4754e-12 8493 0
84 16800 7.63863e-05 5.97937e-13 8493 0
85 17000 7.63863e-05 2.40982e-13 8493 0
86 17200 7.63863e-05 9.65779e-14 8493 0
87 17400 7.63863e-05 3.84869e-14 8493 0
88 17600 7.63863e-05 1.52501e-14 8493 0
89 17800 7.63863e-05 6.00811e-15 8493 0
90 18000 7.63863e-05 2.35339e-15 8493 0
91 18200 7.63863e-05 9.16476e-16 8493 0
92 18400 7.63863e-05 3.54824e-16 8493 0
93 18600 7.63863e-05 1.36586e-16 8493 0
94 18800 7.63863e-05 5.23028e-17 8493 0
95 19000 7.63863e-05 2.00226e-17 8493 0
96 19200 7.63863e-05 7.90979e-18 8493 0
97 19400 7.63863e-05 3.87735e-18 8493 1.92327e-07
98 19600 7.63863e-05 1.8592e-12 8493 2.21401e-06
99 19800 7.63863e-05 1.14905e-12 8493 0.00520776
