NTS LL(mkm)  STRESS(GPa)   VEL(m / s)  DENS(kg/m3)  ENERGY(J) 
0 601.451 11.7971 400 9633.42 -77394.6
1 777.774 11.797 399.92 9633.41 -77518.7
2 954.098 11.7967 399.839 9633.39 -77564.6
3 1130.42 11.7962 399.758 9633.37 -77581.3
4 1306.75 11.7955 399.675 9633.32 -77574.2
5 1483.07 11.794 399.589 9633.23 -77581.3
6 1659.4 11.7906 399.501 9633.04 -77552.7
7 1835.73 11.7829 399.409 9632.59 -77503
8 2012.07 11.7653 399.274 9631.57 -77380.4
9 2188.43 11.7267 398.952 9629.33 -77091.5
10 2364.83 11.6435 398.097 9624.51 -76485.3
11 2541.31 11.4589 396.102 9613.85 -75160.5
12 2717.99 11.0283 392.248 9589.12 -72149.6
13 2895.13 10.0001 385.68 9530.84 -65445.1
14 3073.35 7.57212 372.367 9397.42 -52361.6
15 3254.11 10.5307 334.01 9357.46 -48693.1
16 3435.63 10.5083 340.494 9356.01 -48517.9
17 3617.18 10.3719 338.9 9347.17 -47463.4
18 3798.9 10.185 335.79 9335.08 -46041.9
19 3980.86 9.93372 331.469 9318.93 -44174.7
20 4163.14 9.60221 325.68 9297.67 -41776.7
21 4345.83 9.17282 317.975 9270.23 -38790.4
22 4529.06 8.62534 307.882 9235.53 -35185
23 4712.98 7.94082 294.908 9192.43 -30982
24 4897.76 7.0944 278.52 9139.74 -26270.1
25 5083.61 6.06336 258.098 9076.27 -21240.3
26 5270.76 4.81864 232.948 9000.8 -16219.6
27 5459.47 3.56591 202.418 8912.84 -11722.2
28 5650.05 3.03052 169.076 8832.58 -8361.56
29 5842.36 2.57182 140.523 8765.57 -5939.45
30 6036.15 2.17989 116.236 8709.6 -4199.15
31 6231.17 1.84585 95.5934 8662.85 -2952.48
32 6427.25 1.44446 77.7093 8623.16 -2063.93
33 6624.23 2.24244 59.7822 8591.39 -1513.58
34 6821.94 2.14968 56.0968 8587.26 -1390.5
35 7019.75 2.05579 53.7135 8583.07 -1271.27
36 7217.65 1.95054 51.5332 8578.39 -1143.95
37 7415.66 1.83329 49.1083 8573.19 -1010.12
38 7613.79 1.70644 46.3663 8567.56 -874.762
39 7812.04 1.57287 43.3555 8561.66 -742.752
40 8010.44 1.4353 40.145 8555.58 -618.174
41 8208.98 1.29654 36.8047 8549.47 -504.181
42 8407.66 1.15932 33.404 8543.44 -402.889
43 8606.48 1.02607 30.0101 8537.6 -315.399
44 8805.43 0.898775 26.6855 8532.03 -241.867
45 9004.52 0.779161 23.4857 8526.8 -181.69
46 9203.72 0.668502 20.457 8521.98 -133.697
47 9403.04 0.567756 17.6355 8517.59 -96.3766
48 9602.47 0.477173 15.0469 8513.65 -68.0636
49 9801.98 0.397004 12.7068 8510.17 -47.0954
50 10001.6 0.326947 10.621 8507.13 -31.9319
51 10201.2 0.266541 8.78751 8504.52 -21.2176
52 10401 0.215166 7.19695 8502.29 -13.8184
53 10600.8 0.171962 5.83522 8500.42 -8.82194
54 10800.6 0.13607 4.68388 8498.87 -5.52192
55 11000.4 0.106627 3.72242 8497.6 -3.38927
56 11200.3 0.0826917 2.92938 8496.57 -2.04023
57 11400.3 0.0635571 2.28271 8495.74 -1.20477
58 11600.2 0.0483583 1.76153 8495.09 -0.697955
59 11800.1 0.0364661 1.3464 8494.57 -0.396776
60 12000.1 0.0272512 1.0192 8494.17 -0.221384
61 12200.1 0.0201625 0.764218 8493.87 -0.121266
62 12400.1 0.0148065 0.567646 8493.64 -0.0652216
63 12600 0.0107893 0.417621 8493.46 -0.0344543
64 12800 0.00771732 0.304432 8493.33 -0.0178793
65 13000 0.00551176 0.219829 8493.24 -0.00911854
66 13200 0.00393634 0.157235 8493.17 -0.00457131
67 13400 0.00275477 0.111368 8493.12 -0.00225449
68 13600 0.00188828 0.0781181 8493.08 -0.00109412
69 13800 0.00133688 0.0542043 8493.06 -0.000523223
70 14000 0.000943014 0.0372469 8493.04 -0.000246294
71 14200 0.000627924 0.0251793 8493.03 -0.000114927
72 14400 0.000391606 0.0168958 8493.02 -5.2703e-05
73 14600 0.000312834 0.0110326 8493.01 -2.40815e-05
74 14800 0.000155296 0.00716449 8493.01 -1.06607e-05
75 15000 0.000155296 0.00419842 8493 -5.03062e-06
76 15200 7.63863e-05 0.00258396 8493 -2.26543e-06
77 15400 7.63863e-05 0.00123137 8493 -1.08675e-06
78 15600 7.63863e-05 0.000590108 8493 -5.21978e-07
79 15800 7.63863e-05 0.000284055 8493 -2.50151e-07
80 16000 7.63863e-05 0.000136467 8493 -1.19554e-07
81 16200 7.63863e-05 6.53666e-05 8493 -5.69966e-08
82 16400 7.63863e-05 3.12297e-05 8493 -2.71061e-08
83 16600 7.63863e-05 1.48848e-05 8493 -1.28624e-08
84 16800 7.63863e-05 7.07723e-06 8493 -6.08578e-09
85 17000 7.63863e-05 3.35661e-06 8493 -2.87126e-09
86 17200 7.63863e-05 1.58793e-06 8493 -1.3513e-09
87 17400 7.63863e-05 7.49269e-07 8493 -6.35944e-10
88 17600 7.63863e-05 3.52614e-07 8493 -2.97532e-10
89 17800 7.63863e-05 1.65502e-07 8493 -1.39015e-10
90 18000 7.63863e-05 7.74692e-08 8493 -6.45926e-11
91 18200 7.63863e-05 3.61628e-08 8493 -2.99559e-11
92 18400 7.63863e-05 1.68339e-08 8493 -1.40427e-11
93 18600 7.63863e-05 7.81402e-09 8493 -6.86533e-12
94 18800 7.63863e-05 3.61661e-09 8493 -2.02839e-12
95 19000 7.63863e-05 1.66865e-09 8493 0
96 19200 7.63863e-05 7.66758e-10 8493 0
97 19400 7.63863e-05 3.49339e-10 8493 1.92327e-07
98 19600 7.63863e-05 1.5436e-10 8493 2.21401e-06
99 19800 7.63863e-05 5.83658e-11 8493 0.00520837
