NTS LL(mkm)  STRESS(GPa)   VEL(m / s)  DENS(kg/m3)  ENERGY(J) 
0 402.086 11.7502 400 9630.69 -77049
1 578.459 11.7485 399.895 9630.59 -77161.4
2 754.835 11.743 399.734 9630.28 -77169.4
3 931.216 11.7266 399.451 9629.33 -77069.4
4 1107.61 11.6785 398.989 9626.54 -76716.3
5 1284.06 11.5469 398.226 9618.93 -75779.6
6 1460.65 11.2183 396.586 9600.01 -73443.5
7 1637.59 10.4534 391.946 9556.4 -68301.3
8 1815.34 8.71767 378.774 9459.65 -58054.3
9 1994.9 10.473 345.448 9353.74 -48235.3
10 2176.49 10.3125 340.052 9343.33 -47000.7
11 2358.29 10.0406 335.925 9325.8 -44958.5
12 2540.43 9.6464 330.154 9300.48 -42085.4
13 2723.07 9.1073 321.413 9266.08 -38344.7
14 2906.38 8.40289 309.051 9221.48 -33777.7
15 3090.58 7.51128 292.53 9165.61 -28520.6
16 3275.91 6.41006 271.243 9097.51 -22839.5
17 3462.62 5.07628 244.564 9016.31 -17161.7
18 3651.01 3.62208 212.009 8921.37 -12107.5
19 3841.4 3.03526 175.145 8833.26 -8388.52
20 4033.7 2.53915 143.498 8760.86 -5780.94
21 4227.59 2.1208 116.689 8701.29 -3962.47
22 4422.8 1.77027 94.371 8652.39 -2699.51
23 4619.11 1.26132 76.1298 8609.65 -1817.64
24 4816.4 2.15965 57.7091 8587.7 -1403.03
25 5014.2 2.01104 54.4862 8581.08 -1215.87
26 5212.15 1.84117 51.1722 8573.53 -1018.46
27 5410.27 1.65834 47.228 8565.43 -825.61
28 5608.58 1.47049 42.8508 8557.14 -648.718
29 5807.08 1.28402 38.2711 8548.92 -494.245
30 6005.77 1.10402 33.657 8541.02 -365.128
31 6204.64 0.934762 29.1451 8533.6 -261.58
32 6403.69 0.779475 24.8515 8526.82 -181.764
33 6602.9 0.640239 20.8672 8520.74 -122.538
34 6802.25 0.518031 17.2567 8515.43 -80.1708
35 7001.72 0.412962 14.0569 8510.86 -50.9196
36 7201.3 0.324352 11.2805 8507.02 -31.4065
37 7400.97 0.251122 8.91953 8503.85 -18.8179
38 7600.72 0.191637 6.95029 8501.28 -10.9573
39 7800.52 0.144256 5.33816 8499.23 -6.20248
40 8000.38 0.107021 4.04192 8497.62 -3.41444
41 8200.27 0.078361 3.01755 8496.38 -1.82864
42 8400.19 0.0565484 2.2217 8495.44 -0.953129
43 8600.13 0.0403253 1.61333 8494.74 -0.483686
44 8800.09 0.0283539 1.15576 8494.22 -0.239075
45 9000.06 0.0196899 0.8169 8493.85 -0.115148
46 9200.04 0.0134674 0.56978 8493.58 -0.0540607
47 9400.03 0.00913517 0.392176 8493.39 -0.0247549
48 9600.02 0.00606315 0.266389 8493.26 -0.0110642
49 9800.01 0.00401511 0.1786 8493.17 -0.00482983
50 10000 0.00259723 0.118161 8493.11 -0.00206128
51 10200 0.00173074 0.0771517 8493.07 -0.000860712
52 10400 0.00110056 0.0496096 8493.05 -0.000353127
53 10600 0.000706697 0.031443 8493.03 -0.000142449
54 10800 0.000470379 0.0196017 8493.02 -5.66297e-05
55 11000 0.000312834 0.0119239 8493.01 -2.24e-05
56 11200 0.000155296 0.00703304 8493.01 -8.96715e-06
57 11400 7.63863e-05 0.00405531 8493 -3.45935e-06
58 11600 7.63863e-05 0.00195266 8493 -1.59121e-06
59 11800 7.63863e-05 0.000906965 8493 -7.22663e-07
60 12000 7.63863e-05 0.000413774 8493 -3.2622e-07
61 12200 7.63863e-05 0.000187362 8493 -1.46667e-07
62 12400 7.63863e-05 8.4495e-05 8493 -6.56859e-08
63 12600 7.63863e-05 3.79626e-05 8493 -2.9298e-08
64 12800 7.63863e-05 1.69883e-05 8493 -1.30136e-08
65 13000 7.63863e-05 7.57072e-06 8493 -5.7547e-09
66 13200 7.63863e-05 3.35948e-06 8493 -2.53426e-09
67 13400 7.63863e-05 1.48427e-06 8493 -1.11119e-09
68 13600 7.63863e-05 6.52849e-07 8493 -4.84291e-10
69 13800 7.63863e-05 2.85849e-07 8493 -2.1055e-10
70 14000 7.63863e-05 1.24581e-07 8493 -9.09598e-11
71 14200 7.63863e-05 5.40412e-08 8493 -3.90827e-11
72 14400 7.63863e-05 2.33309e-08 8493 -1.68493e-11
73 14600 7.63863e-05 1.00241e-08 8493 -7.25444e-12
74 14800 7.63863e-05 4.28582e-09 8493 -3.04162e-12
75 15000 7.63863e-05 1.82338e-09 8493 -8.57203e-13
76 15200 7.63863e-05 7.71873e-10 8493 0
77 15400 7.63863e-05 3.25096e-10 8493 0
78 15600 7.63863e-05 1.36222e-10 8493 0
79 15800 7.63863e-05 5.67835e-11 8493 0
80 16000 7.63863e-05 2.35457e-11 8493 0
81 16200 7.63863e-05 9.71161e-12 8493 0
82 16400 7.63863e-05 3.98412e-12 8493 0
83 16600 7.63863e-05 1.62559e-12 8493 0
84 16800 7.63863e-05 6.59637e-13 8493 0
85 17000 7.63863e-05 2.6619e-13 8493 0
86 17200 7.63863e-05 1.06819e-13 8493 0
87 17400 7.63863e-05 4.26246e-14 8493 0
88 17600 7.63863e-05 1.69123e-14 8493 0
89 17800 7.63863e-05 6.67206e-15 8493 0
90 18000 7.63863e-05 2.61707e-15 8493 0
91 18200 7.63863e-05 1.02059e-15 8493 0
92 18400 7.63863e-05 3.95691e-16 8493 0
93 18600 7.63863e-05 1.52545e-16 8493 0
94 18800 7.63863e-05 5.84962e-17 8493 0
95 19000 7.63863e-05 2.24266e-17 8493 0
96 19200 7.63863e-05 8.87653e-18 8493 0
97 19400 7.63863e-05 4.35813e-18 8493 1.92327e-07
98 19600 7.63863e-05 1.77932e-12 8493 2.21401e-06
99 19800 7.63863e-05 1.09968e-12 8493 0.00520777
