NTS LL(mkm)  STRESS(GPa)   VEL(m / s)  DENS(kg/m3)  ENERGY(J) 
0 841.819 11.8282 400 9635.22 -77624.3
1 1018.11 11.8282 399.96 9635.22 -77749
2 1194.4 11.8281 399.921 9635.21 -77796.3
3 1370.69 11.8279 399.881 9635.2 -77815
4 1546.98 11.8276 399.841 9635.19 -77811.8
5 1723.27 11.8273 399.801 9635.17 -77827.4
6 1899.57 11.8269 399.761 9635.14 -77820
7 2075.86 11.8263 399.72 9635.11 -77823.4
8 2252.15 11.8257 399.678 9635.07 -77825.7
9 2428.44 11.8248 399.635 9635.02 -77813.9
10 2604.74 11.8237 399.588 9634.96 -77807.3
11 2781.03 11.8222 399.535 9634.87 -77802.4
12 2957.33 11.8198 399.469 9634.73 -77789.5
13 3133.63 11.8152 399.387 9634.47 -77754.1
14 3309.93 11.8052 399.281 9633.89 -77677.9
15 3486.25 11.7829 399.129 9632.59 -77513.3
16 3662.59 11.7337 398.817 9629.74 -77154.2
17 3838.98 11.6282 397.992 9623.63 -76390.1
18 4015.48 11.4045 395.807 9610.72 -74779.9
19 4192.22 10.9159 390.635 9582.69 -71389.1
20 4369.48 9.80438 380.213 9519.87 -64254.9
21 4547.91 7.09253 364.753 9371.73 -50233.7
22 4729.15 7.03691 345.78 9368.77 -49991.5
23 4910.46 10.6151 333.511 9362.92 -49356.4
24 5091.88 10.5738 340.429 9360.26 -49034.4
25 5273.35 10.5012 339.224 9355.55 -48467.7
26 5454.91 10.4025 337.55 9349.13 -47701
27 5636.59 10.2689 335.286 9340.51 -46681.4
28 5818.44 10.0927 332.208 9329.15 -45354.2
29 6000.52 9.86432 328.105 9314.44 -43666.2
30 6182.88 9.57153 322.734 9295.67 -41560.6
31 6365.61 9.20094 315.813 9272.04 -38987.6
32 6548.81 8.73805 307.005 9242.64 -35911.9
33 6732.59 8.16434 295.919 9206.46 -32319
34 6917.09 7.45854 282.114 9162.34 -28235.5
35 7102.48 6.59724 265.089 9109.02 -23747.7
36 7288.95 5.55066 244.251 9045.04 -19036.1
37 7476.74 4.28736 218.804 8968.96 -14429.1
38 7666.13 3.38224 187.686 8885.05 -10505.2
39 7857.31 2.89614 157.546 8812.75 -7608.47
40 8050.05 2.47722 131.828 8751.95 -5491.77
41 8244.13 2.11545 109.88 8700.52 -3941.91
42 8439.36 1.80305 91.1542 8656.91 -2808.23
43 8635.57 1.38352 74.8923 8618.67 -1978.45
44 8832.66 2.23217 57.9497 8590.93 -1500
45 9030.38 2.18972 55.4231 8589.04 -1443.25
46 9228.14 2.14033 54.1876 8586.84 -1378.65
47 9425.96 2.08151 53.0846 8584.22 -1303.65
48 9623.83 2.01291 51.7642 8581.16 -1218.82
49 9821.78 1.93533 50.1909 8577.72 -1126.39
50 10019.8 1.84975 48.3885 8573.91 -1028.57
51 10217.9 1.75688 46.378 8569.8 -927.602
52 10416.1 1.65803 44.1802 8565.42 -825.788
53 10614.4 1.55428 41.8196 8560.83 -725.413
54 10812.8 1.44711 39.3256 8556.11 -628.597
55 11011.4 1.33801 36.7313 8551.3 -537.166
56 11210 1.22845 34.0719 8546.48 -452.578
57 11408.8 1.11977 31.3835 8541.71 -375.88
58 11607.6 1.0133 28.7016 8537.04 -307.685
59 11806.6 0.910301 26.06 8532.53 -248.208
60 12005.7 0.811797 23.4896 8528.23 -197.305
61 12204.8 0.718581 21.0179 8524.16 -154.541
62 12404.1 0.631366 18.6678 8520.36 -119.266
63 12603.5 0.550632 16.4581 8516.85 -90.6858
64 12802.9 0.476701 14.4026 8513.63 -67.9374
65 13002.4 0.409582 12.5104 8510.72 -50.1459
66 13202 0.349358 10.7863 8508.1 -36.4685
67 13401.6 0.295724 9.23091 8505.78 -26.1323
68 13601.3 0.248526 7.84137 8503.74 -18.4511
69 13801.1 0.207376 6.61188 8501.95 -12.8375
70 14000.9 0.171726 5.53404 8500.41 -8.8021
71 14200.7 0.141186 4.59823 8499.09 -5.9476
72 14400.6 0.115208 3.79247 8497.97 -3.96104
73 14600.4 0.0933213 3.10531 8497.03 -2.60013
74 14800.3 0.0750538 2.52426 8496.24 -1.68242
75 15000.3 0.0600134 2.03714 8495.59 -1.0732
76 15200.2 0.0475707 1.63209 8495.05 -0.67498
77 15400.2 0.03749 1.29837 8494.61 -0.41856
78 15600.1 0.029299 1.02546 8494.26 -0.255958
79 15800.1 0.0227618 0.804236 8493.98 -0.154366
80 16000.1 0.0175633 0.626317 8493.76 -0.091824
81 16200.1 0.0134674 0.484248 8493.58 -0.0538759
82 16400 0.0102379 0.371764 8493.44 -0.0311932
83 16600 0.00771732 0.283431 8493.33 -0.0178197
84 16800 0.00582684 0.214609 8493.25 -0.0100457
85 17000 0.0043302 0.161283 8493.19 -0.00558863
86 17200 0.0032274 0.120315 8493.14 -0.00306995
87 17400 0.00236091 0.0890941 8493.1 -0.00166542
88 17600 0.00173074 0.0654646 8493.07 -0.000892151
89 17800 0.0012581 0.0476883 8493.05 -0.000472406
90 18000 0.000943014 0.0344812 8493.04 -0.000247007
91 18200 0.000627924 0.0246264 8493.03 -0.000127743
92 18400 0.000470379 0.0173525 8493.02 -6.5575e-05
93 18600 0.000312834 0.0121308 8493.01 -3.31567e-05
94 18800 0.000234061 0.00820398 8493.01 -1.67527e-05
95 19000 0.000155296 0.00555034 8493.01 -8.21148e-06
96 19200 0.000155296 0.0035167 8493 -4.03826e-06
97 19400 7.63863e-05 0.00203785 8493 -1.8208e-06
98 19600 7.63863e-05 0.000952538 8493 1.11219e-06
99 19800 7.63863e-05 0.000383568 8493 0.00520839
