NTS LL(mkm)  STRESS(GPa)   VEL(m / s)  DENS(kg/m3)  ENERGY(J) 
0 799.828 11.8242 400 9634.99 -77594.2
1 976.123 11.8241 399.957 9634.98 -77718.9
2 1152.42 11.8239 399.914 9634.97 -77765.8
3 1328.71 11.8237 399.871 9634.96 -77784.3
4 1505.01 11.8234 399.827 9634.94 -77780.8
5 1681.3 11.823 399.781 9634.92 -77796
6 1857.6 11.8225 399.735 9634.89 -77788.1
7 2033.9 11.8219 399.688 9634.85 -77790.7
8 2210.2 11.8211 399.641 9634.81 -77791.6
9 2386.49 11.8199 399.593 9634.74 -77777.2
10 2562.79 11.8181 399.539 9634.63 -77765.4
11 2739.09 11.8152 399.472 9634.47 -77750.5
12 2915.4 11.81 399.374 9634.17 -77717.2
13 3091.71 11.7992 399.226 9633.54 -77636.6
14 3268.03 11.775 399.006 9632.13 -77454.8
15 3444.38 11.7188 398.648 9628.88 -77043.3
16 3620.78 11.5928 397.878 9621.58 -76127.7
17 3797.33 11.3173 395.86 9605.7 -74164.1
18 3974.16 10.7225 390.607 9571.67 -70084.8
19 4151.62 9.40218 378.133 9497.44 -61876.1
20 4330.47 10.6142 350.532 9362.88 -49347.8
21 4511.89 10.6423 343.697 9364.67 -49566.2
22 4693.27 10.5948 341.093 9361.61 -49196.6
23 4874.71 10.5316 339.731 9357.51 -48702.8
24 5056.24 10.4418 338.323 9351.69 -48005.3
25 5237.87 10.3174 336.32 9343.66 -47052.3
26 5419.66 10.1514 333.486 9332.93 -45792.5
27 5601.66 9.93316 329.636 9318.9 -44173.3
28 5783.94 9.65254 324.542 9300.86 -42135.4
29 5966.57 9.29495 317.921 9278 -39627.4
30 6149.64 8.84491 309.438 9249.41 -36607.4
31 6333.29 8.28532 298.703 9214.09 -33058.1
32 6517.64 7.59607 285.281 9170.89 -29001.4
33 6702.85 6.75258 268.666 9118.59 -24516.4
34 6889.13 5.72776 248.251 9055.8 -19775.9
35 7076.7 4.49162 223.256 8981.18 -15092.7
36 7265.83 3.45734 192.799 8896.37 -10994.6
37 7456.76 2.95767 161.79 8821.81 -7949.73
38 7649.31 2.52773 135.314 8759.2 -5728.66
39 7843.23 2.15683 112.729 8706.36 -4106.7
40 8038.33 1.83812 93.3867 8661.77 -2926.2
41 8234.43 1.44973 76.4408 8623.55 -2070.75
42 8431.4 2.24898 59.2302 8591.69 -1522.76
43 8629.11 2.19112 56.0245 8589.1 -1445.12
44 8826.87 2.13465 54.3304 8586.58 -1371.24
45 9024.69 2.07059 53.0042 8583.73 -1289.94
46 9222.58 1.99662 51.5538 8580.44 -1199.1
47 9420.54 1.91318 49.8573 8576.73 -1100.63
48 9618.58 1.82135 47.9165 8572.66 -997.135
49 9816.73 1.7223 45.7563 8568.26 -891.246
50 10015 1.61725 43.4044 8563.62 -785.574
51 10213.3 1.50785 40.8915 8558.78 -682.596
52 10411.8 1.39565 38.2524 8553.84 -584.509
53 10610.4 1.28214 35.5254 8548.84 -493.127
54 10809.1 1.1691 32.7503 8543.87 -409.807
55 11007.9 1.05788 29.9662 8538.99 -335.412
56 11206.8 0.94997 27.2114 8534.27 -270.334
57 11405.8 0.846467 24.521 8529.74 -214.54
58 11605 0.748324 21.9267 8525.46 -167.635
59 11804.2 0.656491 19.4552 8521.45 -128.961
60 12003.5 0.571447 17.1283 8517.75 -97.6722
61 12202.9 0.493517 14.9624 8514.36 -72.8289
62 12402.4 0.422945 12.9685 8511.3 -53.4642
63 12602 0.35958 11.1528 8508.55 -38.642
64 12801.7 0.303353 9.51673 8506.11 -27.498
65 13001.3 0.253954 8.0576 8503.97 -19.2676
66 13201.1 0.210995 6.76939 8502.11 -13.2938
67 13400.9 0.17393 5.64326 8500.51 -9.03232
68 13600.7 0.142289 4.66827 8499.14 -6.04379
69 13800.5 0.115523 3.83215 8497.98 -3.98297
70 14000.4 0.0930851 3.12186 8497.02 -2.58555
71 14200.3 0.0744239 2.5239 8496.21 -1.65334
72 14400.3 0.0590684 2.02504 8495.55 -1.04155
73 14600.2 0.0465469 1.61267 8495.01 -0.646508
74 14800.2 0.0363874 1.27465 8494.57 -0.395414
75 15000.1 0.0282751 0.999921 8494.22 -0.23833
76 15200.1 0.0218166 0.778687 8493.94 -0.141581
77 15400.1 0.0166969 0.601844 8493.72 -0.0829263
78 15600 0.0126797 0.461821 8493.54 -0.0478734
79 15800 0.00952902 0.351727 8493.41 -0.0272539
80 16000 0.00716593 0.265911 8493.31 -0.0152994
81 16200 0.00535422 0.199558 8493.23 -0.00847212
82 16400 0.00393634 0.14864 8493.17 -0.00462781
83 16600 0.00291231 0.109831 8493.12 -0.00249514
84 16800 0.0021246 0.0805543 8493.09 -0.0013276
85 17000 0.00149442 0.0585908 8493.06 -0.000697409
86 17200 0.00110056 0.0422005 8493.05 -0.000362195
87 17400 0.000785469 0.0301266 8493.03 -0.000185939
88 17600 0.000549152 0.0212807 8493.02 -9.43448e-05
89 17800 0.000391606 0.0148286 8493.02 -4.73145e-05
90 18000 0.000312834 0.0102282 8493.01 -2.32605e-05
91 18200 0.000234061 0.00681171 8493.01 -1.1333e-05
92 18400 0.000155296 0.00424886 8493 -5.70464e-06
93 18600 7.63863e-05 0.00279674 8493 -2.68935e-06
94 18800 7.63863e-05 0.0014157 8493 -1.33627e-06
95 19000 7.63863e-05 0.000702488 8493 -6.64483e-07
96 19200 7.63863e-05 0.000347953 8493 -3.3174e-07
97 19400 7.63863e-05 0.000171103 8493 2.42105e-08
98 19600 7.63863e-05 8.10949e-05 8493 2.12344e-06
99 19800 7.63863e-05 3.23084e-05 8493 0.00520892
