NTS LL(mkm)  STRESS(GPa)   VEL(m / s)  DENS(kg/m3)  ENERGY(J) 
0 80.0926 7.38655 400 9387.45 -51296.9
1 261.036 9.07713 363.021 9264.13 -38038.9
2 444.389 6.84378 337.271 9124.2 -24918.9
3 630.553 4.16102 286.052 8961.41 -14013.9
4 820.099 2.88357 218.151 8810.95 -7521.87
5 1012.88 2.11252 158.75 8700.11 -3924.58
6 1208.12 1.42136 111.85 8621.46 -2023.32
7 1405.14 1.88861 74.0543 8575.64 -1067.86
8 1603.21 1.2801 54.8109 8548.75 -489.19
9 1801.91 0.815092 38.1814 8528.37 -197.848
10 2001.08 0.489353 24.9106 8514.18 -71.1721
11 2200.58 0.278026 15.2851 8505.01 -22.9339
12 2400.3 0.149845 8.85791 8499.47 -6.65474
13 2600.15 0.0768649 4.86251 8496.31 -1.74656
14 2800.07 0.0375688 2.53425 8494.62 -0.416393
15 3000.03 0.0174845 1.25666 8493.75 -0.0905311
16 3200.01 0.00779609 0.593935 8493.34 -0.0180338
17 3400.01 0.00338494 0.267968 8493.14 -0.0033101
18 3600 0.00141565 0.115453 8493.06 -0.000571152
19 3800 0.000549152 0.0475689 8493.02 -9.4658e-05
20 4000 0.000234061 0.018646 8493.01 -1.63047e-05
21 4200 7.63863e-05 0.00693555 8493 -3.09508e-06
22 4400 7.63863e-05 0.0022183 8493 -9.45279e-07
23 4600 7.63863e-05 0.000684815 8493 -2.80634e-07
24 4800 7.63863e-05 0.000205196 8493 -8.12279e-08
25 5000 7.63863e-05 5.99139e-05 8493 -2.29379e-08
26 5200 7.63863e-05 1.70639e-05 8493 -6.31806e-09
27 5400 7.63863e-05 4.73889e-06 8493 -1.69658e-09
28 5600 7.63863e-05 1.28289e-06 8493 -4.44622e-10
29 5800 7.63863e-05 3.38521e-07 8493 -1.13428e-10
30 6000 7.63863e-05 8.70734e-08 8493 -2.8357e-11
31 6200 7.63863e-05 2.18337e-08 8493 -6.82487e-12
32 6400 7.63863e-05 5.33781e-09 8493 -1.63735e-12
33 6600 7.63863e-05 1.2725e-09 8493 -3.1206e-13
34 6800 7.63863e-05 2.95856e-10 8493 0
35 7000 7.63863e-05 6.70989e-11 8493 0
36 7200 7.63863e-05 1.48474e-11 8493 0
37 7400 7.63863e-05 3.20614e-12 8493 0
38 7600 7.63863e-05 6.75784e-13 8493 0
39 7800 7.63863e-05 1.39069e-13 8493 0
40 8000 7.63863e-05 2.79484e-14 8493 0
41 8200 7.63863e-05 5.48646e-15 8493 0
42 8400 7.63863e-05 1.05231e-15 8493 0
43 8600 7.63863e-05 1.9725e-16 8493 0
44 8800 7.63863e-05 3.61455e-17 8493 0
45 9000 7.63863e-05 6.47036e-18 8493 0
46 9200 7.63863e-05 1.13164e-18 8493 0
47 9400 7.63863e-05 1.88607e-19 8493 0
48 9600 7.63863e-05 4.1902e-20 8493 0
49 9800 7.63863e-05 0 8493 0
50 10000 7.63863e-05 0 8493 0
51 10200 7.63863e-05 0 8493 0
52 10400 7.63863e-05 0 8493 0
53 10600 7.63863e-05 0 8493 0
54 10800 7.63863e-05 0 8493 0
55 11000 7.63863e-05 0 8493 0
56 11200 7.63863e-05 0 8493 0
57 11400 7.63863e-05 0 8493 0
58 11600 7.63863e-05 0 8493 0
59 11800 7.63863e-05 0 8493 0
60 12000 7.63863e-05 0 8493 0
61 12200 7.63863e-05 0 8493 0
62 12400 7.63863e-05 0 8493 0
63 12600 7.63863e-05 0 8493 0
64 12800 7.63863e-05 0 8493 0
65 13000 7.63863e-05 0 8493 0
66 13200 7.63863e-05 0 8493 0
67 13400 7.63863e-05 0 8493 0
68 13600 7.63863e-05 0 8493 0
69 13800 7.63863e-05 0 8493 0
70 14000 7.63863e-05 0 8493 0
71 14200 7.63863e-05 0 8493 0
72 14400 7.63863e-05 0 8493 0
73 14600 7.63863e-05 0 8493 0
74 14800 7.63863e-05 0 8493 0
75 15000 7.63863e-05 0 8493 0
76 15200 7.63863e-05 0 8493 0
77 15400 7.63863e-05 0 8493 0
78 15600 7.63863e-05 0 8493 0
79 15800 7.63863e-05 0 8493 0
80 16000 7.63863e-05 0 8493 0
81 16200 7.63863e-05 0 8493 0
82 16400 7.63863e-05 0 8493 0
83 16600 7.63863e-05 0 8493 0
84 16800 7.63863e-05 0 8493 0
85 17000 7.63863e-05 0 8493 0
86 17200 7.63863e-05 0 8493 0
87 17400 7.63863e-05 0 8493 0
88 17600 7.63863e-05 0 8493 0
89 17800 7.63863e-05 0 8493 0
90 18000 7.63863e-05 0 8493 0
91 18200 7.63863e-05 0 8493 0
92 18400 7.63863e-05 0 8493 0
93 18600 7.63863e-05 0 8493 0
94 18800 7.63863e-05 0 8493 0
95 19000 7.63863e-05 0 8493 0
96 19200 7.63863e-05 0 8493 0
97 19400 7.63863e-05 0 8493 1.82251e-07
98 19600 7.63863e-05 4.07793e-06 8493 2.21786e-06
99 19800 7.63863e-05 2.5203e-06 8493 0.00520679
