NTS LL(mkm)  STRESS(GPa)   VEL(m / s)  DENS(kg/m3)  ENERGY(J) 
0 400.396 11.7498 400 9630.67 -77046
1 576.77 11.7478 399.903 9630.56 -77156.7
2 753.146 11.7418 399.745 9630.21 -77161
3 929.529 11.7247 399.45 9629.22 -77055.1
4 1105.93 11.6753 398.932 9626.35 -76692.7
5 1282.38 11.5401 398.067 9618.54 -75731.4
6 1458.98 11.1998 396.342 9598.95 -73314.4
7 1635.94 10.4005 391.712 9553.4 -67958.9
8 1813.74 8.5806 378.469 9452.14 -57328.2
9 1993.44 10.4561 344.219 9352.63 -48102.7
10 2175.06 10.2987 339.438 9342.46 -46898.8
11 2356.87 10.0212 335.611 9324.55 -44813.9
12 2539.04 9.61694 329.775 9298.57 -41873.1
13 2721.71 9.06534 320.787 9263.4 -38062
14 2905.08 8.34682 308.115 9217.95 -33430.2
15 3089.35 7.43879 291.249 9161.12 -28121.5
16 3274.76 6.32001 269.567 9091.97 -22413.9
17 3461.59 4.96611 242.41 9009.68 -16751.9
18 3650.12 3.57457 209.245 8914.11 -11779.1
19 3840.67 2.99409 172.645 8827.16 -8152.63
20 4033.1 2.50377 141.31 8755.77 -5613.8
21 4227.1 2.09111 114.762 8697.11 -3846.29
22 4422.4 1.74592 92.6662 8649.03 -2620.81
23 4618.79 1.21596 74.8656 8606.3 -1761.78
24 4816.16 2.14735 56.9524 8587.15 -1386.99
25 5013.97 1.99748 54.1823 8580.48 -1199.43
26 5211.93 1.82471 50.8844 8572.81 -1000.3
27 5410.07 1.64014 46.8546 8564.63 -807.553
28 5608.4 1.45157 42.4198 8556.3 -632.042
29 5806.92 1.26492 37.8119 8548.08 -479.62
30 6005.63 1.08538 33.1878 8540.2 -352.866
31 6204.52 0.917043 28.6804 8532.83 -251.726
32 6403.59 0.763076 24.404 8526.1 -174.161
33 6602.81 0.62532 20.4474 8520.1 -116.894
34 6802.18 0.504831 16.8724 8514.85 -76.1346
35 7001.66 0.401485 13.7131 8510.37 -48.1353
36 7201.25 0.314679 10.9796 8506.6 -29.5516
37 7400.93 0.243019 8.66149 8503.5 -17.6234
38 7600.69 0.185026 6.73341 8500.99 -10.213
39 7800.5 0.138904 5.15932 8499 -5.75334
40 8000.36 0.102848 3.8971 8497.44 -3.15179
41 8200.25 0.0750538 2.90236 8496.24 -1.67966
42 8400.18 0.0541072 2.1316 8495.33 -0.871143
43 8600.12 0.0384351 1.54405 8494.66 -0.439875
44 8800.08 0.0269362 1.10336 8494.16 -0.21632
45 9000.06 0.018666 0.777866 8493.8 -0.10366
46 9200.04 0.0127585 0.541153 8493.55 -0.0484204
47 9400.02 0.00858379 0.37149 8493.37 -0.0220607
48 9600.02 0.00574807 0.251686 8493.25 -0.00980956
49 9800.01 0.0037788 0.168255 8493.16 -0.00426203
50 10000 0.00243968 0.111058 8493.1 -0.0018091
51 10200 0.00157319 0.0722545 8493.07 -0.000752453
52 10400 0.00102179 0.0463424 8493.04 -0.00030736
53 10600 0.000627924 0.0292734 8493.03 -0.000123512
54 10800 0.000391606 0.0181393 8493.02 -4.92139e-05
55 11000 0.000234061 0.0110048 8493.01 -1.95023e-05
56 11200 0.000155296 0.00642972 8493.01 -7.86951e-06
57 11400 7.63863e-05 0.0036971 8493 -3.07447e-06
58 11600 7.63863e-05 0.00174722 8493 -1.40208e-06
59 11800 7.63863e-05 0.000801488 8493 -6.34283e-07
60 12000 7.63863e-05 0.000363631 8493 -2.85828e-07
61 12200 7.63863e-05 0.000164325 8493 -1.28343e-07
62 12400 7.63863e-05 7.4017e-05 8493 -5.7402e-08
63 12600 7.63863e-05 3.32123e-05 8493 -2.55662e-08
64 12800 7.63863e-05 1.48416e-05 8493 -1.13391e-08
65 13000 7.63863e-05 6.60435e-06 8493 -5.00658e-09
66 13200 7.63863e-05 2.92622e-06 8493 -2.20123e-09
67 13400 7.63863e-05 1.29083e-06 8493 -9.63588e-10
68 13600 7.63863e-05 5.66857e-07 8493 -4.19307e-10
69 13800 7.63863e-05 2.47789e-07 8493 -1.81922e-10
70 14000 7.63863e-05 1.07811e-07 8493 -7.84774e-11
71 14200 7.63863e-05 4.66862e-08 8493 -3.37006e-11
72 14400 7.63863e-05 2.01201e-08 8493 -1.43528e-11
73 14600 7.63863e-05 8.62907e-09 8493 -6.16223e-12
74 14800 7.63863e-05 3.68265e-09 8493 -3.04162e-12
75 15000 7.63863e-05 1.56385e-09 8493 -3.1206e-13
76 15200 7.63863e-05 6.6075e-10 8493 0
77 15400 7.63863e-05 2.77754e-10 8493 0
78 15600 7.63863e-05 1.16154e-10 8493 0
79 15800 7.63863e-05 4.83209e-11 8493 0
80 16000 7.63863e-05 1.99955e-11 8493 0
81 16200 7.63863e-05 8.23003e-12 8493 0
82 16400 7.63863e-05 3.36911e-12 8493 0
83 16600 7.63863e-05 1.37168e-12 8493 0
84 16800 7.63863e-05 5.55374e-13 8493 0
85 17000 7.63863e-05 2.23612e-13 8493 0
86 17200 7.63863e-05 8.95287e-14 8493 0
87 17400 7.63863e-05 3.56422e-14 8493 0
88 17600 7.63863e-05 1.41086e-14 8493 0
89 17800 7.63863e-05 5.55269e-15 8493 0
90 18000 7.63863e-05 2.17274e-15 8493 0
91 18200 7.63863e-05 8.45231e-16 8493 0
92 18400 7.63863e-05 3.26881e-16 8493 0
93 18600 7.63863e-05 1.25698e-16 8493 0
94 18800 7.63863e-05 4.80843e-17 8493 0
95 19000 7.63863e-05 1.83838e-17 8493 0
96 19200 7.63863e-05 7.25322e-18 8493 0
97 19400 7.63863e-05 3.55165e-18 8493 1.92327e-07
98 19600 7.63863e-05 1.92145e-12 8493 2.21401e-06
99 19800 7.63863e-05 1.18752e-12 8493 0.00520776
