NTS LL(mkm)  STRESS(GPa)   VEL(m / s)  DENS(kg/m3)  ENERGY(J) 
0 601.933 11.7972 400 9633.42 -77395.3
1 778.257 11.7971 399.92 9633.42 -77519.4
2 954.581 11.7968 399.84 9633.4 -77565.3
3 1130.9 11.7963 399.758 9633.37 -77582
4 1307.23 11.7955 399.675 9633.33 -77574.9
5 1483.55 11.794 399.59 9633.24 -77582.1
6 1659.88 11.7907 399.504 9633.05 -77553.5
7 1836.21 11.783 399.412 9632.6 -77504.2
8 2012.55 11.7656 399.275 9631.59 -77383.1
9 2188.91 11.7277 398.949 9629.39 -77098.7
10 2365.31 11.6457 398.092 9624.64 -76501.7
11 2541.79 11.4632 396.128 9614.1 -75191.4
12 2718.47 11.0357 392.399 9589.54 -72200.4
13 2895.6 10.0155 386.02 9531.7 -65539.9
14 3073.8 7.61697 372.653 9399.83 -52568.7
15 3254.51 10.5248 334.113 9357.06 -48645.2
16 3436.04 10.5102 340.419 9356.1 -48529.5
17 3617.59 10.3749 338.91 9347.36 -47486.2
18 3799.31 10.1892 335.853 9335.35 -46073.1
19 3981.26 9.93916 331.563 9319.28 -44215.4
20 4163.53 9.61002 325.806 9298.14 -41829.1
21 4346.21 9.1826 318.143 9270.85 -38856.1
22 4529.43 8.63829 308.106 9236.32 -35264.3
23 4713.34 7.95626 295.199 9193.41 -31074.2
24 4898.1 7.11398 278.89 9140.95 -26372.9
25 5083.92 6.0871 258.56 9077.74 -21348.5
26 5271.04 4.84776 233.524 9002.56 -16324
27 5459.72 3.5783 203.147 8914.73 -11806.8
28 5650.26 3.04145 169.73 8834.17 -8423.19
29 5842.53 2.58092 141.093 8766.9 -5983.94
30 6036.29 2.18768 116.723 8710.71 -4231.22
31 6231.29 1.85283 95.9882 8663.81 -2976.03
32 6427.34 1.45734 77.992 8624.11 -2082.39
33 6624.3 2.2468 60.0298 8591.59 -1519.54
34 6822.01 2.15249 56.2381 8587.38 -1394.19
35 7019.81 2.05836 53.7925 8583.19 -1274.47
36 7217.71 1.95342 51.5943 8578.52 -1147.31
37 7415.72 1.83657 49.1735 8573.33 -1013.69
38 7613.84 1.71004 46.441 8567.72 -878.409
39 7812.1 1.57663 43.4389 8561.82 -746.338
40 8010.49 1.43921 40.2352 8555.76 -621.58
41 8209.02 1.30061 36.8998 8549.65 -507.314
42 8407.7 1.16339 33.5018 8543.62 -405.687
43 8606.51 1.02999 30.1087 8537.77 -317.825
44 8805.46 0.902538 26.783 8532.19 -243.913
45 9004.54 0.78277 23.5805 8526.96 -183.369
46 9203.75 0.671878 20.5474 8522.12 -135.04
47 9403.06 0.570819 17.7205 8517.72 -97.4234
48 9602.48 0.480002 15.1255 8513.77 -68.8593
49 9802 0.399519 12.7783 8510.28 -47.6857
50 10001.6 0.329149 10.6853 8507.23 -32.3593
51 10201.3 0.268429 8.84437 8504.6 -21.52
52 10401 0.216739 7.24659 8502.36 -14.0275
53 10600.8 0.1733 5.878 8500.48 -8.96324
54 10800.6 0.137172 4.72027 8498.92 -5.61533
55 11000.4 0.107572 3.753 8497.64 -3.44967
56 11200.3 0.0834791 2.95479 8496.6 -2.07845
57 11400.3 0.064187 2.30351 8495.77 -1.22845
58 11600.2 0.0489095 1.77842 8495.11 -0.71231
59 11800.1 0.0368599 1.35989 8494.59 -0.405317
60 12000.1 0.0275663 1.02991 8494.19 -0.226357
61 12200.1 0.0203988 0.772598 8493.88 -0.124106
62 12400.1 0.014964 0.574146 8493.64 -0.0668119
63 12600 0.0108681 0.422613 8493.47 -0.0353264
64 12800 0.00787486 0.308223 8493.34 -0.0183482
65 13000 0.00559053 0.222657 8493.24 -0.00936685
66 13200 0.00393634 0.159342 8493.17 -0.00470032
67 13400 0.00275477 0.11293 8493.12 -0.00231998
68 13600 0.00196705 0.0792401 8493.08 -0.0011271
69 13800 0.00133688 0.0550235 8493.06 -0.000539444
70 14000 0.000943014 0.0378078 8493.04 -0.000254418
71 14200 0.000627924 0.0256192 8493.03 -0.000118652
72 14400 0.000391606 0.017202 8493.02 -5.4353e-05
73 14600 0.000312834 0.0112044 8493.01 -2.49421e-05
74 14800 0.000234061 0.00732683 8493.01 -1.09926e-05
75 15000 0.000155296 0.00427682 8493 -5.20912e-06
76 15200 7.63863e-05 0.00265465 8493 -2.33965e-06
77 15400 7.63863e-05 0.00127216 8493 -1.12213e-06
78 15600 7.63863e-05 0.000609432 8493 -5.38861e-07
79 15800 7.63863e-05 0.000293191 8493 -2.58288e-07
80 16000 7.63863e-05 0.000140874 8493 -1.23474e-07
81 16200 7.63863e-05 6.74961e-05 8493 -5.88791e-08
82 16400 7.63863e-05 3.22548e-05 8493 -2.80073e-08
83 16600 7.63863e-05 1.53767e-05 8493 -1.32932e-08
84 16800 7.63863e-05 7.31273e-06 8493 -6.29095e-09
85 17000 7.63863e-05 3.4691e-06 8493 -2.96893e-09
86 17200 7.63863e-05 1.64153e-06 8493 -1.39748e-09
87 17400 7.63863e-05 7.74743e-07 8493 -6.57786e-10
88 17600 7.63863e-05 3.64692e-07 8493 -3.0783e-10
89 17800 7.63863e-05 1.71213e-07 8493 -1.43852e-10
90 18000 7.63863e-05 8.01626e-08 8493 -6.70891e-11
91 18200 7.63863e-05 3.74297e-08 8493 -3.0892e-11
92 18400 7.63863e-05 1.74282e-08 8493 -1.46668e-11
93 18600 7.63863e-05 8.09206e-09 8493 -6.86533e-12
94 18800 7.63863e-05 3.74631e-09 8493 -2.34045e-12
95 19000 7.63863e-05 1.72897e-09 8493 0
96 19200 7.63863e-05 7.94696e-10 8493 0
97 19400 7.63863e-05 3.62167e-10 8493 1.92327e-07
98 19600 7.63863e-05 1.60069e-10 8493 2.21401e-06
99 19800 7.63863e-05 6.05361e-11 8493 0.00520837
