NTS LL(mkm)  STRESS(GPa)   VEL(m / s)  DENS(kg/m3)  ENERGY(J) 
0 320.014 11.7229 400 9629.11 -76849.1
1 496.416 11.7077 399.82 9628.23 -76862.5
2 672.835 11.6597 399.269 9625.45 -76560.1
3 849.305 11.5218 397.926 9617.48 -75582.7
4 1025.92 11.1419 395.339 9595.62 -72897.2
5 1202.94 10.159 390.406 9539.77 -66419.1
6 1380.99 7.8032 377.737 9409.87 -53425.4
7 1561.51 10.3657 339.614 9346.8 -47402.7
8 1743.24 10.0716 337.94 9327.77 -45179
9 1925.34 9.59483 332.583 9297.17 -41709
10 2108.04 8.93072 322.266 9254.89 -37162.1
11 2291.57 8.06345 307.069 9200.14 -31704.8
12 2476.2 6.97013 286.697 9132.02 -25614.8
13 2662.21 5.62865 260.625 9049.79 -19355
14 2849.9 4.02075 228.304 8953.04 -13604.1
15 3039.62 3.18122 188.756 8854.93 -9247.62
16 3231.45 2.6331 153.414 8774.43 -6236.74
17 3425.04 2.1755 123.565 8708.99 -4179.67
18 3620.08 1.79477 98.8006 8655.78 -2781.33
19 3816.31 1.27518 78.6877 8610.68 -1835.85
20 4013.58 2.13667 58.991 8586.67 -1372.86
21 4211.4 1.93533 54.5613 8577.71 -1125.42
22 4409.42 1.71589 49.9496 8567.98 -883.954
23 4607.67 1.4905 44.7333 8558.02 -666.316
24 4806.15 1.26954 39.2147 8548.29 -482.986
25 5004.86 1.06078 33.7004 8539.12 -336.918
26 5203.78 0.869682 28.4068 8530.76 -226.271
27 5402.9 0.699744 23.4906 8523.34 -146.366
28 5602.18 0.552675 19.0606 8516.93 -91.2383
29 5801.62 0.428604 15.1793 8511.54 -54.8385
30 6001.19 0.326475 11.8675 8507.11 -31.7985
31 6200.85 0.244277 9.11138 8503.55 -17.7986
32 6400.61 0.179675 6.87142 8500.76 -9.62208
33 6600.42 0.129851 5.09173 8498.61 -5.0269
34 6800.29 0.0922977 3.70819 8496.98 -2.53933
35 7000.2 0.0645808 2.65489 8495.78 -1.24103
36 7200.13 0.0444206 1.86912 8494.91 -0.587124
37 7400.09 0.0300866 1.2944 8494.3 -0.269011
38 7600.06 0.020005 0.881833 8493.86 -0.119455
39 7800.04 0.0131524 0.591156 8493.57 -0.0514429
40 8000.02 0.00850502 0.389999 8493.37 -0.0215032
41 8200.01 0.00543299 0.253306 8493.23 -0.00873135
42 8400.01 0.00338494 0.161889 8493.15 -0.00344871
43 8600.01 0.0021246 0.101843 8493.09 -0.00132822
44 8800 0.0012581 0.0630555 8493.05 -0.000499209
45 9000 0.000785469 0.038334 8493.03 -0.000184293
46 9200 0.000470379 0.0228694 8493.02 -6.71695e-05
47 9400 0.000312834 0.0133306 8493.01 -2.43522e-05
48 9600 0.000155296 0.00754406 8493.01 -8.92534e-06
49 9800 7.63863e-05 0.0041077 8493 -3.23447e-06
50 10000 7.63863e-05 0.00188937 8493 -1.42491e-06
51 10200 7.63863e-05 0.000839279 8493 -6.20285e-07
52 10400 7.63863e-05 0.000366867 8493 -2.68399e-07
53 10600 7.63863e-05 0.000159302 8493 -1.15572e-07
54 10800 7.63863e-05 6.88549e-05 8493 -4.95095e-08
55 11000 7.63863e-05 2.96137e-05 8493 -2.10923e-08
56 11200 7.63863e-05 1.26676e-05 8493 -8.93473e-09
57 11400 7.63863e-05 5.3882e-06 8493 -3.76301e-09
58 11600 7.63863e-05 2.27863e-06 8493 -1.57558e-09
59 11800 7.63863e-05 9.57935e-07 8493 -6.55213e-10
60 12000 7.63863e-05 4.00297e-07 8493 -2.71554e-10
61 12200 7.63863e-05 1.66252e-07 8493 -1.11086e-10
62 12400 7.63863e-05 6.86202e-08 8493 -4.56359e-11
63 12600 7.63863e-05 2.81446e-08 8493 -1.84096e-11
64 12800 7.63863e-05 1.14699e-08 8493 -7.5665e-12
65 13000 7.63863e-05 4.64413e-09 8493 -3.1206e-12
66 13200 7.63863e-05 1.86809e-09 8493 -7.80151e-13
67 13400 7.63863e-05 7.4646e-10 8493 0
68 13600 7.63863e-05 2.96276e-10 8493 0
69 13800 7.63863e-05 1.16799e-10 8493 0
70 14000 7.63863e-05 4.57304e-11 8493 0
71 14200 7.63863e-05 1.77814e-11 8493 0
72 14400 7.63863e-05 6.8659e-12 8493 0
73 14600 7.63863e-05 2.63253e-12 8493 0
74 14800 7.63863e-05 1.00224e-12 8493 0
75 15000 7.63863e-05 3.78855e-13 8493 0
76 15200 7.63863e-05 1.42184e-13 8493 0
77 15400 7.63863e-05 5.29775e-14 8493 0
78 15600 7.63863e-05 1.95963e-14 8493 0
79 15800 7.63863e-05 7.19583e-15 8493 0
80 16000 7.63863e-05 2.623e-15 8493 0
81 16200 7.63863e-05 9.49092e-16 8493 0
82 16400 7.63863e-05 3.40883e-16 8493 0
83 16600 7.63863e-05 1.21536e-16 8493 0
84 16800 7.63863e-05 4.29955e-17 8493 0
85 17000 7.63863e-05 1.51022e-17 8493 0
86 17200 7.63863e-05 5.27362e-18 8493 0
87 17400 7.63863e-05 1.83026e-18 8493 0
88 17600 7.63863e-05 6.25596e-19 8493 0
89 17800 7.63863e-05 2.11979e-19 8493 0
90 18000 7.63863e-05 1.03404e-19 8493 0
91 18200 7.63863e-05 1.03404e-20 8493 0
92 18400 7.63863e-05 0 8493 0
93 18600 7.63863e-05 0 8493 0
94 18800 7.63863e-05 0 8493 0
95 19000 7.63863e-05 0 8493 0
96 19200 7.63863e-05 0 8493 0
97 19400 7.63863e-05 0 8493 1.92327e-07
98 19600 7.63863e-05 7.43658e-11 8493 2.21401e-06
99 19800 7.63863e-05 4.59606e-11 8493 0.00520751
