NTS LL(mkm)  STRESS(GPa)   VEL(m / s)  DENS(kg/m3)  ENERGY(J) 
0 602.175 11.7973 400 9633.43 -77395.6
1 778.498 11.7971 399.92 9633.42 -77519.7
2 954.822 11.7968 399.84 9633.4 -77565.7
3 1131.15 11.7964 399.758 9633.37 -77582.3
4 1307.47 11.7956 399.675 9633.33 -77575.3
5 1483.8 11.7941 399.59 9633.24 -77582.4
6 1660.12 11.7908 399.505 9633.05 -77553.9
7 1836.45 11.7831 399.414 9632.61 -77504.8
8 2012.79 11.7658 399.276 9631.6 -77384.5
9 2189.15 11.7282 398.947 9629.42 -77102.2
10 2365.55 11.6469 398.089 9624.71 -76509.8
11 2542.03 11.4653 396.142 9614.22 -75206.4
12 2718.7 11.0394 392.475 9589.75 -72225.2
13 2895.83 10.0232 386.183 9532.13 -65587.5
14 3074.03 7.63947 372.785 9401.04 -52673.1
15 3254.71 10.5216 334.182 9356.87 -48621.9
16 3436.25 10.5109 340.381 9356.15 -48535.1
17 3617.79 10.3757 338.914 9347.45 -47497.4
18 3799.51 10.1907 335.884 9335.48 -46088.6
19 3981.46 9.94166 331.61 9319.46 -44235.7
20 4163.73 9.61374 325.869 9298.37 -41855.2
21 4346.4 9.18714 318.227 9271.15 -38888.7
22 4529.62 8.64367 308.217 9236.71 -35303.8
23 4713.51 7.96349 295.344 9193.9 -31120.3
24 4898.27 7.1241 279.074 9141.56 -26424.2
25 5084.08 6.09915 258.79 9078.47 -21402.6
26 5271.18 4.86239 233.812 9003.43 -16376.3
27 5459.84 3.58462 203.511 8915.67 -11849.3
28 5650.36 3.04683 170.057 8834.96 -8454.15
29 5842.62 2.58581 141.379 8767.57 -6006.31
30 6036.36 2.19174 116.967 8711.27 -4247.36
31 6231.35 1.85623 96.1855 8664.29 -2987.89
32 6427.39 1.46376 78.1335 8624.59 -2091.69
33 6624.34 2.24906 60.1544 8591.69 -1522.59
34 6822.04 2.15397 56.31 8587.45 -1396.07
35 7019.84 2.05968 53.833 8583.25 -1276.08
36 7217.74 1.95483 51.6252 8578.58 -1148.99
37 7415.74 1.83813 49.2061 8573.4 -1015.47
38 7613.87 1.71175 46.4783 8567.8 -880.231
39 7812.12 1.5785 43.4805 8561.91 -748.131
40 8010.51 1.44117 40.2803 8555.84 -623.284
41 8209.04 1.30256 36.9472 8549.74 -508.884
42 8407.72 1.16535 33.5507 8543.71 -407.089
43 8606.53 1.03195 30.158 8537.86 -319.042
44 8805.48 0.90442 26.8318 8532.27 -244.94
45 9004.56 0.784496 23.6278 8527.04 -184.213
46 9203.76 0.673526 20.5927 8522.2 -135.715
47 9403.08 0.572311 17.763 8517.79 -97.9498
48 9602.49 0.481338 15.1649 8513.83 -69.2598
49 9802 0.400699 12.8142 8510.33 -47.983
50 10001.6 0.33025 10.7175 8507.28 -32.5748
51 10201.3 0.269373 8.87289 8504.64 -21.6725
52 10401 0.217605 7.2715 8502.4 -14.133
53 10600.8 0.174008 5.89945 8500.51 -9.03461
54 10800.6 0.137723 4.73854 8498.95 -5.66253
55 11000.4 0.108044 3.76835 8497.66 -3.48022
56 11200.3 0.0838728 2.96755 8496.62 -2.0978
57 11400.3 0.064502 2.31397 8495.78 -1.24044
58 11600.2 0.0491458 1.78689 8495.12 -0.719596
59 11800.1 0.0370962 1.3667 8494.6 -0.409646
60 12000.1 0.0277238 1.03529 8494.19 -0.228883
61 12200.1 0.0205564 0.776826 8493.88 -0.125548
62 12400.1 0.0150428 0.577417 8493.65 -0.0676194
63 12600 0.0109469 0.42513 8493.47 -0.0357692
64 12800 0.00787486 0.31011 8493.34 -0.0185882
65 13000 0.0056693 0.224105 8493.24 -0.00949296
66 13200 0.00401511 0.160413 8493.17 -0.00476542
67 13400 0.00283354 0.113713 8493.12 -0.00235306
68 13600 0.00196705 0.0797906 8493.08 -0.00114406
69 13800 0.00133688 0.0554474 8493.06 -0.000547653
70 14000 0.000943014 0.0380914 8493.04 -0.000258512
71 14200 0.000627924 0.0258389 8493.03 -0.000120537
72 14400 0.000470379 0.0173551 8493.02 -5.51918e-05
73 14600 0.000312834 0.011293 8493.01 -2.5375e-05
74 14800 0.000234061 0.00737846 8493.01 -1.12455e-05
75 15000 0.000155296 0.00434561 8493 -5.29954e-06
76 15200 7.63863e-05 0.00268953 8493 -2.37735e-06
77 15400 7.63863e-05 0.00129273 8493 -1.14026e-06
78 15600 7.63863e-05 0.000619334 8493 -5.47513e-07
79 15800 7.63863e-05 0.000297876 8493 -2.62454e-07
80 16000 7.63863e-05 0.00014313 8493 -1.25481e-07
81 16200 7.63863e-05 6.85861e-05 8493 -5.9843e-08
82 16400 7.63863e-05 3.27796e-05 8493 -2.84689e-08
83 16600 7.63863e-05 1.56286e-05 8493 -1.35138e-08
84 16800 7.63863e-05 7.43335e-06 8493 -6.39611e-09
85 17000 7.63863e-05 3.52672e-06 8493 -3.01886e-09
86 17200 7.63863e-05 1.66899e-06 8493 -1.4212e-09
87 17400 7.63863e-05 7.87797e-07 8493 -6.69021e-10
88 17600 7.63863e-05 3.70881e-07 8493 -3.13135e-10
89 17800 7.63863e-05 1.7414e-07 8493 -1.46349e-10
90 18000 7.63863e-05 8.15436e-08 8493 -6.81813e-11
91 18200 7.63863e-05 3.80794e-08 8493 -3.15162e-11
92 18400 7.63863e-05 1.7733e-08 8493 -1.49789e-11
93 18600 7.63863e-05 8.23469e-09 8493 -6.86533e-12
94 18800 7.63863e-05 3.81285e-09 8493 -2.49648e-12
95 19000 7.63863e-05 1.75992e-09 8493 0
96 19200 7.63863e-05 8.09036e-10 8493 0
97 19400 7.63863e-05 3.68753e-10 8493 1.92327e-07
98 19600 7.63863e-05 1.63e-10 8493 2.21401e-06
99 19800 7.63863e-05 6.16506e-11 8493 0.00520838
