NTS LL(mkm)  STRESS(GPa)   VEL(m / s)  DENS(kg/m3)  ENERGY(J) 
0 39.8099 7.83246 400 9186 -30222.6
1 224.722 4.24643 335.405 8966.79 -14319.1
2 414.154 2.65555 243.128 8777.56 -6399.82
3 607.67 1.76495 161.635 8651.54 -2736.4
4 804.005 1.94677 98.6427 8578.22 -1130.25
5 1002.02 1.06284 61.7194 8539.21 -335.271
6 1200.94 0.526712 34.8906 8515.81 -82.0212
7 1400.4 0.238131 17.8224 8503.29 -16.7061
8 1600.16 0.0987444 8.26766 8497.26 -2.86516
9 1800.06 0.0377659 3.50525 8494.63 -0.418216
10 2000.02 0.0134382 1.36621 8493.58 -0.0525033
11 2200.01 0.00440925 0.491946 8493.19 -0.00574176
12 2400 0.00137654 0.164344 8493.06 -0.000556761
13 2600 0.000411582 0.0509989 8493.02 -5.1693e-05
14 2800 0.000135884 0.0146854 8493 -5.53251e-06
15 3000 6.6838e-05 0.00383225 8493 -9.78947e-07
16 3200 6.6838e-05 0.000886224 8493 -2.15282e-07
17 3400 6.6838e-05 0.000196726 8493 -4.53525e-08
18 3600 6.6838e-05 4.18142e-05 8493 -9.13726e-09
19 3800 6.6838e-05 8.4913e-06 8493 -1.76097e-09
20 4000 6.6838e-05 1.64824e-06 8493 -3.25051e-10
21 4200 6.6838e-05 3.06076e-07 8493 -5.74742e-11
22 4400 6.6838e-05 5.44159e-08 8493 -9.7945e-12
23 4600 6.6838e-05 9.26878e-09 8493 -1.60292e-12
24 4800 6.6838e-05 1.51371e-09 8493 -2.03947e-13
25 5000 6.6838e-05 2.37203e-10 8493 0
26 5200 6.6838e-05 3.56929e-11 8493 0
27 5400 6.6838e-05 5.16121e-12 8493 0
28 5600 6.6838e-05 7.17706e-13 8493 0
29 5800 6.6838e-05 9.60453e-14 8493 0
30 6000 6.6838e-05 1.23777e-14 8493 0
31 6200 6.6838e-05 1.53717e-15 8493 0
32 6400 6.6838e-05 1.84076e-16 8493 0
33 6600 6.6838e-05 2.12722e-17 8493 0
34 6800 6.6838e-05 2.37293e-18 8493 0
35 7000 6.6838e-05 2.54233e-19 8493 0
36 7200 6.6838e-05 2.64758e-20 8493 0
37 7400 6.6838e-05 0 8493 0
38 7600 6.6838e-05 0 8493 0
39 7800 6.6838e-05 0 8493 0
40 8000 6.6838e-05 0 8493 0
41 8200 6.6838e-05 0 8493 0
42 8400 6.6838e-05 0 8493 0
43 8600 6.6838e-05 0 8493 0
44 8800 6.6838e-05 0 8493 0
45 9000 6.6838e-05 0 8493 0
46 9200 6.6838e-05 0 8493 0
47 9400 6.6838e-05 0 8493 0
48 9600 6.6838e-05 0 8493 0
49 9800 6.6838e-05 0 8493 0
50 10000 6.6838e-05 0 8493 0
51 10200 6.6838e-05 0 8493 0
52 10400 6.6838e-05 0 8493 0
53 10600 6.6838e-05 0 8493 0
54 10800 6.6838e-05 0 8493 0
55 11000 6.6838e-05 0 8493 0
56 11200 6.6838e-05 0 8493 0
57 11400 6.6838e-05 0 8493 0
58 11600 6.6838e-05 0 8493 0
59 11800 6.6838e-05 0 8493 0
60 12000 6.6838e-05 0 8493 0
61 12200 6.6838e-05 0 8493 0
62 12400 6.6838e-05 0 8493 0
63 12600 6.6838e-05 0 8493 0
64 12800 6.6838e-05 0 8493 0
65 13000 6.6838e-05 0 8493 0
66 13200 6.6838e-05 0 8493 0
67 13400 6.6838e-05 0 8493 0
68 13600 6.6838e-05 0 8493 0
69 13800 6.6838e-05 0 8493 0
70 14000 6.6838e-05 0 8493 0
71 14200 6.6838e-05 0 8493 0
72 14400 6.6838e-05 0 8493 0
73 14600 6.6838e-05 0 8493 0
74 14800 6.6838e-05 0 8493 0
75 15000 6.6838e-05 0 8493 0
76 15200 6.6838e-05 0 8493 0
77 15400 6.6838e-05 0 8493 0
78 15600 6.6838e-05 0 8493 0
79 15800 6.6838e-05 0 8493 0
80 16000 6.6838e-05 0 8493 0
81 16200 6.6838e-05 0 8493 0
82 16400 6.6838e-05 0 8493 0
83 16600 6.6838e-05 0 8493 0
84 16800 6.6838e-05 0 8493 0
85 17000 6.6838e-05 0 8493 0
86 17200 6.6838e-05 0 8493 0
87 17400 6.6838e-05 0 8493 0
88 17600 6.6838e-05 0 8493 0
89 17800 6.6838e-05 0 8493 0
90 18000 6.6838e-05 0 8493 0
91 18200 6.6838e-05 0 8493 0
92 18400 6.6838e-05 0 8493 0
93 18600 6.6838e-05 0 8493 0
94 18800 6.6838e-05 0 8493 0
95 19000 6.6838e-05 0 8493 0
96 19200 6.6838e-05 0 8493 0
97 19400 6.6838e-05 0 8493 9.96021e-08
98 19600 6.6838e-05 2.27821e-05 8493 2.10709e-06
99 19800 6.6838e-05 1.56255e-05 8493 0.00520577
