NTS LL(mkm)  STRESS(GPa)   VEL(m / s)  DENS(kg/m3)  ENERGY(J) 
0 803.448 11.8245 400 9635.01 -77596.9
1 979.743 11.8245 399.958 9635 -77721.6
2 1156.04 11.8243 399.915 9635 -77768.6
3 1332.33 11.8241 399.872 9634.98 -77787.1
4 1508.63 11.8238 399.828 9634.97 -77783.6
5 1684.92 11.8234 399.783 9634.94 -77798.9
6 1861.22 11.823 399.738 9634.91 -77791
7 2037.51 11.8223 399.692 9634.88 -77793.7
8 2213.81 11.8215 399.645 9634.83 -77794.7
9 2390.11 11.8203 399.597 9634.76 -77780.5
10 2566.41 11.8187 399.543 9634.67 -77769.7
11 2742.71 11.816 399.475 9634.51 -77756.5
12 2919.01 11.8112 399.383 9634.23 -77725.9
13 3095.32 11.801 399.255 9633.64 -77649.2
14 3271.64 11.7778 399.074 9632.3 -77476
15 3447.99 11.7254 398.752 9629.26 -77091.4
16 3624.39 11.6103 397.974 9622.6 -76254.5
17 3800.91 11.3622 395.885 9608.28 -74481.7
18 3977.69 10.8274 390.628 9577.65 -70786.7
19 4155.04 9.63266 378.644 9510.27 -63227.1
20 4333.65 10.6658 352.913 9366.23 -49755.2
21 4515 10.664 345.41 9366.08 -49738.1
22 4696.36 10.6063 341.974 9362.36 -49287.2
23 4877.79 10.5418 340.122 9358.19 -48785.3
24 5059.3 10.4562 338.574 9352.61 -48115
25 5240.92 10.3373 336.625 9344.95 -47204.5
26 5422.68 10.1782 333.925 9334.68 -45996.3
27 5604.65 9.96941 330.249 9321.21 -44437.7
28 5786.88 9.69933 325.367 9303.85 -42469.9
29 5969.45 9.35437 319.008 9281.82 -40040.8
30 6152.45 8.92023 310.844 9254.22 -37106
31 6336 8.3806 300.5 9220.06 -33643.3
32 6520.23 7.71365 287.547 9178.22 -29667.4
33 6705.3 6.89663 271.479 9127.5 -25246.8
34 6891.39 5.90442 251.692 9066.57 -20537.9
35 7078.74 4.70635 227.462 8994.06 -15825.1
36 7267.6 3.54478 198.057 8909.6 -11578.6
37 7458.25 3.03286 166.425 8832.94 -8377.07
38 7650.55 2.59272 139.306 8768.57 -6040.63
39 7844.27 2.21321 116.107 8714.31 -4335.49
40 8039.19 1.88806 96.1066 8668.7 -3098.02
41 8235.13 1.54222 78.4394 8630.36 -2207.41
42 8431.95 1.03874 62.2282 8593.2 -1562.27
43 8629.62 2.20717 55.855 8589.82 -1466.48
44 8827.36 2.14711 54.8256 8587.14 -1387.46
45 9025.17 2.08345 53.326 8584.31 -1306.08
46 9223.04 2.01143 51.8496 8581.1 -1216.97
47 9420.99 1.9301 50.1937 8577.48 -1120.22
48 9619.02 1.84023 48.3062 8573.49 -1017.95
49 9817.14 1.74283 46.1967 8569.18 -912.74
50 10015.4 1.63928 43.8899 8564.59 -807.196
51 10213.7 1.53107 41.4161 8559.81 -703.82
52 10412.1 1.41966 38.8091 8554.89 -604.859
53 10610.7 1.30671 36.1063 8549.92 -512.201
54 10809.4 1.19377 33.3468 8544.95 -427.297
55 11008.1 1.08233 30.57 8540.06 -351.11
56 11207 0.973878 27.8139 8535.31 -284.135
57 11406 0.869525 25.1142 8530.75 -226.427
58 11605.2 0.770373 22.5032 8526.42 -177.672
59 11804.4 0.677294 20.0086 8522.36 -137.271
60 12003.7 0.590846 17.6531 8518.59 -104.422
61 12203.1 0.511431 15.4544 8515.14 -78.2085
62 12402.6 0.439215 13.4246 8512 -57.6726
63 12602.1 0.374362 11.5709 8509.19 -41.8744
64 12801.7 0.316566 9.89601 8506.68 -29.9363
65 13001.4 0.265597 8.39802 8504.48 -21.0743
66 13201.1 0.221146 7.07179 8502.55 -14.6091
67 13400.9 0.182744 5.90931 8500.89 -9.97349
68 13600.7 0.149845 4.89999 8499.47 -6.70573
69 13800.6 0.121979 4.03205 8498.26 -4.44068
70 14000.5 0.0985177 3.29265 8497.25 -2.89682
71 14200.4 0.0789909 2.6685 8496.41 -1.86154
72 14400.3 0.0628483 2.14638 8495.71 -1.17854
73 14600.2 0.0496183 1.71352 8495.14 -0.735201
74 14800.2 0.0389076 1.35776 8494.68 -0.451936
75 15000.1 0.0303229 1.06788 8494.31 -0.273766
76 15200.1 0.0233919 0.833675 8494.01 -0.163465
77 15400.1 0.0179571 0.646013 8493.77 -0.0962301
78 15600.1 0.0137037 0.497004 8493.59 -0.0558397
79 15800 0.0103167 0.379535 8493.44 -0.0319518
80 16000 0.00779609 0.287678 8493.33 -0.0180292
81 16200 0.00582684 0.216513 8493.25 -0.0100339
82 16400 0.0043302 0.161672 8493.18 -0.00550971
83 16600 0.00314863 0.119804 8493.13 -0.00298604
84 16800 0.00228214 0.0881539 8493.1 -0.00159662
85 17000 0.00165196 0.064301 8493.07 -0.000842971
86 17200 0.00117933 0.0465046 8493.05 -0.000439519
87 17400 0.000864242 0.0332766 8493.04 -0.000226795
88 17600 0.000627924 0.023613 8493.03 -0.000115618
89 17800 0.000470379 0.0165757 8493.02 -5.8093e-05
90 18000 0.000312834 0.0113441 8493.01 -2.91206e-05
91 18200 0.000234061 0.00764167 8493.01 -1.45127e-05
92 18400 0.000155296 0.00506579 8493.01 -7.05623e-06
93 18600 7.63863e-05 0.00328385 8493 -3.28895e-06
94 18800 7.63863e-05 0.00171243 8493 -1.65337e-06
95 19000 7.63863e-05 0.000866749 8493 -8.24938e-07
96 19200 7.63863e-05 0.000431761 8493 -4.12114e-07
97 19400 7.63863e-05 0.000212395 8493 -1.668e-08
98 19600 7.63863e-05 0.00010068 8493 2.10128e-06
99 19800 7.63863e-05 4.01295e-05 8493 0.00520892
