NTS LL(mkm)  STRESS(GPa)   VEL(m / s)  DENS(kg/m3)  ENERGY(J) 
0 600.968 11.7971 400 9633.41 -77393.9
1 777.292 11.7969 399.92 9633.4 -77518
2 953.616 11.7966 399.839 9633.39 -77564
3 1129.94 11.7961 399.758 9633.36 -77580.6
4 1306.26 11.7953 399.674 9633.31 -77573.5
5 1482.59 11.7939 399.588 9633.23 -77580.6
6 1658.92 11.7906 399.499 9633.04 -77551.9
7 1835.25 11.7827 399.406 9632.58 -77501.9
8 2011.59 11.7649 399.271 9631.55 -77377.8
9 2187.95 11.7257 398.955 9629.28 -77084.4
10 2364.34 11.6412 398.104 9624.38 -76468.7
11 2540.83 11.4544 396.08 9613.59 -75128.6
12 2717.52 11.0207 392.099 9588.68 -72097.4
13 2894.67 9.98484 385.32 9529.98 -65350.7
14 3072.91 7.52749 372.049 9395.02 -52156.8
15 3253.7 10.5366 333.958 9357.87 -48742.1
16 3435.22 10.5064 340.569 9355.91 -48505.7
17 3616.77 10.3692 338.888 9346.97 -47440.3
18 3798.5 10.1808 335.724 9334.81 -46010.6
19 3980.46 9.92836 331.374 9318.57 -44133.7
20 4162.75 9.59523 325.554 9297.19 -41724
21 4345.45 9.16324 317.806 9269.61 -38724.5
22 4528.69 8.61262 307.656 9234.74 -35105.3
23 4712.63 7.92493 294.616 9191.44 -30889.4
24 4897.43 7.07535 278.148 9138.53 -26167.2
25 5083.3 6.03896 257.634 9074.79 -21132.1
26 5270.48 4.78924 232.37 8999.04 -16115.3
27 5459.23 3.55344 201.688 8910.96 -11638
28 5649.85 3.02 168.422 8831 -8300.33
29 5842.2 2.56275 139.954 8764.25 -5895.27
30 6036.01 2.1719 115.75 8708.49 -4167.34
31 6231.06 1.83904 95.1981 8661.9 -2929.16
32 6427.16 1.43162 77.4266 8622.22 -2045.67
33 6624.16 2.23816 59.5365 8591.2 -1507.8
34 6821.87 2.14688 55.9593 8587.13 -1386.91
35 7019.68 2.05329 53.6373 8582.96 -1268.1
36 7217.58 1.94765 51.4731 8578.26 -1140.59
37 7415.6 1.83009 49.0432 8573.04 -1006.55
38 7613.73 1.70293 46.2914 8567.41 -871.112
39 7811.99 1.56905 43.2717 8561.49 -739.167
40 8010.39 1.43131 40.0545 8555.41 -614.772
41 8208.93 1.29255 36.7095 8549.3 -501.054
42 8407.62 1.15532 33.306 8543.27 -400.101
43 8606.44 1.02215 29.9114 8537.43 -312.983
44 8805.4 0.894932 26.5879 8531.86 -239.831
45 9004.49 0.775552 23.391 8526.65 -180.02
46 9203.7 0.665205 20.3666 8521.83 -132.363
47 9403.02 0.564692 17.5507 8517.46 -95.338
48 9602.45 0.474423 14.9686 8513.53 -67.2749
49 9801.97 0.394567 12.6354 8510.07 -46.5109
50 10001.6 0.324824 10.557 8507.04 -31.5089
51 10201.2 0.264653 8.73085 8504.44 -20.9187
52 10401 0.213513 7.14753 8502.22 -13.612
53 10600.7 0.170545 5.79263 8500.36 -8.68254
54 10800.6 0.134889 4.64766 8498.82 -5.42987
55 11000.4 0.105682 3.69205 8497.56 -3.32979
56 11200.3 0.0819043 2.90411 8496.53 -2.00265
57 11400.2 0.0629271 2.26206 8495.71 -1.18149
58 11600.2 0.0478857 1.74477 8495.06 -0.683856
59 11800.1 0.0360724 1.33301 8494.56 -0.388399
60 12000.1 0.0269362 1.00858 8494.16 -0.216513
61 12200.1 0.0199262 0.755919 8493.86 -0.118485
62 12400.1 0.0146489 0.561225 8493.63 -0.0636639
63 12600 0.0106318 0.412673 8493.46 -0.0336007
64 12800 0.00763855 0.300683 8493.33 -0.0174204
65 13000 0.00543299 0.217014 8493.23 -0.00887656
66 13200 0.00385757 0.155137 8493.17 -0.00444644
67 13400 0.002676 0.109844 8493.12 -0.00219071
68 13600 0.00188828 0.0769985 8493.08 -0.00106228
69 13800 0.00133688 0.0534228 8493.05 -0.000507196
70 14000 0.000864242 0.0366284 8493.04 -0.000238958
71 14200 0.000627924 0.0248025 8493.02 -0.000111247
72 14400 0.000391606 0.0165863 8493.02 -5.10919e-05
73 14600 0.000312834 0.0108689 8493.01 -2.32216e-05
74 14800 0.000155296 0.00699689 8493.01 -1.03386e-05
75 15000 0.000155296 0.00412509 8493 -4.85261e-06
76 15200 7.63863e-05 0.00251164 8493 -2.19289e-06
77 15400 7.63863e-05 0.00119115 8493 -1.05254e-06
78 15600 7.63863e-05 0.000571448 8493 -5.05637e-07
79 15800 7.63863e-05 0.000275224 8493 -2.42266e-07
80 16000 7.63863e-05 0.000132197 8493 -1.15756e-07
81 16200 7.63863e-05 6.33025e-05 8493 -5.51733e-08
82 16400 7.63863e-05 3.02365e-05 8493 -2.62332e-08
83 16600 7.63863e-05 1.44083e-05 8493 -1.24455e-08
84 16800 7.63863e-05 6.84918e-06 8493 -5.88701e-09
85 17000 7.63863e-05 3.24771e-06 8493 -2.77687e-09
86 17200 7.63863e-05 1.53605e-06 8493 -1.30653e-09
87 17400 7.63863e-05 7.24616e-07 8493 -6.1488e-10
88 17600 7.63863e-05 3.40929e-07 8493 -2.87548e-10
89 17800 7.63863e-05 1.59978e-07 8493 -1.34178e-10
90 18000 7.63863e-05 7.48644e-08 8493 -6.24082e-11
91 18200 7.63863e-05 3.49379e-08 8493 -2.90197e-11
92 18400 7.63863e-05 1.62594e-08 8493 -1.34186e-11
93 18600 7.63863e-05 7.54535e-09 8493 -6.86533e-12
94 18800 7.63863e-05 3.49131e-09 8493 -1.71633e-12
95 19000 7.63863e-05 1.61039e-09 8493 0
96 19200 7.63863e-05 7.39783e-10 8493 0
97 19400 7.63863e-05 3.36956e-10 8493 1.92327e-07
98 19600 7.63863e-05 1.48851e-10 8493 2.21401e-06
99 19800 7.63863e-05 5.62718e-11 8493 0.00520837
