NTS LL(mkm)  STRESS(GPa)   VEL(m / s)  DENS(kg/m3)  ENERGY(J) 
0 604.106 11.7977 400 9633.45 -77398.3
1 780.429 11.7975 399.92 9633.44 -77522.4
2 956.752 11.7972 399.84 9633.42 -77568.4
3 1133.08 11.7968 399.759 9633.4 -77585.1
4 1309.4 11.796 399.677 9633.35 -77578.1
5 1485.72 11.7945 399.594 9633.26 -77585.2
6 1662.05 11.7912 399.513 9633.07 -77556.9
7 1838.38 11.7838 399.424 9632.64 -77509.5
8 2014.72 11.7674 399.279 9631.69 -77395.8
9 2191.07 11.732 398.933 9629.64 -77130.8
10 2367.47 11.6554 398.08 9625.2 -76571.8
11 2543.94 11.4809 396.288 9615.12 -75318.3
12 2720.6 11.0668 393.081 9591.32 -72413.8
13 2897.7 10.0853 387.319 9535.63 -65973.9
14 3075.83 7.81965 373.661 9410.76 -53521.2
15 3256.33 10.4996 335.083 9355.47 -48453.3
16 3437.89 10.5156 340.075 9356.48 -48574.1
17 3619.43 10.3876 338.92 9348.18 -47583.5
18 3801.13 10.2064 336.111 9336.52 -46210.5
19 3983.07 9.96359 331.974 9320.86 -44396.3
20 4165.3 9.64243 326.363 9300.23 -42061.9
21 4347.94 9.22502 318.891 9273.57 -39147.7
22 4531.11 8.693 309.097 9239.8 -35617.6
23 4714.94 8.02556 296.489 9197.77 -31486.2
24 4899.62 7.2013 280.53 9146.33 -26833.1
25 5085.33 6.19401 260.616 9084.27 -21834.5
26 5272.31 4.97736 236.1 9010.35 -16795
27 5460.83 3.63474 206.412 8923.26 -12193.7
28 5651.19 3.09014 172.681 8841.37 -8705.46
29 5843.31 2.62295 143.672 8772.94 -6188.08
30 6036.93 2.22371 118.92 8715.8 -4378.8
31 6231.81 1.88428 97.7609 8668.19 -3084.92
32 6427.77 1.51559 79.2676 8628.4 -2167.9
33 6624.63 2.26806 61.1672 8592.54 -1548.56
34 6822.32 2.1662 56.9166 8587.99 -1412.06
35 7020.1 2.07028 54.1814 8583.72 -1289.29
36 7217.99 1.96621 51.8831 8579.09 -1162.44
37 7415.98 1.85092 49.4681 8573.97 -1029.67
38 7614.09 1.72581 46.774 8568.42 -894.781
39 7812.33 1.59358 43.8109 8562.57 -762.484
40 8010.71 1.45688 40.6386 8556.54 -636.959
41 8209.22 1.3186 37.3254 8550.44 -521.502
42 8407.88 1.1814 33.9407 8544.41 -418.385
43 8606.68 1.0477 30.552 8538.55 -328.867
44 8805.61 0.919631 27.2221 8532.94 -253.249
45 9004.67 0.798932 24.0076 8527.67 -191.053
46 9203.86 0.687028 20.9557 8522.78 -141.199
47 9403.16 0.584721 18.1045 8518.33 -102.236
48 9602.57 0.492574 15.4812 8514.32 -72.5272
49 9802.07 0.410761 13.1027 8510.77 -50.4136
50 10001.6 0.339057 10.9769 8507.66 -34.3401
51 10201.3 0.277082 9.10288 8504.97 -22.925
52 10401 0.224136 7.47268 8502.68 -15.0012
53 10600.8 0.179596 6.07304 8500.75 -9.6231
54 10800.6 0.142446 4.88648 8499.15 -6.05261
55 11000.5 0.111902 3.89284 8497.83 -3.73315
56 11200.4 0.0870223 3.07094 8496.75 -2.25837
57 11400.3 0.0670219 2.39897 8495.89 -1.3402
58 11600.2 0.0511934 1.85587 8495.21 -0.780288
59 11800.1 0.0386714 1.42202 8494.67 -0.445829
60 12000.1 0.028984 1.07914 8494.25 -0.250029
61 12200.1 0.0215015 0.811314 8493.93 -0.137649
62 12400.1 0.0158304 0.604172 8493.68 -0.0744109
63 12600 0.0114982 0.445648 8493.5 -0.0395091
64 12800 0.00834748 0.325711 8493.36 -0.0206084
65 13000 0.00598438 0.23582 8493.26 -0.010565
66 13200 0.00425143 0.169153 8493.18 -0.00532327
67 13400 0.00299109 0.120156 8493.13 -0.00263811
68 13600 0.00204582 0.0845109 8493.09 -0.00128671
69 13800 0.00141565 0.0588221 8493.06 -0.000618335
70 14000 0.00102179 0.0405406 8493.04 -0.000292627
71 14200 0.000706697 0.0275663 8493.03 -0.000136795
72 14400 0.000470379 0.0184695 8493.02 -6.33872e-05
73 14600 0.000312834 0.0121985 8493.01 -2.90575e-05
74 14800 0.000234061 0.00785619 8493.01 -1.32431e-05
75 15000 0.000155296 0.0048549 8493 -6.08074e-06
76 15200 7.63863e-05 0.00298379 8493 -2.6939e-06
77 15400 7.63863e-05 0.00146194 8493 -1.29562e-06
78 15600 7.63863e-05 0.000703925 8493 -6.22014e-07
79 15800 7.63863e-05 0.000338289 8493 -2.98274e-07
80 16000 7.63863e-05 0.000162537 8493 -1.42729e-07
81 16200 7.63863e-05 7.79492e-05 8493 -6.81314e-08
82 16400 7.63863e-05 3.72901e-05 8493 -3.24409e-08
83 16600 7.63863e-05 1.7795e-05 8493 -1.54127e-08
84 16800 7.63863e-05 8.47123e-06 8493 -7.30165e-09
85 17000 7.63863e-05 4.02276e-06 8493 -3.44933e-09
86 17200 7.63863e-05 1.9055e-06 8493 -1.62606e-09
87 17400 7.63863e-05 9.00287e-07 8493 -7.65754e-10
88 17600 7.63863e-05 4.24249e-07 8493 -3.58694e-10
89 17800 7.63863e-05 1.99394e-07 8493 -1.67879e-10
90 18000 7.63863e-05 9.3463e-08 8493 -7.83233e-11
91 18200 7.63863e-05 4.36902e-08 8493 -3.65091e-11
92 18400 7.63863e-05 2.03671e-08 8493 -1.68513e-11
93 18600 7.63863e-05 9.46789e-09 8493 -7.64548e-12
94 18800 7.63863e-05 4.38858e-09 8493 -3.74472e-12
95 19000 7.63863e-05 2.02789e-09 8493 0
96 19200 7.63863e-05 9.3325e-10 8493 0
97 19400 7.63863e-05 4.25834e-10 8493 1.92327e-07
98 19600 7.63863e-05 1.88421e-10 8493 2.21401e-06
99 19800 7.63863e-05 7.132e-11 8493 0.00520838
