NTS LL(mkm)  STRESS(GPa)   VEL(m / s)  DENS(kg/m3)  ENERGY(J) 
0 842.784 11.8283 400 9635.23 -77625
1 1019.07 11.8282 399.96 9635.23 -77749.7
2 1195.37 11.8282 399.921 9635.22 -77796.9
3 1371.66 11.828 399.881 9635.21 -77815.7
4 1547.95 11.8277 399.842 9635.19 -77812.5
5 1724.24 11.8274 399.802 9635.17 -77828.1
6 1900.53 11.827 399.761 9635.15 -77820.7
7 2076.82 11.8264 399.721 9635.12 -77824.1
8 2253.11 11.8257 399.679 9635.08 -77826.4
9 2429.41 11.8249 399.635 9635.03 -77814.7
10 2605.7 11.8239 399.589 9634.97 -77808.2
11 2782 11.8224 399.536 9634.88 -77803.5
12 2958.29 11.82 399.471 9634.74 -77790.9
13 3134.59 11.8154 399.391 9634.48 -77755.8
14 3310.9 11.8056 399.29 9633.91 -77680.4
15 3487.21 11.7836 399.142 9632.63 -77518.6
16 3663.55 11.7356 398.827 9629.85 -77168.1
17 3839.94 11.6333 397.985 9623.92 -76426.4
18 4016.44 11.4161 395.786 9611.39 -74862.6
19 4193.17 10.9386 390.757 9583.99 -71543.6
20 4370.4 9.83725 381.27 9521.71 -64454.6
21 4548.79 7.13984 367.989 9374.26 -50438.1
22 4729.99 7.07066 346.553 9370.57 -50136.2
23 4911.26 10.5985 330.044 9361.85 -49226
24 5092.7 10.5765 340.346 9360.41 -49051.6
25 5274.16 10.5044 339.269 9355.76 -48492.5
26 5455.72 10.4065 337.622 9349.41 -47734.3
27 5637.4 10.275 335.382 9340.89 -46726
28 5819.25 10.1006 332.34 9329.66 -45412.7
29 6001.31 9.87464 328.284 9315.1 -43741
30 6183.66 9.58473 322.972 9296.52 -41654.3
31 6366.37 9.21797 316.123 9273.12 -39102.2
32 6549.55 8.75945 307.401 9243.98 -36049
33 6733.3 8.19026 296.422 9208.11 -32478.6
34 6917.77 7.491 282.746 9164.36 -28415.4
35 7103.12 6.63699 265.874 9111.46 -23942.7
36 7289.54 5.5993 245.207 9047.99 -19236.7
37 7477.27 4.34704 219.948 8972.51 -14618.8
38 7666.58 3.40497 189.084 8888.44 -10650.8
39 7857.69 2.91552 158.746 8815.59 -7714.92
40 8050.37 2.49392 132.857 8754.35 -5569.47
41 8244.4 2.12978 110.763 8702.55 -3998.57
42 8439.58 1.81564 91.8785 8658.66 -2850.26
43 8635.76 1.40783 75.4099 8620.46 -2012.05
44 8832.8 2.2384 58.3948 8591.21 -1508.39
45 9030.51 2.19276 55.6373 8589.18 -1447.29
46 9228.27 2.14298 54.2772 8586.96 -1382.05
47 9426.08 2.08462 53.1446 8584.36 -1307.55
48 9623.96 2.01658 51.8327 8581.33 -1223.3
49 9821.9 1.93962 50.2746 8577.9 -1131.33
50 10019.9 1.85443 48.486 8574.12 -1033.84
51 10218 1.76203 46.4882 8570.03 -933.079
52 10416.2 1.66357 44.3018 8565.66 -831.343
53 10614.5 1.56014 41.9515 8561.09 -730.919
54 10812.9 1.45321 39.4661 8556.38 -633.933
55 11011.5 1.34434 36.8787 8551.58 -542.225
56 11210.1 1.23479 34.2241 8546.76 -457.276
57 11408.8 1.12611 31.5386 8541.98 -380.155
58 11607.7 1.01957 28.8574 8537.31 -311.498
59 11806.6 0.916416 26.2145 8532.8 -251.542
60 12005.7 0.817602 23.6409 8528.48 -200.166
61 12204.9 0.724153 21.1643 8524.4 -156.951
62 12404.1 0.636627 18.8079 8520.59 -121.258
63 12603.5 0.555502 16.5906 8517.06 -92.3026
64 12802.9 0.48118 14.5266 8513.83 -69.2264
65 13002.4 0.413669 12.6252 8510.9 -51.1557
66 13202 0.353054 10.8914 8508.26 -37.246
67 13401.7 0.299027 9.32621 8505.93 -26.7207
68 13601.4 0.251437 7.92693 8503.86 -18.8889
69 13801.1 0.209894 6.68795 8502.07 -13.1579
70 14000.9 0.17393 5.60111 8500.51 -9.03257
71 14200.7 0.143076 4.65669 8499.18 -6.11083
72 14400.6 0.116862 3.84309 8498.04 -4.07471
73 14600.4 0.0947385 3.14868 8497.09 -2.67804
74 14800.4 0.076235 2.56106 8496.29 -1.73501
75 15000.3 0.0609584 2.0681 8495.63 -1.10815
76 15200.2 0.0483583 1.65802 8495.09 -0.697831
77 15400.2 0.0381201 1.31976 8494.64 -0.433288
78 15600.1 0.0298504 1.04308 8494.28 -0.265297
79 15800.1 0.0231556 0.818552 8494 -0.160204
80 16000.1 0.0178783 0.637878 8493.77 -0.0954216
81 16200.1 0.0137037 0.493523 8493.59 -0.0560588
82 16400 0.0104742 0.379128 8493.45 -0.0324992
83 16600 0.00787486 0.289252 8493.34 -0.0185893
84 16800 0.00590561 0.219137 8493.25 -0.0104942
85 17000 0.00440897 0.164827 8493.19 -0.00584553
86 17200 0.00330617 0.123062 8493.14 -0.00321453
87 17400 0.00243968 0.091168 8493.1 -0.00174622
88 17600 0.00180951 0.0670638 8493.07 -0.00093633
89 17800 0.0012581 0.0488828 8493.05 -0.000496332
90 18000 0.000943014 0.0353232 8493.04 -0.000260281
91 18200 0.000706697 0.0253334 8493.03 -0.000134558
92 18400 0.000470379 0.0178469 8493.02 -6.90976e-05
93 18600 0.000312834 0.0125017 8493.01 -3.4927e-05
94 18800 0.000234061 0.00846302 8493.01 -1.76479e-05
95 19000 0.000155296 0.00573147 8493.01 -8.67265e-06
96 19200 0.000155296 0.00358873 8493 -4.35528e-06
97 19400 7.63863e-05 0.00218725 8493 -1.94358e-06
98 19600 7.63863e-05 0.00101391 8493 1.04834e-06
99 19800 7.63863e-05 0.000405495 8493 0.00520835
