NTS LL(mkm)  STRESS(GPa)   VEL(m / s)  DENS(kg/m3)  ENERGY(J) 
0 400.637 11.7498 400 9630.67 -77046.5
1 577.011 11.7479 399.902 9630.56 -77157.4
2 753.387 11.742 399.743 9630.22 -77162.2
3 929.77 11.725 399.45 9629.23 -77057.2
4 1106.17 11.6757 398.94 9626.38 -76696.2
5 1282.62 11.5411 398.091 9618.6 -75738.5
6 1459.22 11.2025 396.38 9599.1 -73332.8
7 1636.17 10.4081 391.75 9553.83 -68007.8
8 1813.96 8.60043 378.515 9453.22 -57432.5
9 1993.65 10.4589 344.395 9352.78 -48120.6
10 2175.26 10.301 339.521 9342.58 -46912.9
11 2357.08 10.0238 335.652 9324.73 -44834.6
12 2539.24 9.62046 329.829 9298.85 -41903.8
13 2721.91 9.07159 320.878 9263.79 -38102.7
14 2905.26 8.35501 308.251 9218.46 -33480.1
15 3089.52 7.44973 291.434 9161.77 -28178.7
16 3274.93 6.33257 269.808 9092.77 -22474.8
17 3461.73 4.98203 242.719 9010.63 -16810.4
18 3650.24 3.58135 209.641 8915.14 -11825.6
19 3840.77 2.99984 173.002 8828.02 -8185.99
20 4033.18 2.50876 141.621 8756.49 -5637.44
21 4227.17 2.09533 115.035 8697.7 -3862.72
22 4422.46 1.74938 92.9116 8649.51 -2631.87
23 4618.84 1.22234 75.0506 8606.78 -1769.54
24 4816.2 2.14898 57.0544 8587.22 -1389.13
25 5014 1.99935 54.2204 8580.56 -1201.77
26 5211.96 1.82712 50.9248 8572.91 -1002.91
27 5410.1 1.64272 46.9086 8564.74 -810.134
28 5608.42 1.45422 42.4818 8556.42 -634.417
29 5806.94 1.26766 37.8778 8548.2 -481.698
30 6005.65 1.08804 33.255 8540.32 -354.604
31 6204.54 0.919552 28.7468 8532.94 -253.12
32 6403.6 0.765352 24.4678 8526.2 -175.234
33 6602.82 0.62744 20.5073 8520.19 -117.689
34 6802.19 0.506717 16.9271 8514.93 -76.7017
35 7001.67 0.403136 13.762 8510.44 -48.5256
36 7201.26 0.316016 11.0223 8506.66 -29.8111
37 7400.94 0.244199 8.6981 8503.55 -17.7902
38 7600.69 0.185971 6.76414 8501.03 -10.3166
39 7800.5 0.139691 5.18462 8499.03 -5.81574
40 8000.36 0.103399 3.91755 8497.46 -3.18821
41 8200.26 0.0755263 2.91864 8496.26 -1.70026
42 8400.18 0.0544222 2.14428 8495.35 -0.882465
43 8600.12 0.0386714 1.55381 8494.67 -0.445909
44 8800.08 0.0271725 1.11074 8494.17 -0.219444
45 9000.06 0.0188235 0.783342 8493.81 -0.105235
46 9200.04 0.0128373 0.545169 8493.55 -0.0491919
47 9400.03 0.00866256 0.374399 8493.37 -0.0224273
48 9600.02 0.00582684 0.253734 8493.25 -0.00998055
49 9800.01 0.0037788 0.169705 8493.16 -0.00433911
50 10000 0.00251846 0.11206 8493.11 -0.00184287
51 10200 0.00157319 0.0729309 8493.07 -0.000766999
52 10400 0.00102179 0.0467911 8493.04 -0.000313581
53 10600 0.000627924 0.0295829 8493.03 -0.000126008
54 10800 0.000391606 0.0183376 8493.02 -5.02113e-05
55 11000 0.000234061 0.011134 8493.01 -1.98847e-05
56 11200 0.000155296 0.00651037 8493.01 -8.0211e-06
57 11400 7.63863e-05 0.00374751 8493 -3.12768e-06
58 11600 7.63863e-05 0.00177592 8493 -1.42794e-06
59 11800 7.63863e-05 0.000816005 8493 -6.4627e-07
60 12000 7.63863e-05 0.00037045 8493 -2.91286e-07
61 12200 7.63863e-05 0.000167441 8493 -1.30816e-07
62 12400 7.63863e-05 7.5432e-05 8493 -5.85198e-08
63 12600 7.63863e-05 3.38536e-05 8493 -2.60696e-08
64 12800 7.63863e-05 1.51313e-05 8493 -1.15648e-08
65 13000 7.63863e-05 6.73467e-06 8493 -5.10737e-09
66 13200 7.63863e-05 2.98461e-06 8493 -2.24601e-09
67 13400 7.63863e-05 1.31688e-06 8493 -9.83481e-10
68 13600 7.63863e-05 5.78431e-07 8493 -4.28045e-10
69 13800 7.63863e-05 2.52908e-07 8493 -1.85743e-10
70 14000 7.63863e-05 1.10065e-07 8493 -8.01937e-11
71 14200 7.63863e-05 4.76741e-08 8493 -3.44018e-11
72 14400 7.63863e-05 2.05511e-08 8493 -1.46649e-11
73 14600 7.63863e-05 8.81615e-09 8493 -6.31826e-12
74 14800 7.63863e-05 3.76348e-09 8493 -3.04162e-12
75 15000 7.63863e-05 1.5986e-09 8493 -3.89112e-13
76 15200 7.63863e-05 6.75617e-10 8493 0
77 15400 7.63863e-05 2.84082e-10 8493 0
78 15600 7.63863e-05 1.18835e-10 8493 0
79 15800 7.63863e-05 4.94503e-11 8493 0
80 16000 7.63863e-05 2.04689e-11 8493 0
81 16200 7.63863e-05 8.42739e-12 8493 0
82 16400 7.63863e-05 3.45096e-12 8493 0
83 16600 7.63863e-05 1.40544e-12 8493 0
84 16800 7.63863e-05 5.69224e-13 8493 0
85 17000 7.63863e-05 2.29263e-13 8493 0
86 17200 7.63863e-05 9.18211e-14 8493 0
87 17400 7.63863e-05 3.6567e-14 8493 0
88 17600 7.63863e-05 1.44796e-14 8493 0
89 17800 7.63863e-05 5.70064e-15 8493 0
90 18000 7.63863e-05 2.23141e-15 8493 0
91 18200 7.63863e-05 8.68361e-16 8493 0
92 18400 7.63863e-05 3.35949e-16 8493 0
93 18600 7.63863e-05 1.29229e-16 8493 0
94 18800 7.63863e-05 4.94543e-17 8493 0
95 19000 7.63863e-05 1.89111e-17 8493 0
96 19200 7.63863e-05 7.47035e-18 8493 0
97 19400 7.63863e-05 3.65505e-18 8493 1.92327e-07
98 19600 7.63863e-05 1.90047e-12 8493 2.21401e-06
99 19800 7.63863e-05 1.17456e-12 8493 0.00520776
