NTS LL(mkm)  STRESS(GPa)   VEL(m / s)  DENS(kg/m3)  ENERGY(J) 
0 801.035 11.8243 400 9634.99 -77595.1
1 977.33 11.8242 399.957 9634.99 -77719.8
2 1153.62 11.8241 399.915 9634.98 -77766.8
3 1329.92 11.8239 399.871 9634.97 -77785.3
4 1506.22 11.8236 399.827 9634.95 -77781.7
5 1682.51 11.8232 399.782 9634.93 -77797
6 1858.81 11.8227 399.736 9634.9 -77789.1
7 2035.1 11.8221 399.689 9634.86 -77791.7
8 2211.4 11.8212 399.642 9634.81 -77792.7
9 2387.7 11.82 399.594 9634.75 -77778.3
10 2564 11.8183 399.54 9634.64 -77766.9
11 2740.3 11.8155 399.473 9634.48 -77752.5
12 2916.6 11.8105 399.377 9634.19 -77720.3
13 3092.91 11.7999 399.235 9633.58 -77641.1
14 3269.23 11.776 399.029 9632.19 -77462.2
15 3445.58 11.721 398.687 9629.01 -77059.3
16 3621.98 11.5986 397.92 9621.92 -76169.5
17 3798.52 11.3323 395.882 9606.56 -74269.8
18 3975.34 10.7579 390.626 9573.69 -70321.1
19 4152.76 9.48085 378.312 9501.82 -62333.3
20 4331.53 10.6311 351.341 9363.96 -49479.1
21 4512.92 10.6487 344.257 9365.09 -49618.2
22 4694.3 10.5983 341.364 9361.84 -49223.7
23 4875.74 10.5351 339.844 9357.73 -48729.5
24 5057.26 10.4465 338.4 9352 -48042.2
25 5238.89 10.3245 336.421 9344.1 -47103.8
26 5420.67 10.1602 333.635 9333.52 -45861.4
27 5602.66 9.94554 329.844 9319.68 -44262.6
28 5784.92 9.66803 324.821 9301.87 -42248.2
29 5967.53 9.31504 318.289 9279.29 -39766.7
30 6150.58 8.87069 309.912 9251.04 -36775.2
31 6334.19 8.31735 299.31 9216.1 -33254.8
32 6518.5 7.63574 286.046 9173.36 -29224.8
33 6703.67 6.80109 269.616 9121.59 -24760.7
34 6889.88 5.78737 249.411 9059.42 -20029.9
35 7077.38 4.56422 224.667 8985.52 -15335.9
36 7266.42 3.48595 194.556 8900.74 -11186.4
37 7457.25 2.98259 163.329 8825.49 -8089.85
38 7649.72 2.54927 136.637 8762.3 -5830.85
39 7843.57 2.17532 113.852 8708.97 -4181.46
40 8038.61 1.85443 94.2943 8664.05 -2982.13
41 8234.66 1.48065 77.0931 8625.83 -2115.53
42 8431.58 2.2588 59.8161 8592.12 -1536.11
43 8629.28 2.19634 56.3518 8589.34 -1452.04
44 8827.03 2.13862 54.4903 8586.76 -1376.39
45 9024.85 2.07488 53.1032 8583.92 -1295.28
46 9222.73 2.00161 51.6505 8580.66 -1205.09
47 9420.69 1.91887 49.9702 8576.99 -1107.2
48 9618.73 1.82767 48.0477 8572.94 -1004.1
49 9816.86 1.72917 45.9044 8568.57 -898.429
50 10015.1 1.62467 43.5674 8563.94 -792.786
51 10213.4 1.51559 41.0673 8559.13 -689.663
52 10411.9 1.40363 38.4388 8554.19 -591.274
53 10610.5 1.29036 35.7198 8549.2 -499.457
54 10809.2 1.17733 32.9496 8544.23 -415.601
55 11008 1.06603 30.1677 8539.35 -340.604
56 11206.9 0.957887 27.4123 8534.61 -274.891
57 11405.9 0.854154 24.7186 8530.08 -218.458
58 11605 0.7557 22.1186 8525.78 -170.938
59 11804.3 0.663399 19.6392 8521.75 -131.691
60 12003.6 0.577888 17.3026 8518.03 -99.8858
61 12203 0.499489 15.1257 8514.62 -74.5902
62 12402.5 0.428289 13.1196 8511.53 -54.8397
63 12602 0.364455 11.2913 8508.76 -39.6966
64 12801.7 0.307758 9.64222 8506.3 -28.2922
65 13001.4 0.257809 8.17013 8504.14 -19.8551
66 13201.1 0.214379 6.86926 8502.26 -13.7207
67 13400.9 0.176842 5.73103 8500.64 -9.33727
68 13600.7 0.144807 4.74466 8499.25 -6.25789
69 13800.6 0.117649 3.89796 8498.08 -4.13076
70 14000.4 0.094896 3.17806 8497.09 -2.68587
71 14200.3 0.07592 2.57143 8496.28 -1.72033
72 14400.3 0.0603284 2.06491 8495.6 -1.08554
73 14600.2 0.0475707 1.64576 8495.05 -0.674938
74 14800.2 0.0372537 1.30189 8494.6 -0.413501
75 15000.1 0.0289052 1.02216 8494.25 -0.249652
76 15200.1 0.0222892 0.796679 8493.96 -0.148561
77 15400.1 0.0170907 0.616287 8493.74 -0.0871617
78 15600.1 0.0129948 0.473321 8493.56 -0.0504043
79 15800 0.00984409 0.360813 8493.42 -0.0287426
80 16000 0.00740224 0.273023 8493.32 -0.0161617
81 16200 0.00551176 0.205059 8493.23 -0.0089651
82 16400 0.00409388 0.152874 8493.17 -0.0049059
83 16600 0.00299109 0.11308 8493.13 -0.00264941
84 16800 0.00220337 0.0830357 8493.09 -0.00141165
85 17000 0.00157319 0.0604049 8493.07 -0.000743329
86 17200 0.00110056 0.0436316 8493.05 -0.00038617
87 17400 0.000785469 0.0311543 8493.03 -0.000198461
88 17600 0.000549152 0.0220448 8493.02 -0.000100744
89 17800 0.000391606 0.0153723 8493.02 -5.05934e-05
90 18000 0.000312834 0.0105475 8493.01 -2.51726e-05
91 18200 0.000234061 0.00707812 8493.01 -1.23925e-05
92 18400 0.000155296 0.00453773 8493 -6.12434e-06
93 18600 7.63863e-05 0.00295182 8493 -2.88059e-06
94 18800 7.63863e-05 0.00151187 8493 -1.436e-06
95 19000 7.63863e-05 0.000754767 8493 -7.14345e-07
96 19200 7.63863e-05 0.000374077 8493 -3.56626e-07
97 19400 7.63863e-05 0.000183886 8493 1.155e-08
98 19600 7.63863e-05 8.71583e-05 8493 2.11658e-06
99 19800 7.63863e-05 3.47315e-05 8493 0.00520892
