NTS LL(mkm)  STRESS(GPa)   VEL(m / s)  DENS(kg/m3)  ENERGY(J) 
0 400.155 11.7497 400 9630.67 -77045.6
1 576.529 11.7477 399.904 9630.55 -77156.1
2 752.905 11.7417 399.747 9630.2 -77159.7
3 929.288 11.7243 399.451 9629.2 -77052.9
4 1105.69 11.6748 398.925 9626.33 -76689.1
5 1282.14 11.5392 398.044 9618.48 -75724.3
6 1458.74 11.1972 396.303 9598.8 -73296
7 1635.7 10.3929 391.673 9552.97 -67909.9
8 1813.51 8.5607 378.422 9451.05 -57223.9
9 1993.23 10.4541 344.043 9352.48 -48085.1
10 2174.85 10.2974 339.357 9342.34 -46884.9
11 2356.67 10.0186 335.571 9324.37 -44793.1
12 2538.84 9.6123 329.722 9298.3 -41842.4
13 2721.52 9.05937 320.696 9263.02 -38021.1
14 2904.89 8.33895 307.979 9217.44 -33380.2
15 3089.17 7.42843 291.063 9160.47 -28064.2
16 3274.6 6.30695 269.325 9091.17 -22352.9
17 3461.44 4.94999 242.1 9008.72 -16693.5
18 3649.99 3.56786 208.848 8913.08 -11732.7
19 3840.57 2.98811 172.288 8826.29 -8119.39
20 4033.01 2.49864 140.999 8755.04 -5590.25
21 4227.03 2.08696 114.488 8696.52 -3829.92
22 4422.35 1.74246 92.4201 8648.56 -2609.81
23 4618.75 1.20959 74.6787 8605.83 -1754.1
24 4816.13 2.14571 56.8528 8587.08 -1384.9
25 5013.94 1.99553 54.1459 8580.39 -1197.09
26 5211.9 1.82236 50.844 8572.7 -997.688
27 5410.04 1.63748 46.8004 8564.51 -804.97
28 5608.37 1.44883 42.3576 8556.18 -629.669
29 5806.89 1.26218 37.746 8547.96 -477.546
30 6005.61 1.08272 33.1207 8540.08 -351.132
31 6204.5 0.914535 28.614 8532.72 -250.337
32 6403.57 0.760722 24.3401 8526 -173.092
33 6602.8 0.6232 20.3877 8520 -116.103
34 6802.17 0.502946 16.8178 8514.77 -75.5706
35 7001.65 0.399834 13.6643 8510.3 -47.7474
36 7201.25 0.313263 10.9369 8506.54 -29.294
37 7400.93 0.241917 8.62501 8503.45 -17.458
38 7600.68 0.184082 6.70276 8500.95 -10.1102
39 7800.5 0.138195 5.13412 8498.96 -5.69148
40 8000.36 0.102218 3.87669 8497.41 -3.11574
41 8200.25 0.0745814 2.88616 8496.22 -1.65929
42 8400.18 0.0537134 2.11897 8495.32 -0.859959
43 8600.12 0.0381988 1.53435 8494.64 -0.433911
44 8800.08 0.0267787 1.09603 8494.15 -0.213232
45 9000.06 0.0185085 0.772401 8493.8 -0.102109
46 9200.04 0.0126797 0.537178 8493.54 -0.0476585
47 9400.02 0.00850502 0.368588 8493.37 -0.0217
48 9600.02 0.0056693 0.249646 8493.24 -0.00964216
49 9800.01 0.0037788 0.16684 8493.16 -0.00418552
50 10000 0.00243968 0.110059 8493.1 -0.00177561
51 10200 0.00157319 0.071581 8493.07 -0.000738035
52 10400 0.00102179 0.0458963 8493.04 -0.000301189
53 10600 0.000627924 0.0289645 8493.03 -0.000121041
54 10800 0.000391606 0.0179423 8493.02 -4.82261e-05
55 11000 0.000234061 0.0108763 8493.01 -1.91239e-05
56 11200 0.000155296 0.0063496 8493.01 -7.71957e-06
57 11400 7.63863e-05 0.00364693 8493 -3.02185e-06
58 11600 7.63863e-05 0.00171873 8493 -1.37661e-06
59 11800 7.63863e-05 0.000787157 8493 -6.22504e-07
60 12000 7.63863e-05 0.000356926 8493 -2.80468e-07
61 12200 7.63863e-05 0.000161266 8493 -1.25914e-07
62 12400 7.63863e-05 7.2628e-05 8493 -5.6305e-08
63 12600 7.63863e-05 3.25829e-05 8493 -2.50724e-08
64 12800 7.63863e-05 1.45573e-05 8493 -1.11177e-08
65 13000 7.63863e-05 6.47648e-06 8493 -4.90774e-09
66 13200 7.63863e-05 2.86894e-06 8493 -2.15731e-09
67 13400 7.63863e-05 1.26528e-06 8493 -9.44086e-10
68 13600 7.63863e-05 5.55508e-07 8493 -4.10725e-10
69 13800 7.63863e-05 2.42771e-07 8493 -1.78177e-10
70 14000 7.63863e-05 1.05602e-07 8493 -7.684e-11
71 14200 7.63863e-05 4.57182e-08 8493 -3.29975e-11
72 14400 7.63863e-05 1.9698e-08 8493 -1.40408e-11
73 14600 7.63863e-05 8.44585e-09 8493 -6.0062e-12
74 14800 7.63863e-05 3.60351e-09 8493 -3.04162e-12
75 15000 7.63863e-05 1.52983e-09 8493 -2.33082e-13
76 15200 7.63863e-05 6.462e-10 8493 0
77 15400 7.63863e-05 2.71562e-10 8493 0
78 15600 7.63863e-05 1.13533e-10 8493 0
79 15800 7.63863e-05 4.72167e-11 8493 0
80 16000 7.63863e-05 1.95328e-11 8493 0
81 16200 7.63863e-05 8.03715e-12 8493 0
82 16400 7.63863e-05 3.28915e-12 8493 0
83 16600 7.63863e-05 1.3387e-12 8493 0
84 16800 7.63863e-05 5.41851e-13 8493 0
85 17000 7.63863e-05 2.18097e-13 8493 0
86 17200 7.63863e-05 8.72918e-14 8493 0
87 17400 7.63863e-05 3.47401e-14 8493 0
88 17600 7.63863e-05 1.37469e-14 8493 0
89 17800 7.63863e-05 5.40847e-15 8493 0
90 18000 7.63863e-05 2.11557e-15 8493 0
91 18200 7.63863e-05 8.22701e-16 8493 0
92 18400 7.63863e-05 3.18056e-16 8493 0
93 18600 7.63863e-05 1.22255e-16 8493 0
94 18800 7.63863e-05 4.67557e-17 8493 0
95 19000 7.63863e-05 1.78668e-17 8493 0
96 19200 7.63863e-05 7.04643e-18 8493 0
97 19400 7.63863e-05 3.44825e-18 8493 1.92327e-07
98 19600 7.63863e-05 1.94266e-12 8493 2.21401e-06
99 19800 7.63863e-05 1.20063e-12 8493 0.00520776
