NTS LL(mkm)  STRESS(GPa)   VEL(m / s)  DENS(kg/m3)  ENERGY(J) 
0 842.06 11.8282 400 9635.22 -77624.5
1 1018.35 11.8282 399.96 9635.22 -77749.2
2 1194.64 11.8281 399.921 9635.21 -77796.4
3 1370.93 11.8279 399.881 9635.2 -77815.2
4 1547.22 11.8276 399.841 9635.19 -77812
5 1723.51 11.8273 399.801 9635.17 -77827.6
6 1899.81 11.8269 399.761 9635.14 -77820.2
7 2076.1 11.8263 399.72 9635.11 -77823.6
8 2252.39 11.8257 399.678 9635.07 -77825.9
9 2428.68 11.8248 399.635 9635.03 -77814.1
10 2604.98 11.8238 399.588 9634.96 -77807.6
11 2781.27 11.8223 399.535 9634.88 -77802.6
12 2957.57 11.8199 399.47 9634.74 -77789.9
13 3133.87 11.8152 399.388 9634.47 -77754.5
14 3310.18 11.8053 399.283 9633.89 -77678.5
15 3486.49 11.783 399.132 9632.6 -77514.7
16 3662.83 11.7341 398.82 9629.77 -77157.7
17 3839.22 11.6295 397.991 9623.71 -76399.2
18 4015.72 11.4075 395.801 9610.89 -74800.8
19 4192.46 10.9218 390.658 9583.03 -71429
20 4369.71 9.81308 380.464 9520.35 -64307.7
21 4548.13 7.10378 365.615 9372.33 -50282.3
22 4729.36 7.04436 345.991 9369.17 -50023.6
23 4910.66 10.6113 332.591 9362.7 -49328.6
24 5092.08 10.5745 340.409 9360.3 -49038.9
25 5273.55 10.5022 339.237 9355.6 -48474
26 5455.11 10.4029 337.568 9349.2 -47709.4
27 5636.79 10.2705 335.31 9340.61 -46692.6
28 5818.64 10.0945 332.241 9329.28 -45368.9
29 6000.72 9.86683 328.149 9314.61 -43685
30 6183.08 9.57482 322.794 9295.89 -41584.1
31 6365.8 9.20554 315.891 9272.31 -39016.3
32 6548.99 8.74362 307.104 9242.98 -35946.3
33 6732.76 8.1706 296.045 9206.87 -32359
34 6917.26 7.46696 282.273 9162.84 -28280.6
35 7102.64 6.60721 265.286 9109.63 -23796.5
36 7289.1 5.56293 244.491 9045.78 -19086.2
37 7476.88 4.30222 219.091 8969.85 -14476.4
38 7666.24 3.38809 188.035 8885.89 -10541.4
39 7857.4 2.90076 157.845 8813.46 -7634.95
40 8050.13 2.48141 132.085 8752.55 -5511.1
41 8244.2 2.11902 110.101 8701.03 -3955.99
42 8439.42 1.80615 91.3355 8657.35 -2818.66
43 8635.62 1.3896 75.0218 8619.12 -1986.78
44 8832.69 2.23365 58.0602 8591 -1502.02
45 9030.41 2.19042 55.4751 8589.07 -1444.22
46 9228.17 2.14096 54.2089 8586.87 -1379.5
47 9425.99 2.08228 53.0992 8584.25 -1304.63
48 9623.86 2.01385 51.7813 8581.21 -1219.94
49 9821.81 1.93642 50.2119 8577.76 -1127.62
50 10019.8 1.85092 48.4129 8573.97 -1029.89
51 10217.9 1.75821 46.4056 8569.86 -928.972
52 10416.1 1.65935 44.2107 8565.48 -827.177
53 10614.5 1.55576 41.8526 8560.9 -726.79
54 10812.9 1.44867 39.3608 8556.17 -629.93
55 11011.4 1.33957 36.7682 8551.37 -538.429
56 11210 1.23001 34.1099 8546.55 -453.751
57 11408.8 1.12133 31.4223 8541.78 -376.947
58 11607.6 1.01487 28.7406 8537.11 -308.636
59 11806.6 0.91179 26.0986 8532.6 -249.039
60 12005.7 0.813209 23.5274 8528.29 -198.018
61 12204.8 0.719994 21.0545 8524.22 -155.141
62 12404.1 0.632701 18.7028 8520.42 -119.762
63 12603.5 0.551889 16.4912 8516.9 -91.088
64 12802.9 0.477802 14.4336 8513.68 -68.2579
65 13002.4 0.410603 12.5391 8510.76 -50.3969
66 13202 0.350223 10.8125 8508.14 -36.6617
67 13401.6 0.296589 9.2547 8505.82 -26.2784
68 13601.3 0.249313 7.86271 8503.77 -18.5597
69 13801.1 0.208005 6.63083 8501.98 -12.917
70 14000.9 0.172277 5.55076 8500.44 -8.85924
71 14200.7 0.141659 4.6128 8499.11 -5.98806
72 14400.6 0.115602 3.80508 8497.99 -3.98919
73 14600.4 0.0937149 3.11612 8497.04 -2.61942
74 14800.3 0.0753688 2.53343 8496.25 -1.69543
75 15000.3 0.0602497 2.04483 8495.6 -1.08185
76 15200.2 0.0477282 1.63855 8495.06 -0.680628
77 15400.2 0.0376475 1.30368 8494.62 -0.4222
78 15600.1 0.0294565 1.02985 8494.27 -0.258264
79 15800.1 0.0228405 0.807796 8493.98 -0.155807
80 16000.1 0.017642 0.629188 8493.76 -0.092712
81 16200.1 0.0135462 0.486548 8493.58 -0.054415
82 16400 0.0103167 0.373602 8493.44 -0.0315151
83 16600 0.00779609 0.284884 8493.33 -0.0180088
84 16800 0.00582684 0.215723 8493.25 -0.0101563
85 17000 0.0043302 0.162168 8493.19 -0.0056518
86 17200 0.0032274 0.120985 8493.14 -0.00310582
87 17400 0.00236091 0.0896188 8493.1 -0.00168529
88 17600 0.00173074 0.0658557 8493.07 -0.000903107
89 17800 0.0012581 0.0479868 8493.05 -0.000478328
90 18000 0.000943014 0.0346889 8493.04 -0.000250311
91 18200 0.000627924 0.0248121 8493.03 -0.000129374
92 18400 0.000470379 0.0174671 8493.02 -6.64492e-05
93 18600 0.000312834 0.0122238 8493.01 -3.35946e-05
94 18800 0.000234061 0.00826834 8493.01 -1.69741e-05
95 19000 0.000155296 0.00559603 8493.01 -8.32447e-06
96 19200 0.000155296 0.00353256 8493 -4.11919e-06
97 19400 7.63863e-05 0.00207712 8493 -1.85058e-06
98 19600 7.63863e-05 0.000967294 8493 1.09663e-06
99 19800 7.63863e-05 0.000388867 8493 0.00520838
