NTS LL(mkm)  STRESS(GPa)   VEL(m / s)  DENS(kg/m3)  ENERGY(J) 
0 403.051 11.7504 400 9630.71 -77050.8
1 579.425 11.7488 399.891 9630.62 -77164.1
2 755.8 11.7436 399.728 9630.31 -77174
3 932.18 11.7277 399.455 9629.39 -77076.9
4 1108.58 11.6802 399.023 9626.64 -76728.5
5 1285.03 11.5506 398.311 9619.14 -75806.3
6 1461.61 11.2289 396.704 9600.62 -73517.7
7 1638.54 10.4836 392.05 9558.11 -68496.8
8 1816.25 8.7943 378.932 9463.86 -58465.2
9 1995.73 10.4841 346.145 9354.43 -48318
10 2177.32 10.3203 340.434 9343.85 -47062.5
11 2359.1 10.0519 336.13 9326.51 -45040.7
12 2541.23 9.66336 330.377 9301.55 -42204.4
13 2723.84 9.13101 321.763 9267.57 -38503.7
14 2907.13 8.43425 309.573 9223.46 -33974.1
15 3091.29 7.55167 293.248 9168.14 -28747.1
16 3276.56 6.46099 272.188 9100.63 -23082
17 3463.21 5.13831 245.785 9020.06 -17396.3
18 3651.52 3.64983 213.58 8925.55 -12298.2
19 3841.83 3.05885 176.576 8836.78 -8525.8
20 4034.05 2.55946 144.759 8763.79 -5878.24
21 4227.87 2.13799 117.798 8703.7 -4030.16
22 4423.03 1.78441 95.3319 8654.34 -2745.87
23 4619.3 1.28776 76.8271 8611.61 -1851.13
24 4816.54 2.16752 58.179 8588.05 -1413.33
25 5014.33 2.01884 54.6966 8581.43 -1225.4
26 5212.27 1.85038 51.344 8573.94 -1028.74
27 5410.38 1.66857 47.4375 8565.89 -835.91
28 5608.68 1.48128 43.0936 8557.61 -658.296
29 5807.17 1.29489 38.5316 8549.4 -502.685
30 6005.85 1.11468 33.9242 8541.48 -372.234
31 6204.71 0.944953 29.4105 8534.05 -267.313
32 6403.75 0.788968 25.1077 8527.23 -186.206
33 6602.95 0.648797 21.1081 8521.12 -125.849
34 6802.29 0.525573 17.4778 8515.76 -82.5477
35 7001.76 0.419565 14.2551 8511.15 -52.5658
36 7201.33 0.330014 11.4544 8507.27 -32.5076
37 7400.99 0.255842 9.06893 8504.05 -19.5299
38 7600.73 0.195493 7.07615 8501.44 -11.4027
39 7800.53 0.147326 5.44221 8499.36 -6.4723
40 8000.39 0.109461 4.12631 8497.72 -3.57289
41 8200.27 0.0802508 3.08482 8496.46 -1.91888
42 8400.19 0.0580447 2.27446 8495.5 -1.00299
43 8600.13 0.0414278 1.65395 8494.78 -0.510447
44 8800.09 0.0291415 1.18659 8494.26 -0.253021
45 9000.06 0.0202413 0.83989 8493.87 -0.122217
46 9200.04 0.01394 0.586682 8493.6 -0.0575454
47 9400.03 0.00945025 0.40437 8493.4 -0.0264315
48 9600.02 0.00629946 0.275159 8493.27 -0.0118445
49 9800.01 0.00417266 0.184701 8493.18 -0.00518679
50 10000 0.00275477 0.122444 8493.12 -0.00221874
51 10200 0.00173074 0.0800299 8493.07 -0.000929529
52 10400 0.00110056 0.051585 8493.05 -0.000382073
53 10600 0.000706697 0.032735 8493.03 -0.000154577
54 10800 0.000470379 0.0204222 8493.02 -6.18521e-05
55 11000 0.000312834 0.0124735 8493.01 -2.45981e-05
56 11200 0.000155296 0.00747051 8493.01 -9.64977e-06
57 11400 0.000155296 0.00424513 8493 -3.75241e-06
58 11600 7.63863e-05 0.00210306 8493 -1.70824e-06
59 11800 7.63863e-05 0.00097121 8493 -7.77983e-07
60 12000 7.63863e-05 0.000444977 8493 -3.51696e-07
61 12200 7.63863e-05 0.000201863 8493 -1.58256e-07
62 12400 7.63863e-05 9.11167e-05 8493 -7.0931e-08
63 12600 7.63863e-05 4.09681e-05 8493 -3.1663e-08
64 12800 7.63863e-05 1.83476e-05 8493 -1.4076e-08
65 13000 7.63863e-05 8.18328e-06 8493 -6.22986e-09
66 13200 7.63863e-05 3.63441e-06 8493 -2.7459e-09
67 13400 7.63863e-05 1.60715e-06 8493 -1.20519e-09
68 13600 7.63863e-05 7.07542e-07 8493 -5.25714e-10
69 13800 7.63863e-05 3.10086e-07 8493 -2.28727e-10
70 14000 7.63863e-05 1.35273e-07 8493 -9.90734e-11
71 14200 7.63863e-05 5.87367e-08 8493 -4.25153e-11
72 14400 7.63863e-05 2.53833e-08 8493 -1.82536e-11
73 14600 7.63863e-05 1.0917e-08 8493 -7.87856e-12
74 14800 7.63863e-05 4.67244e-09 8493 -3.35368e-12
75 15000 7.63863e-05 1.98997e-09 8493 -1.16926e-12
76 15200 7.63863e-05 8.43301e-10 8493 0
77 15400 7.63863e-05 3.5557e-10 8493 0
78 15600 7.63863e-05 1.49158e-10 8493 0
79 15800 7.63863e-05 6.22472e-11 8493 0
80 16000 7.63863e-05 2.58414e-11 8493 0
81 16200 7.63863e-05 1.06711e-11 8493 0
82 16400 7.63863e-05 4.38306e-12 8493 0
83 16600 7.63863e-05 1.79057e-12 8493 0
84 16800 7.63863e-05 7.27495e-13 8493 0
85 17000 7.63863e-05 2.93947e-13 8493 0
86 17200 7.63863e-05 1.18111e-13 8493 0
87 17400 7.63863e-05 4.71924e-14 8493 0
88 17600 7.63863e-05 1.87497e-14 8493 0
89 17800 7.63863e-05 7.40698e-15 8493 0
90 18000 7.63863e-05 2.90935e-15 8493 0
91 18200 7.63863e-05 1.13616e-15 8493 0
92 18400 7.63863e-05 4.41117e-16 8493 0
93 18600 7.63863e-05 1.70303e-16 8493 0
94 18800 7.63863e-05 6.53978e-17 8493 0
95 19000 7.63863e-05 2.51148e-17 8493 0
96 19200 7.63863e-05 9.95184e-18 8493 0
97 19400 7.63863e-05 4.89579e-18 8493 1.92327e-07
98 19600 7.63863e-05 1.70288e-12 8493 2.21401e-06
99 19800 7.63863e-05 1.05244e-12 8493 0.00520777
