NTS LL(mkm)  STRESS(GPa)   VEL(m / s)  DENS(kg/m3)  ENERGY(J) 
0 402.569 11.7503 400 9630.7 -77049.9
1 578.942 11.7486 399.893 9630.6 -77162.8
2 755.317 11.7433 399.731 9630.3 -77171.7
3 931.698 11.7271 399.453 9629.36 -77073.2
4 1108.1 11.6794 399.006 9626.59 -76722.5
5 1284.54 11.5487 398.269 9619.04 -75793
6 1461.13 11.2236 396.647 9600.31 -73480.6
7 1638.06 10.4685 392 9557.26 -68399.1
8 1815.79 8.75614 378.854 9461.76 -58260.1
9 1995.32 10.4785 345.797 9354.08 -48276.1
10 2176.9 10.3167 340.241 9343.58 -47031.3
11 2358.7 10.0461 336.025 9326.16 -44999.6
12 2540.83 9.65459 330.265 9301.02 -42145.1
13 2723.46 9.11903 321.589 9266.83 -38424.4
14 2906.75 8.41829 309.313 9222.47 -33876.1
15 3090.94 7.53151 292.89 9166.88 -28634
16 3276.23 6.43557 271.716 9099.07 -22960.9
17 3462.91 5.10742 245.175 9018.19 -17278.9
18 3651.26 3.63586 212.796 8923.46 -12202.6
19 3841.62 3.04722 175.86 8835.02 -8456.93
20 4033.87 2.54929 144.127 8762.32 -5829.42
21 4227.73 2.12934 117.243 8702.49 -3996.19
22 4422.91 1.77731 94.8526 8653.36 -2722.57
23 4619.21 1.27451 76.4802 8610.63 -1834.24
24 4816.47 2.16355 57.9412 8587.87 -1408.07
25 5014.26 2.01494 54.5882 8581.25 -1220.62
26 5212.21 1.84577 51.2573 8573.74 -1023.61
27 5410.32 1.66342 47.333 8565.66 -830.762
28 5608.63 1.47588 42.9725 8557.37 -653.503
29 5807.12 1.28949 38.4015 8549.16 -498.458
30 6005.81 1.10935 33.7907 8541.25 -368.672
31 6204.68 0.939858 29.2778 8533.83 -264.437
32 6403.72 0.784182 24.9796 8527.02 -183.976
33 6602.92 0.644478 20.9876 8520.93 -124.186
34 6802.27 0.521802 17.3671 8515.59 -81.3528
35 7001.74 0.416263 14.1558 8511.01 -51.7376
36 7201.31 0.327183 11.3673 8507.14 -31.9532
37 7400.98 0.253482 8.99405 8503.95 -19.1712
38 7600.72 0.193604 7.01304 8501.36 -11.1781
39 7800.53 0.145752 5.39002 8499.29 -6.33617
40 8000.38 0.10828 4.08397 8497.67 -3.49289
41 8200.27 0.0793059 3.05105 8496.42 -1.87329
42 8400.19 0.0572572 2.24796 8495.47 -0.97778
43 8600.13 0.0408766 1.63355 8494.76 -0.496905
44 8800.09 0.0287477 1.17109 8494.24 -0.24596
45 9000.06 0.0199262 0.828313 8493.86 -0.11864
46 9200.04 0.0137037 0.578213 8493.59 -0.0557766
47 9400.03 0.00929271 0.398226 8493.4 -0.0255804
48 9600.02 0.00622069 0.270749 8493.27 -0.0114477
49 9800.01 0.00409388 0.181625 8493.18 -0.00500525
50 10000 0.002676 0.120282 8493.11 -0.00213878
51 10200 0.00173074 0.07857 8493.07 -0.000894838
52 10400 0.00110056 0.0505942 8493.05 -0.000367467
53 10600 0.000706697 0.0320859 8493.03 -0.000148454
54 10800 0.000470379 0.0200091 8493.02 -5.92183e-05
55 11000 0.000312834 0.0121964 8493.01 -2.34928e-05
56 11200 0.000155296 0.00725342 8493.01 -9.30202e-06
57 11400 7.63863e-05 0.0041624 8493 -3.57472e-06
58 11600 7.63863e-05 0.00201333 8493 -1.64874e-06
59 11800 7.63863e-05 0.000938729 8493 -7.49875e-07
60 12000 7.63863e-05 0.000429142 8493 -3.38731e-07
61 12200 7.63863e-05 0.000194487 8493 -1.52354e-07
62 12400 7.63863e-05 8.77453e-05 8493 -6.82594e-08
63 12600 7.63863e-05 3.94374e-05 8493 -3.04581e-08
64 12800 7.63863e-05 1.76552e-05 8493 -1.35346e-08
65 13000 7.63863e-05 7.87121e-06 8493 -5.98772e-09
66 13200 7.63863e-05 3.49432e-06 8493 -2.63801e-09
67 13400 7.63863e-05 1.54452e-06 8493 -1.15729e-09
68 13600 7.63863e-05 6.79662e-07 8493 -5.04573e-10
69 13800 7.63863e-05 2.97728e-07 8493 -2.19444e-10
70 14000 7.63863e-05 1.2982e-07 8493 -9.49376e-11
71 14200 7.63863e-05 5.63415e-08 8493 -4.0799e-11
72 14400 7.63863e-05 2.43361e-08 8493 -1.74734e-11
73 14600 7.63863e-05 1.04613e-08 8493 -7.5665e-12
74 14800 7.63863e-05 4.47508e-09 8493 -3.19765e-12
75 15000 7.63863e-05 1.90491e-09 8493 -1.01323e-12
76 15200 7.63863e-05 8.0682e-10 8493 0
77 15400 7.63863e-05 3.40002e-10 8493 0
78 15600 7.63863e-05 1.42548e-10 8493 0
79 15800 7.63863e-05 5.94545e-11 8493 0
80 16000 7.63863e-05 2.46677e-11 8493 0
81 16200 7.63863e-05 1.01804e-11 8493 0
82 16400 7.63863e-05 4.17897e-12 8493 0
83 16600 7.63863e-05 1.70615e-12 8493 0
84 16800 7.63863e-05 6.9276e-13 8493 0
85 17000 7.63863e-05 2.79735e-13 8493 0
86 17200 7.63863e-05 1.12328e-13 8493 0
87 17400 7.63863e-05 4.48521e-14 8493 0
88 17600 7.63863e-05 1.7808e-14 8493 0
89 17800 7.63863e-05 7.03021e-15 8493 0
90 18000 7.63863e-05 2.75946e-15 8493 0
91 18200 7.63863e-05 1.07687e-15 8493 0
92 18400 7.63863e-05 4.17807e-16 8493 0
93 18600 7.63863e-05 1.61184e-16 8493 0
94 18800 7.63863e-05 6.18565e-17 8493 0
95 19000 7.63863e-05 2.37293e-17 8493 0
96 19200 7.63863e-05 9.39868e-18 8493 0
97 19400 7.63863e-05 4.62179e-18 8493 1.92327e-07
98 19600 7.63863e-05 1.74068e-12 8493 2.21401e-06
99 19800 7.63863e-05 1.0758e-12 8493 0.00520777
