NTS LL(mkm)  STRESS(GPa)   VEL(m / s)  DENS(kg/m3)  ENERGY(J) 
0 402.327 11.7503 400 9630.7 -77049.4
1 578.701 11.7485 399.894 9630.6 -77162.1
2 755.076 11.7432 399.732 9630.29 -77170.6
3 931.457 11.7269 399.452 9629.34 -77071.3
4 1107.86 11.6789 398.997 9626.57 -76719.4
5 1284.3 11.5478 398.248 9618.98 -75786.3
6 1460.89 11.221 396.617 9600.16 -73462
7 1637.83 10.461 391.974 9556.83 -68350.2
8 1815.56 8.73695 378.814 9460.71 -58157.3
9 1995.11 10.4762 345.623 9353.91 -48255.5
10 2176.7 10.3141 340.146 9343.45 -47015.9
11 2358.5 10.0438 335.975 9325.98 -44979.1
12 2540.63 9.65072 330.21 9300.75 -42115.3
13 2723.26 9.1131 321.501 9266.45 -38384.6
14 2906.57 8.41071 309.182 9221.98 -33827
15 3090.76 7.52123 292.71 9166.24 -28577.4
16 3276.07 6.42294 271.48 9098.29 -22900.2
17 3462.76 5.09187 244.87 9017.25 -17220.3
18 3651.14 3.62903 212.403 8922.42 -12155
19 3841.51 3.04106 175.503 8834.14 -8422.67
20 4033.79 2.54421 143.812 8761.59 -5805.14
21 4227.66 2.12526 116.966 8701.89 -3979.3
22 4422.85 1.77376 94.612 8652.87 -2711.01
23 4619.16 1.26789 76.3054 8610.14 -1825.91
24 4816.44 2.16152 57.8243 8587.79 -1405.52
25 5014.23 2.01299 54.5364 8581.17 -1218.24
26 5212.18 1.84351 51.2146 8573.64 -1021.03
27 5410.3 1.66092 47.2806 8565.55 -828.186
28 5608.6 1.47322 42.9117 8557.26 -651.11
29 5807.1 1.28676 38.3363 8549.04 -496.349
30 6005.79 1.10669 33.7238 8541.13 -366.898
31 6204.66 0.937349 29.2115 8533.71 -263.006
32 6403.71 0.781829 24.9155 8526.92 -182.868
33 6602.91 0.642359 20.9274 8520.84 -123.36
34 6802.26 0.519916 17.3119 8515.51 -80.7602
35 7001.73 0.414534 14.1063 8510.93 -51.3274
36 7201.31 0.325767 11.3239 8507.08 -31.6789
37 7400.98 0.252302 8.95675 8503.9 -18.9939
38 7600.72 0.19266 6.98163 8501.32 -11.0672
39 7800.52 0.144965 5.36403 8499.26 -6.26903
40 8000.38 0.107651 4.06292 8497.64 -3.45347
41 8200.27 0.0788334 3.03426 8496.4 -1.85084
42 8400.19 0.0569422 2.23481 8495.45 -0.965381
43 8600.13 0.0405615 1.62341 8494.75 -0.490259
44 8800.09 0.0285114 1.1634 8494.23 -0.242498
45 9000.06 0.0198475 0.8226 8493.85 -0.116882
46 9200.04 0.0135462 0.573978 8493.58 -0.0549133
47 9400.03 0.00921394 0.395197 8493.39 -0.0251645
48 9600.02 0.00614192 0.268567 8493.26 -0.011254
49 9800.01 0.00409388 0.180109 8493.17 -0.00491636
50 10000 0.002676 0.119221 8493.11 -0.00209928
51 10200 0.00173074 0.0778445 8493.07 -0.000877708
52 10400 0.00110056 0.0501015 8493.05 -0.000360264
53 10600 0.000706697 0.0317637 8493.03 -0.000145437
54 10800 0.000470379 0.0198046 8493.02 -5.79184e-05
55 11000 0.000312834 0.0120595 8493.01 -2.29449e-05
56 11200 0.000155296 0.0071437 8493.01 -9.13302e-06
57 11400 7.63863e-05 0.00410836 8493 -3.51672e-06
58 11600 7.63863e-05 0.00198287 8493 -1.61978e-06
59 11800 7.63863e-05 0.000922758 8493 -7.36158e-07
60 12000 7.63863e-05 0.0004214 8493 -3.3242e-07
61 12200 7.63863e-05 0.000190894 8493 -1.49484e-07
62 12400 7.63863e-05 8.61053e-05 8493 -6.69606e-08
63 12600 7.63863e-05 3.86931e-05 8493 -2.98726e-08
64 12800 7.63863e-05 1.73186e-05 8493 -1.32717e-08
65 13000 7.63863e-05 7.71954e-06 8493 -5.87008e-09
66 13200 7.63863e-05 3.42626e-06 8493 -2.58559e-09
67 13400 7.63863e-05 1.5141e-06 8493 -1.13404e-09
68 13600 7.63863e-05 6.66125e-07 8493 -4.94354e-10
69 13800 7.63863e-05 2.9173e-07 8493 -2.14919e-10
70 14000 7.63863e-05 1.27174e-07 8493 -9.29111e-11
71 14200 7.63863e-05 5.51797e-08 8493 -3.99418e-11
72 14400 7.63863e-05 2.38284e-08 8493 -1.71614e-11
73 14600 7.63863e-05 1.02404e-08 8493 -7.41047e-12
74 14800 7.63863e-05 4.37946e-09 8493 -3.1206e-12
75 15000 7.63863e-05 1.86371e-09 8493 -9.36181e-13
76 15200 7.63863e-05 7.89159e-10 8493 0
77 15400 7.63863e-05 3.32468e-10 8493 0
78 15600 7.63863e-05 1.3935e-10 8493 0
79 15800 7.63863e-05 5.81041e-11 8493 0
80 16000 7.63863e-05 2.41004e-11 8493 0
81 16200 7.63863e-05 9.94333e-12 8493 0
82 16400 7.63863e-05 4.08042e-12 8493 0
83 16600 7.63863e-05 1.6654e-12 8493 0
84 16800 7.63863e-05 6.76002e-13 8493 0
85 17000 7.63863e-05 2.72881e-13 8493 0
86 17200 7.63863e-05 1.0954e-13 8493 0
87 17400 7.63863e-05 4.37246e-14 8493 0
88 17600 7.63863e-05 1.73545e-14 8493 0
89 17800 7.63863e-05 6.84886e-15 8493 0
90 18000 7.63863e-05 2.68735e-15 8493 0
91 18200 7.63863e-05 1.04837e-15 8493 0
92 18400 7.63863e-05 4.06604e-16 8493 0
93 18600 7.63863e-05 1.56805e-16 8493 0
94 18800 7.63863e-05 6.01557e-17 8493 0
95 19000 7.63863e-05 2.30676e-17 8493 0
96 19200 7.63863e-05 9.13502e-18 8493 0
97 19400 7.63863e-05 4.48738e-18 8493 1.92327e-07
98 19600 7.63863e-05 1.75989e-12 8493 2.21401e-06
99 19800 7.63863e-05 1.08767e-12 8493 0.00520777
