NTS LL(mkm)  STRESS(GPa)   VEL(m / s)  DENS(kg/m3)  ENERGY(J) 
0 401.603 11.75 400 9630.69 -77048.1
1 577.977 11.7482 399.898 9630.58 -77160.1
2 754.352 11.7427 399.737 9630.26 -77167
3 930.734 11.7261 399.45 9629.3 -77065.5
4 1107.13 11.6776 398.972 9626.49 -76709.8
5 1283.58 11.545 398.182 9618.82 -75766.1
6 1460.17 11.213 396.521 9599.71 -73406.6
7 1637.12 10.4383 391.886 9555.55 -68203.5
8 1814.88 8.67896 378.691 9457.52 -57847.7
9 1994.48 10.4681 345.098 9353.41 -48195.8
10 2176.08 10.3085 339.87 9343.07 -46970.8
11 2357.89 10.0349 335.829 9325.44 -44917.3
12 2540.03 9.63816 330.045 9299.94 -42025.3
13 2722.68 9.09506 321.236 9265.32 -38264.5
14 2906.01 8.38689 308.786 9220.48 -33678.9
15 3090.23 7.49053 292.167 9164.33 -28406.9
16 3275.58 6.3844 270.767 9095.94 -22718.1
17 3462.32 5.04468 243.951 9014.43 -17044.5
18 3650.75 3.60839 211.222 8919.29 -12013
19 3841.19 3.0232 174.43 8831.51 -8320.55
20 4033.53 2.52894 142.87 8759.4 -5732.78
21 4227.44 2.11244 116.136 8700.09 -3928.99
22 4422.68 1.7633 93.887 8651.42 -2676.72
23 4619.02 1.24823 75.7752 8608.69 -1801.31
24 4816.33 2.15592 57.4834 8587.53 -1398.19
25 5014.13 2.00714 54.3908 8580.91 -1211.15
26 5212.08 1.83649 51.0886 8573.33 -1013.29
27 5410.21 1.65311 47.1223 8565.2 -820.455
28 5608.52 1.46509 42.7284 8556.9 -643.942
29 5807.03 1.27854 38.1403 8548.68 -490.047
30 6005.73 1.0987 33.5231 8540.78 -361.602
31 6204.61 0.929744 29.0124 8533.38 -258.741
32 6403.66 0.774767 24.7235 8526.61 -179.57
33 6602.87 0.63592 20.7471 8520.56 -120.906
34 6802.23 0.514181 17.1466 8515.26 -79.0017
35 7001.7 0.40966 13.9583 8510.72 -50.1116
36 7201.29 0.321599 11.1941 8506.9 -30.8673
37 7400.96 0.248762 8.84535 8503.75 -18.4701
38 7600.71 0.189748 6.8879 8501.19 -10.7401
39 7800.52 0.142682 5.28666 8499.16 -6.0712
40 8000.37 0.10584 4.00017 8497.57 -3.33753
41 8200.26 0.0774161 2.98432 8496.34 -1.78493
42 8400.18 0.0558397 2.19568 8495.41 -0.929025
43 8600.13 0.039774 1.59329 8494.71 -0.470786
44 8800.09 0.0279601 1.14059 8494.2 -0.232363
45 9000.06 0.0193749 0.805593 8493.83 -0.111753
46 9200.04 0.0132311 0.56147 8493.57 -0.052392
47 9400.03 0.00897763 0.386189 8493.39 -0.0239545
48 9600.02 0.00598438 0.262109 8493.26 -0.0106912
49 9800.01 0.00393634 0.175597 8493.17 -0.00466038
50 10000 0.00259723 0.116083 8493.11 -0.0019862
51 10200 0.00165196 0.075716 8493.07 -0.000828687
52 10400 0.00110056 0.048692 8493.04 -0.000339031
53 10600 0.000706697 0.0308041 8493.03 -0.000136559
54 10800 0.000391606 0.0191705 8493.02 -5.43002e-05
55 11000 0.000234061 0.0116565 8493.01 -2.14549e-05
56 11200 0.000155296 0.00683812 8493.01 -8.64439e-06
57 11400 7.63863e-05 0.00395165 8493 -3.34642e-06
58 11600 7.63863e-05 0.00189289 8493 -1.53523e-06
59 11800 7.63863e-05 0.000875917 8493 -6.96335e-07
60 12000 7.63863e-05 0.000398871 8493 -3.1415e-07
61 12200 7.63863e-05 0.000180483 8493 -1.41186e-07
62 12400 7.63863e-05 8.13618e-05 8493 -6.32071e-08
63 12600 7.63863e-05 3.65416e-05 8493 -2.81809e-08
64 12800 7.63863e-05 1.63459e-05 8493 -1.25121e-08
65 13000 7.63863e-05 7.28141e-06 8493 -5.5305e-09
66 13200 7.63863e-05 3.22971e-06 8493 -2.4344e-09
67 13400 7.63863e-05 1.4263e-06 8493 -1.06695e-09
68 13600 7.63863e-05 6.27066e-07 8493 -4.6471e-10
69 13800 7.63863e-05 2.74431e-07 8493 -2.02047e-10
70 14000 7.63863e-05 1.19547e-07 8493 -8.72151e-11
71 14200 7.63863e-05 5.18322e-08 8493 -3.74453e-11
72 14400 7.63863e-05 2.2366e-08 8493 -1.60692e-11
73 14600 7.63863e-05 9.60459e-09 8493 -6.94238e-12
74 14800 7.63863e-05 4.10434e-09 8493 -3.04162e-12
75 15000 7.63863e-05 1.74525e-09 8493 -7.01173e-13
76 15200 7.63863e-05 7.38396e-10 8493 0
77 15400 7.63863e-05 3.10824e-10 8493 0
78 15600 7.63863e-05 1.30168e-10 8493 0
79 15800 7.63863e-05 5.4229e-11 8493 0
80 16000 7.63863e-05 2.24734e-11 8493 0
81 16200 7.63863e-05 9.26377e-12 8493 0
82 16400 7.63863e-05 3.79809e-12 8493 0
83 16600 7.63863e-05 1.54873e-12 8493 0
84 16800 7.63863e-05 6.28053e-13 8493 0
85 17000 7.63863e-05 2.53282e-13 8493 0
86 17200 7.63863e-05 1.01573e-13 8493 0
87 17400 7.63863e-05 4.05045e-14 8493 0
88 17600 7.63863e-05 1.60603e-14 8493 0
89 17800 7.63863e-05 6.33165e-15 8493 0
90 18000 7.63863e-05 2.48184e-15 8493 0
91 18200 7.63863e-05 9.67176e-16 8493 0
92 18400 7.63863e-05 3.74717e-16 8493 0
93 18600 7.63863e-05 1.44351e-16 8493 0
94 18800 7.63863e-05 5.53168e-17 8493 0
95 19000 7.63863e-05 2.1191e-17 8493 0
96 19200 7.63863e-05 8.38023e-18 8493 0
97 19400 7.63863e-05 4.10998e-18 8493 1.92327e-07
98 19600 7.63863e-05 1.81882e-12 8493 2.21401e-06
99 19800 7.63863e-05 1.12409e-12 8493 0.00520776
