NTS LL(mkm)  STRESS(GPa)   VEL(m / s)  DENS(kg/m3)  ENERGY(J) 
0 800.069 11.8242 400 9634.99 -77594.4
1 976.364 11.8241 399.957 9634.98 -77719
2 1152.66 11.8239 399.915 9634.98 -77766
3 1328.95 11.8238 399.871 9634.96 -77784.5
4 1505.25 11.8235 399.827 9634.95 -77781
5 1681.55 11.823 399.782 9634.92 -77796.2
6 1857.84 11.8226 399.735 9634.89 -77788.3
7 2034.14 11.8219 399.689 9634.86 -77790.9
8 2210.44 11.8211 399.641 9634.81 -77791.8
9 2386.73 11.8199 399.593 9634.74 -77777.4
10 2563.03 11.8181 399.54 9634.64 -77765.7
11 2739.34 11.8153 399.472 9634.47 -77750.9
12 2915.64 11.8101 399.375 9634.17 -77717.8
13 3091.95 11.7994 399.228 9633.55 -77637.5
14 3268.27 11.7751 399.011 9632.14 -77456.3
15 3444.62 11.7193 398.656 9628.91 -77046.5
16 3621.02 11.594 397.887 9621.65 -76136.1
17 3797.56 11.3203 395.865 9605.87 -74185.3
18 3974.39 10.7296 390.612 9572.08 -70132.2
19 4151.85 9.41801 378.17 9498.33 -61968.1
20 4330.68 10.6176 350.695 9363.09 -49373.6
21 4512.09 10.6432 343.808 9364.75 -49576.2
22 4693.48 10.5956 341.146 9361.66 -49201.8
23 4874.92 10.5324 339.752 9357.55 -48708.1
24 5056.44 10.443 338.338 9351.75 -48012.7
25 5238.07 10.3191 336.34 9343.75 -47062.7
26 5419.86 10.1532 333.515 9333.05 -45806.4
27 5601.86 9.9353 329.678 9319.06 -44191.2
28 5784.13 9.65554 324.598 9301.06 -42158
29 5966.76 9.29827 317.995 9278.26 -39655.4
30 6149.83 8.84976 309.533 9249.74 -36641.1
31 6333.47 8.29189 298.825 9214.5 -33097.6
32 6517.81 7.60386 285.435 9171.39 -29046.2
33 6703.02 6.76251 268.857 9119.19 -24565.3
34 6889.28 5.73983 248.484 9056.53 -19826.7
35 7076.84 4.50635 223.539 8982.05 -15141.3
36 7265.95 3.46323 193.15 8897.24 -11032.8
37 7456.86 2.96256 162.097 8822.54 -7977.57
38 7649.39 2.53206 135.578 8759.82 -5748.96
39 7843.3 2.16062 112.953 8706.88 -4121.54
40 8038.39 1.84137 93.5684 8662.23 -2937.28
41 8234.48 1.45591 76.5712 8624.01 -2079.62
42 8431.44 2.25085 59.3466 8591.77 -1525.35
43 8629.14 2.19214 56.0883 8589.15 -1446.45
44 8826.9 2.13543 54.3609 8586.62 -1372.25
45 9024.72 2.07145 53.0234 8583.77 -1291.01
46 9222.61 1.99763 51.5731 8580.49 -1200.3
47 9420.57 1.91435 49.88 8576.78 -1101.95
48 9618.61 1.8226 47.9429 8572.71 -998.531
49 9816.75 1.72362 45.786 8568.33 -892.684
50 10015 1.61874 43.4371 8563.68 -787.017
51 10213.3 1.50942 40.9267 8558.85 -684.008
52 10411.8 1.39722 38.2897 8553.91 -585.86
53 10610.4 1.28378 35.5644 8548.91 -494.391
54 10809.1 1.17075 32.7902 8543.94 -410.963
55 11007.9 1.05953 30.0065 8539.07 -336.447
56 11206.8 0.951538 27.2515 8534.34 -271.242
57 11405.8 0.847958 24.5605 8529.81 -215.32
58 11605 0.749815 21.9651 8525.52 -168.292
59 11804.2 0.657904 19.4919 8521.51 -129.504
60 12003.5 0.572704 17.1631 8517.81 -98.112
61 12203 0.494696 14.995 8514.41 -73.1787
62 12402.5 0.423966 12.9986 8511.34 -53.7371
63 12602 0.360603 11.1804 8508.59 -38.8511
64 12801.7 0.304218 9.54175 8506.15 -27.6554
65 13001.3 0.254741 8.08003 8504.01 -19.384
66 13201.1 0.211625 6.78928 8502.14 -13.3783
67 13400.9 0.174481 5.66075 8500.53 -9.09262
68 13600.7 0.142761 4.68348 8499.16 -6.0861
69 13800.6 0.115917 3.84525 8498 -4.01215
70 14000.4 0.0934 3.13304 8497.03 -2.60535
71 14200.3 0.0747389 2.53336 8496.22 -1.66655
72 14400.3 0.0593047 2.03296 8495.56 -1.05022
73 14600.2 0.0467832 1.61924 8495.02 -0.652106
74 14800.2 0.0365449 1.28006 8494.58 -0.398971
75 15000.1 0.0284327 1.00433 8494.22 -0.240556
76 15200.1 0.0218954 0.782249 8493.94 -0.142954
77 15400.1 0.0167756 0.604714 8493.72 -0.0837585
78 15600 0.0127585 0.464103 8493.55 -0.0483703
79 15800 0.00960779 0.35354 8493.41 -0.0275451
80 16000 0.00716593 0.267307 8493.31 -0.0154687
81 16200 0.00535422 0.200643 8493.23 -0.00856918
82 16400 0.00393634 0.14949 8493.17 -0.00468222
83 16600 0.00291231 0.110467 8493.12 -0.0025255
84 16800 0.0021246 0.081043 8493.09 -0.00134421
85 17000 0.00157319 0.0589739 8493.06 -0.000706141
86 17200 0.00110056 0.0424638 8493.05 -0.000366927
87 17400 0.000785469 0.0303308 8493.03 -0.000188415
88 17600 0.000549152 0.021433 8493.02 -9.56075e-05
89 17800 0.000391606 0.0149374 8493.02 -4.79576e-05
90 18000 0.000312834 0.01029 8493.01 -2.36406e-05
91 18200 0.000234061 0.00686409 8493.01 -1.15458e-05
92 18400 0.000155296 0.00430857 8493 -5.78556e-06
93 18600 7.63863e-05 0.0028268 8493 -2.72697e-06
94 18800 7.63863e-05 0.00143478 8493 -1.35574e-06
95 19000 7.63863e-05 0.000712738 8493 -6.74173e-07
96 19200 7.63863e-05 0.000353031 8493 -3.36573e-07
97 19400 7.63863e-05 0.000173584 8493 2.17507e-08
98 19600 7.63863e-05 8.22729e-05 8493 2.12211e-06
99 19800 7.63863e-05 3.27794e-05 8493 0.00520892
