NTS LL(mkm)  STRESS(GPa)   VEL(m / s)  DENS(kg/m3)  ENERGY(J) 
0 39.8095 7.81589 400 9186.2 -30012.3
1 224.717 4.23162 335.42 8967.16 -14161.8
2 414.142 2.61561 243.092 8777.82 -6292.65
3 607.652 1.7199 161.38 8651.35 -2694.11
4 803.991 1.93915 98.1961 8577.89 -1121.42
5 1002.01 1.0592 61.4665 8539.05 -332.971
6 1200.93 0.525162 34.7649 8515.74 -81.5374
7 1400.4 0.237493 17.7677 8503.26 -16.6215
8 1600.16 0.0985194 8.24656 8497.25 -2.85227
9 1800.06 0.0376886 3.49791 8494.63 -0.416354
10 2000.02 0.0133707 1.36392 8493.58 -0.0521992
11 2200.01 0.00441066 0.49136 8493.19 -0.00567303
12 2400 0.00135826 0.164261 8493.06 -0.000540345
13 2600 0.000393299 0.0511316 8493.02 -4.58482e-05
14 2800 0.000117595 0.0148346 8493 -3.80827e-06
15 3000 3.8824e-05 0.00400576 8493 -3.77459e-07
16 3200 1.90966e-05 0.000977855 8493 -6.68443e-08
17 3400 1.90966e-05 0.000213999 8493 -1.39834e-08
18 3600 1.90966e-05 4.51623e-05 8493 -2.80253e-09
19 3800 1.90966e-05 9.12302e-06 8493 -5.37465e-10
20 4000 1.90966e-05 1.76183e-06 8493 -9.87127e-11
21 4200 1.90966e-05 3.25585e-07 8493 -1.73868e-11
22 4400 1.90966e-05 5.76251e-08 8493 -2.91545e-12
23 4600 1.90966e-05 9.77518e-09 8493 -4.77722e-13
24 4800 1.90966e-05 1.59048e-09 8493 -6.83836e-14
25 5000 1.90966e-05 2.48395e-10 8493 0
26 5200 1.90966e-05 3.72641e-11 8493 0
27 5400 1.90966e-05 5.37377e-12 8493 0
28 5600 1.90966e-05 7.45435e-13 8493 0
29 5800 1.90966e-05 9.95353e-14 8493 0
30 6000 1.90966e-05 1.28017e-14 8493 0
31 6200 1.90966e-05 1.58694e-15 8493 0
32 6400 1.90966e-05 1.89727e-16 8493 0
33 6600 1.90966e-05 2.18877e-17 8493 0
34 6800 1.90966e-05 2.44176e-18 8493 0
35 7000 1.90966e-05 2.60853e-19 8493 0
36 7200 1.90966e-05 2.78056e-20 8493 0
37 7400 1.90966e-05 1.32348e-21 8493 0
38 7600 1.90966e-05 0 8493 0
39 7800 1.90966e-05 0 8493 0
40 8000 1.90966e-05 0 8493 0
41 8200 1.90966e-05 0 8493 0
42 8400 1.90966e-05 0 8493 0
43 8600 1.90966e-05 0 8493 0
44 8800 1.90966e-05 0 8493 0
45 9000 1.90966e-05 0 8493 0
46 9200 1.90966e-05 0 8493 0
47 9400 1.90966e-05 0 8493 0
48 9600 1.90966e-05 0 8493 0
49 9800 1.90966e-05 0 8493 0
50 10000 1.90966e-05 0 8493 0
51 10200 1.90966e-05 0 8493 0
52 10400 1.90966e-05 0 8493 0
53 10600 1.90966e-05 0 8493 0
54 10800 1.90966e-05 0 8493 0
55 11000 1.90966e-05 0 8493 0
56 11200 1.90966e-05 0 8493 0
57 11400 1.90966e-05 0 8493 0
58 11600 1.90966e-05 0 8493 0
59 11800 1.90966e-05 0 8493 0
60 12000 1.90966e-05 0 8493 0
61 12200 1.90966e-05 0 8493 0
62 12400 1.90966e-05 0 8493 0
63 12600 1.90966e-05 0 8493 0
64 12800 1.90966e-05 0 8493 0
65 13000 1.90966e-05 0 8493 0
66 13200 1.90966e-05 0 8493 0
67 13400 1.90966e-05 0 8493 0
68 13600 1.90966e-05 0 8493 0
69 13800 1.90966e-05 0 8493 0
70 14000 1.90966e-05 0 8493 0
71 14200 1.90966e-05 0 8493 0
72 14400 1.90966e-05 0 8493 0
73 14600 1.90966e-05 0 8493 0
74 14800 1.90966e-05 0 8493 0
75 15000 1.90966e-05 0 8493 0
76 15200 1.90966e-05 0 8493 0
77 15400 1.90966e-05 -7.94236e-21 8493 0
78 15600 1.90966e-05 -1.12533e-19 8493 0
79 15800 1.90966e-05 -1.36898e-18 8493 0
80 16000 1.90966e-05 -1.58126e-17 8493 0
81 16200 1.90966e-05 -1.70822e-16 8493 0
82 16400 1.90966e-05 -1.72599e-15 8493 0
83 16600 1.90966e-05 -1.62771e-14 8493 0
84 16800 1.90966e-05 -1.42933e-13 8493 0
85 17000 1.90966e-05 -1.16568e-12 8493 0
86 17200 1.90966e-05 -8.80374e-12 8493 0
87 17400 1.90966e-05 -6.13789e-11 8493 0
88 17600 1.90966e-05 -3.9365e-10 8493 0
89 17800 1.90966e-05 -2.31345e-09 8493 -7.41143e-13
90 18000 1.90966e-05 -1.24058e-08 8493 -3.78325e-12
91 18200 1.90966e-05 -6.04217e-08 8493 -1.88007e-11
92 18400 1.90966e-05 -2.65951e-07 8493 -8.37059e-11
93 18600 1.90966e-05 -1.05237e-06 8493 -3.40205e-10
94 18800 1.90966e-05 -3.72366e-06 8493 -1.24263e-09
95 19000 1.90966e-05 -1.17216e-05 8493 -4.06959e-09
96 19200 1.90966e-05 -3.26845e-05 8493 -1.19208e-08
97 19400 1.90966e-05 -8.05108e-05 8493 -1.17328e-08
98 19600 1.90966e-05 -0.000175195 8493 1.1635e-06
99 19800 5.85152e-05 -0.000345226 8493 0.00520561
