NTS LL(mkm)  STRESS(GPa)   VEL(m / s)  DENS(kg/m3)  ENERGY(J) 
0 801.517 11.8243 400 9635 -77595.5
1 977.812 11.8242 399.957 9634.99 -77720.1
2 1154.11 11.8241 399.915 9634.98 -77767.1
3 1330.4 11.8239 399.871 9634.97 -77785.6
4 1506.7 11.8236 399.827 9634.95 -77782.1
5 1682.99 11.8232 399.782 9634.93 -77797.4
6 1859.29 11.8227 399.736 9634.9 -77789.5
7 2035.59 11.8221 399.69 9634.87 -77792.1
8 2211.88 11.8212 399.643 9634.82 -77793.1
9 2388.18 11.8201 399.595 9634.75 -77778.7
10 2564.48 11.8184 399.541 9634.65 -77767.4
11 2740.78 11.8156 399.473 9634.49 -77753.3
12 2917.09 11.8106 399.378 9634.2 -77721.4
13 3093.4 11.8001 399.239 9633.59 -77642.8
14 3269.72 11.7763 399.039 9632.21 -77465
15 3446.06 11.7219 398.701 9629.06 -77065.7
16 3622.46 11.6009 397.934 9622.05 -76186.3
17 3799 11.3383 395.886 9606.9 -74312.1
18 3975.81 10.772 390.63 9574.49 -70415
19 4153.22 9.5118 378.381 9503.54 -62514.3
20 4331.95 10.6381 351.66 9364.4 -49532.9
21 4513.34 10.6507 344.485 9365.28 -49640.5
22 4694.71 10.5997 341.479 9361.93 -49235.4
23 4876.15 10.5366 339.894 9357.82 -48740.4
24 5057.66 10.4486 338.432 9352.12 -48056.8
25 5239.29 10.3272 336.462 9344.27 -47124.2
26 5421.07 10.1637 333.694 9333.75 -45888.7
27 5603.06 9.95045 329.926 9319.99 -44298
28 5785.31 9.67458 324.932 9302.27 -42292.9
29 5967.91 9.32306 318.434 9279.8 -39822
30 6150.95 8.88092 310.1 9251.68 -36841.9
31 6334.55 8.32987 299.55 9216.9 -33333
32 6518.84 7.65155 286.349 9174.34 -29313.7
33 6703.99 6.82021 269.993 9122.78 -24858.1
34 6890.18 5.81083 249.871 9060.86 -20131.5
35 7077.65 4.59281 225.229 8987.24 -15433.4
36 7266.65 3.49778 195.258 8902.5 -11263.9
37 7457.45 2.99243 163.946 8826.97 -8146.54
38 7649.88 2.55791 137.169 8763.54 -5872.22
39 7843.71 2.18282 114.302 8710.03 -4211.78
40 8038.73 1.8612 94.657 8664.97 -3004.88
41 8234.76 1.49307 77.3544 8626.74 -2133.76
42 8431.66 2.26292 60.0532 8592.31 -1541.75
43 8629.34 2.1986 56.4886 8589.44 -1455
44 8827.1 2.14026 54.5591 8586.83 -1378.52
45 9024.91 2.0766 53.1451 8584 -1297.43
46 9222.79 2.00356 51.6896 8580.75 -1207.47
47 9420.75 1.92113 50.0151 8577.09 -1109.82
48 9618.79 1.83025 48.0999 8573.05 -1006.88
49 9816.92 1.7319 45.9632 8568.69 -901.297
50 10015.2 1.62756 43.6323 8564.07 -795.67
51 10213.5 1.51872 41.1374 8559.26 -692.492
52 10411.9 1.40684 38.5132 8554.33 -593.985
53 10610.5 1.29364 35.7973 8549.34 -501.997
54 10809.2 1.18061 33.0292 8544.38 -417.929
55 11008 1.06932 30.2483 8539.49 -342.692
56 11206.9 0.961101 27.4926 8534.75 -276.726
57 11405.9 0.857212 24.7977 8530.21 -220.038
58 11605.1 0.758604 22.1954 8525.91 -172.271
59 11804.3 0.666147 19.7129 8521.88 -132.794
60 12003.6 0.580479 17.3725 8518.14 -100.781
61 12203 0.501846 15.1911 8514.72 -75.3036
62 12402.5 0.43049 13.1804 8511.63 -55.3974
63 12602.1 0.366421 11.3469 8508.85 -40.1248
64 12801.7 0.309488 9.69267 8506.38 -28.6151
65 13001.4 0.259382 8.21543 8504.21 -20.0941
66 13201.1 0.215716 6.90947 8502.32 -13.8947
67 13400.9 0.178022 5.76641 8500.69 -9.46167
68 13600.7 0.145831 4.77543 8499.29 -6.34535
69 13800.6 0.118515 3.92453 8498.11 -4.19119
70 14000.4 0.0956046 3.20074 8497.12 -2.72695
71 14200.3 0.0765499 2.59063 8496.3 -1.74779
72 14400.3 0.0608009 2.08101 8495.62 -1.1036
73 14600.2 0.0479645 1.65913 8495.07 -0.686627
74 14800.2 0.0375688 1.31291 8494.62 -0.420946
75 15000.1 0.0292203 1.03119 8494.26 -0.254313
76 15200.1 0.0225255 0.80396 8493.97 -0.151439
77 15400.1 0.0172482 0.622151 8493.74 -0.0889087
78 15600.1 0.0131524 0.477974 8493.57 -0.0514506
79 15800 0.00992286 0.364495 8493.43 -0.0293592
80 16000 0.00748101 0.275893 8493.32 -0.0165207
81 16200 0.00551176 0.207305 8493.24 -0.00917045
82 16400 0.00409388 0.154592 8493.18 -0.00502218
83 16600 0.00299109 0.114421 8493.13 -0.00271362
84 16800 0.00220337 0.0840212 8493.09 -0.00144723
85 17000 0.00157319 0.0611873 8493.07 -0.000762194
86 17200 0.00117933 0.0441854 8493.05 -0.00039633
87 17400 0.000864242 0.0315994 8493.03 -0.000203578
88 17600 0.000627924 0.0223522 8493.02 -0.000103365
89 17800 0.000391606 0.0155899 8493.02 -5.19472e-05
90 18000 0.000312834 0.0106818 8493.01 -2.59463e-05
91 18200 0.000234061 0.00718754 8493.01 -1.28149e-05
92 18400 0.000155296 0.00464756 8493 -6.30181e-06
93 18600 7.63863e-05 0.00301651 8493 -2.95942e-06
94 18800 7.63863e-05 0.00155101 8493 -1.47756e-06
95 19000 7.63863e-05 0.00077638 8493 -7.35291e-07
96 19200 7.63863e-05 0.000385038 8493 -3.67097e-07
97 19400 7.63863e-05 0.000189267 8493 6.22464e-09
98 19600 7.63863e-05 8.97088e-05 8493 2.11369e-06
99 19800 7.63863e-05 3.57502e-05 8493 0.00520892
