NTS LL(mkm)  STRESS(GPa)   VEL(m / s)  DENS(kg/m3)  ENERGY(J) 
0 600.244 11.7969 400 9633.4 -77392.9
1 776.568 11.7968 399.92 9633.4 -77517
2 952.892 11.7964 399.839 9633.38 -77562.9
3 1129.22 11.796 399.758 9633.35 -77579.5
4 1305.54 11.7952 399.674 9633.31 -77572.4
5 1481.87 11.7937 399.586 9633.22 -77579.5
6 1658.19 11.7903 399.496 9633.03 -77550.7
7 1834.53 11.7825 399.401 9632.57 -77500.2
8 2010.86 11.7644 399.267 9631.52 -77373.8
9 2187.22 11.7243 398.959 9629.19 -77073.8
10 2363.62 11.6377 398.116 9624.18 -76443.4
11 2540.12 11.4475 396.055 9613.19 -75078.9
12 2716.81 11.0088 391.882 9588 -72015.8
13 2893.97 9.96198 384.743 9528.7 -65209.9
14 3072.23 7.46125 371.497 9391.46 -51855.2
15 3253.1 10.5465 333.985 9358.49 -48817
16 3434.6 10.5042 340.68 9355.74 -48486.1
17 3616.16 10.3642 338.863 9346.68 -47405
18 3797.89 10.1739 335.622 9334.41 -45963.2
19 3979.86 9.91998 331.231 9318.03 -44071.9
20 4162.16 9.58385 325.363 9296.47 -41644.5
21 4344.87 9.14835 317.55 9268.68 -38625.1
22 4528.13 8.59376 307.316 9233.55 -34985.3
23 4712.09 7.90088 294.174 9189.95 -30750.1
24 4896.92 7.04554 277.586 9136.7 -26012.4
25 5082.83 6.00296 256.935 9072.57 -20969.6
26 5270.06 4.74542 231.5 8996.39 -15959.1
27 5458.87 3.53513 200.59 8908.15 -11512.7
28 5649.55 3.00415 167.444 8828.64 -8209.23
29 5841.94 2.54898 139.103 8762.27 -5829.56
30 6035.8 2.1603 115.021 8706.83 -4120.1
31 6230.88 1.82879 94.6039 8660.48 -2894.63
32 6427.02 1.41243 77.0026 8620.8 -2018.67
33 6624.05 2.23201 59.1719 8590.93 -1499.48
34 6821.77 2.14291 55.7602 8586.95 -1381.71
35 7019.58 2.04947 53.5281 8582.79 -1263.4
36 7217.49 1.94336 51.3848 8578.07 -1135.55
37 7415.51 1.82517 48.9454 8572.83 -1001.18
38 7613.65 1.69754 46.1784 8567.17 -865.632
39 7811.91 1.56334 43.1457 8561.24 -733.792
40 8010.32 1.42545 39.9183 8555.15 -609.679
41 8208.87 1.28652 36.5663 8549.03 -496.378
42 8407.56 1.14929 33.1589 8543 -395.935
43 8606.39 1.0162 29.7633 8537.17 -309.378
44 8805.35 0.889287 26.4416 8531.61 -236.797
45 9004.45 0.770217 23.2491 8526.41 -177.535
46 9203.66 0.660181 20.2313 8521.61 -130.38
47 9402.99 0.560058 17.4238 8517.26 -93.7956
48 9602.42 0.470258 14.8513 8513.35 -66.1049
49 9801.94 0.390872 12.5288 8509.91 -45.6449
50 10001.5 0.321521 10.4614 8506.9 -30.883
51 10201.2 0.2619 8.64631 8504.31 -20.4768
52 10401 0.211153 7.07375 8502.12 -13.3071
53 10600.7 0.168499 5.72913 8500.28 -8.47694
54 10800.6 0.133236 4.59372 8498.75 -5.29425
55 11000.4 0.104265 3.64677 8497.5 -3.24227
56 11200.3 0.080802 2.86658 8496.49 -1.94739
57 11400.2 0.0620609 2.2313 8495.67 -1.14734
58 11600.2 0.047177 1.71989 8495.03 -0.663176
59 11800.1 0.035521 1.3131 8494.53 -0.376133
60 12000.1 0.0265424 0.992806 8494.14 -0.209388
61 12200.1 0.0196112 0.743607 8493.84 -0.114423
62 12400 0.0143339 0.551641 8493.62 -0.0614
63 12600 0.0103955 0.405373 8493.45 -0.0323604
64 12800 0.00748101 0.29514 8493.32 -0.0167544
65 13000 0.00535422 0.212871 8493.23 -0.0085248
66 13200 0.0037788 0.15205 8493.16 -0.00426441
67 13400 0.002676 0.107583 8493.11 -0.00209797
68 13600 0.00180951 0.0753504 8493.08 -0.00101588
69 13800 0.0012581 0.0521975 8493.05 -0.000484951
70 14000 0.000864242 0.035789 8493.04 -0.000228199
71 14200 0.000627924 0.0242532 8493.02 -0.000105776
72 14400 0.000391606 0.0161106 8493.02 -4.87566e-05
73 14600 0.000312834 0.0106426 8493.01 -2.19255e-05
74 14800 0.000155296 0.00673201 8493.01 -9.8767e-06
75 15000 0.000155296 0.00402724 8493 -4.58463e-06
76 15200 7.63863e-05 0.00239867 8493 -2.08755e-06
77 15400 7.63863e-05 0.00113226 8493 -1.00341e-06
78 15600 7.63863e-05 0.00054475 8493 -4.82099e-07
79 15800 7.63863e-05 0.000262518 8493 -2.30892e-07
80 16000 7.63863e-05 0.000126033 8493 -1.10278e-07
81 16200 7.63863e-05 6.03248e-05 8493 -5.25451e-08
82 16400 7.63863e-05 2.88045e-05 8493 -2.49752e-08
83 16600 7.63863e-05 1.37215e-05 8493 -1.18448e-08
84 16800 7.63863e-05 6.52055e-06 8493 -5.60102e-09
85 17000 7.63863e-05 3.09082e-06 8493 -2.64098e-09
86 17200 7.63863e-05 1.46134e-06 8493 -1.24209e-09
87 17400 7.63863e-05 6.89121e-07 8493 -5.84456e-10
88 17600 7.63863e-05 3.2411e-07 8493 -2.73193e-10
89 17800 7.63863e-05 1.52029e-07 8493 -1.27313e-10
90 18000 7.63863e-05 7.11175e-08 8493 -5.92876e-11
91 18200 7.63863e-05 3.31764e-08 8493 -2.76154e-11
92 18400 7.63863e-05 1.54335e-08 8493 -1.24824e-11
93 18600 7.63863e-05 7.15923e-09 8493 -6.86533e-12
94 18800 7.63863e-05 3.31129e-09 8493 -1.24824e-12
95 19000 7.63863e-05 1.52673e-09 8493 0
96 19200 7.63863e-05 7.01053e-10 8493 0
97 19400 7.63863e-05 3.19184e-10 8493 1.92327e-07
98 19600 7.63863e-05 1.40945e-10 8493 2.21401e-06
99 19800 7.63863e-05 5.32678e-11 8493 0.00520837
