NTS LL(mkm)  STRESS(GPa)   VEL(m / s)  DENS(kg/m3)  ENERGY(J) 
0 402.81 11.7503 400 9630.71 -77050.3
1 579.183 11.7488 399.892 9630.61 -77163.4
2 755.558 11.7435 399.729 9630.31 -77172.9
3 931.939 11.7274 399.454 9629.37 -77075
4 1108.34 11.6798 399.014 9626.61 -76725.5
5 1284.79 11.5496 398.29 9619.09 -75799.7
6 1461.37 11.2263 396.676 9600.47 -73499.1
7 1638.3 10.4761 392.026 9557.68 -68447.9
8 1816.02 8.77526 378.894 9462.81 -58362.8
9 1995.52 10.4815 345.971 9354.25 -48296.9
10 2177.11 10.3184 340.336 9343.72 -47046.8
11 2358.9 10.0493 336.077 9326.34 -45020.2
12 2541.03 9.65838 330.321 9301.28 -42174.8
13 2723.65 9.12536 321.676 9267.2 -38464.1
14 2906.94 8.42658 309.443 9222.97 -33925.2
15 3091.11 7.54185 293.069 9167.51 -28690.6
16 3276.4 6.44836 271.952 9099.85 -23021.5
17 3463.06 5.12274 245.48 9019.12 -17337.6
18 3651.39 3.643 213.188 8924.51 -12250.3
19 3841.72 3.05317 176.218 8835.9 -8491.31
20 4033.96 2.55432 144.443 8763.05 -5853.79
21 4227.8 2.13368 117.521 8703.09 -4013.14
22 4422.97 1.78087 95.0925 8653.85 -2734.19
23 4619.25 1.28114 76.654 8611.12 -1842.65
24 4816.51 2.1655 58.0594 8587.96 -1410.68
25 5014.3 2.01689 54.6416 8581.34 -1223.01
26 5212.24 1.84811 51.3004 8573.84 -1026.18
27 5410.35 1.66599 47.3853 8565.77 -833.336
28 5608.65 1.47862 43.0331 8557.49 -655.899
29 5807.15 1.29215 38.4666 8549.28 -500.57
30 6005.83 1.11201 33.8575 8541.37 -370.451
31 6204.7 0.942445 29.3442 8533.94 -265.872
32 6403.74 0.786615 25.0436 8527.13 -185.089
33 6602.94 0.646677 21.0478 8521.02 -125.015
34 6802.28 0.523687 17.4224 8515.67 -81.9486
35 7001.75 0.417914 14.2054 8511.08 -52.1505
36 7201.32 0.328598 11.4108 8507.2 -32.2294
37 7400.99 0.254662 9.03145 8504 -19.3499
38 7600.73 0.194549 7.04455 8501.4 -11.2899
39 7800.53 0.146539 5.41608 8499.33 -6.40392
40 8000.38 0.108832 4.10509 8497.7 -3.53271
41 8200.27 0.0797783 3.06792 8496.44 -1.89596
42 8400.19 0.0576509 2.26119 8495.49 -0.990309
43 8600.13 0.0411128 1.64372 8494.77 -0.503639
44 8800.09 0.0289052 1.17882 8494.25 -0.249471
45 9000.06 0.0200838 0.834096 8493.87 -0.120416
46 9200.04 0.0137825 0.582428 8493.59 -0.0566556
47 9400.03 0.00937148 0.401294 8493.4 -0.0260027
48 9600.02 0.00622069 0.272937 8493.27 -0.0116454
49 9800.01 0.00417266 0.183175 8493.18 -0.00509482
50 10000 0.002676 0.121347 8493.12 -0.00217859
51 10200 0.00173074 0.0792985 8493.07 -0.000912111
52 10400 0.00110056 0.0510887 8493.05 -0.000374737
53 10600 0.000706697 0.0324097 8493.03 -0.000151501
54 10800 0.000470379 0.0202149 8493.02 -6.05295e-05
55 11000 0.000312834 0.0123344 8493.01 -2.40438e-05
56 11200 0.000155296 0.00736232 8493.01 -9.47404e-06
57 11400 0.000155296 0.00421736 8493 -3.63337e-06
58 11600 7.63863e-05 0.00204404 8493 -1.6781e-06
59 11800 7.63863e-05 0.00095488 8493 -7.63816e-07
60 12000 7.63863e-05 0.000437001 8493 -3.45156e-07
61 12200 7.63863e-05 0.000198144 8493 -1.55278e-07
62 12400 7.63863e-05 8.94156e-05 8493 -6.95827e-08
63 12600 7.63863e-05 4.01956e-05 8493 -3.10549e-08
64 12800 7.63863e-05 1.79982e-05 8493 -1.38027e-08
65 13000 7.63863e-05 8.02577e-06 8493 -6.10762e-09
66 13200 7.63863e-05 3.5637e-06 8493 -2.69145e-09
67 13400 7.63863e-05 1.57553e-06 8493 -1.18101e-09
68 13600 7.63863e-05 6.93466e-07 8493 -5.15027e-10
69 13800 7.63863e-05 3.03846e-07 8493 -2.24046e-10
70 14000 7.63863e-05 1.32519e-07 8493 -9.6966e-11
71 14200 7.63863e-05 5.7527e-08 8493 -4.16562e-11
72 14400 7.63863e-05 2.48544e-08 8493 -1.78645e-11
73 14600 7.63863e-05 1.06868e-08 8493 -7.72253e-12
74 14800 7.63863e-05 4.57273e-09 8493 -3.27663e-12
75 15000 7.63863e-05 1.94699e-09 8493 -1.09221e-12
76 15200 7.63863e-05 8.24865e-10 8493 0
77 15400 7.63863e-05 3.47701e-10 8493 0
78 15600 7.63863e-05 1.45816e-10 8493 0
79 15800 7.63863e-05 6.08353e-11 8493 0
80 16000 7.63863e-05 2.52479e-11 8493 0
81 16200 7.63863e-05 1.0423e-11 8493 0
82 16400 7.63863e-05 4.27984e-12 8493 0
83 16600 7.63863e-05 1.74787e-12 8493 0
84 16800 7.63863e-05 7.09921e-13 8493 0
85 17000 7.63863e-05 2.86756e-13 8493 0
86 17200 7.63863e-05 1.15184e-13 8493 0
87 17400 7.63863e-05 4.60078e-14 8493 0
88 17600 7.63863e-05 1.8273e-14 8493 0
89 17800 7.63863e-05 7.21621e-15 8493 0
90 18000 7.63863e-05 2.83344e-15 8493 0
91 18200 7.63863e-05 1.10613e-15 8493 0
92 18400 7.63863e-05 4.2931e-16 8493 0
93 18600 7.63863e-05 1.65681e-16 8493 0
94 18800 7.63863e-05 6.36039e-17 8493 0
95 19000 7.63863e-05 2.44117e-17 8493 0
96 19200 7.63863e-05 9.67267e-18 8493 0
97 19400 7.63863e-05 4.75621e-18 8493 1.92327e-07
98 19600 7.63863e-05 1.72167e-12 8493 2.21401e-06
99 19800 7.63863e-05 1.06405e-12 8493 0.00520777
