NTS LL(mkm)  STRESS(GPa)   VEL(m / s)  DENS(kg/m3)  ENERGY(J) 
0 603.864 11.7976 400 9633.44 -77397.9
1 780.187 11.7974 399.92 9633.44 -77522.1
2 956.511 11.7972 399.84 9633.42 -77568
3 1132.83 11.7967 399.759 9633.39 -77584.7
4 1309.16 11.7959 399.677 9633.35 -77577.7
5 1485.48 11.7944 399.594 9633.26 -77584.9
6 1661.81 11.7912 399.512 9633.07 -77556.5
7 1838.14 11.7837 399.422 9632.64 -77508.9
8 2014.48 11.7671 399.279 9631.68 -77394.4
9 2190.83 11.7316 398.934 9629.62 -77127.3
10 2367.23 11.6543 398.08 9625.14 -76564.3
11 2543.7 11.4791 396.267 9615.02 -75305.1
12 2720.36 11.0634 393.007 9591.13 -72391
13 2897.46 10.0775 387.192 9535.19 -65925
14 3075.6 7.79718 373.566 9409.54 -53414.3
15 3256.12 10.5026 334.941 9355.62 -48472.3
16 3437.68 10.5149 340.113 9356.44 -48569.8
17 3619.23 10.3865 338.921 9348.09 -47573.1
18 3800.93 10.205 336.084 9336.39 -46195.4
19 3982.87 9.96093 331.93 9320.69 -44376.4
20 4165.1 9.63863 326.302 9300 -42036.3
21 4347.75 9.22042 318.809 9273.27 -39115.6
22 4530.92 8.6872 308.988 9239.41 -35578.6
23 4714.76 8.01801 296.347 9197.29 -31440.7
24 4899.45 7.19158 280.349 9145.74 -26782.1
25 5085.18 6.18223 260.389 9083.55 -21780.6
26 5272.17 4.96284 235.815 9009.49 -16742.6
27 5460.71 3.62856 206.051 8922.31 -12150.2
28 5651.08 3.0846 172.353 8840.56 -8673.7
29 5843.22 2.61812 143.384 8772.26 -6165.08
30 6036.85 2.21962 118.675 8715.23 -4362.13
31 6231.75 1.88079 97.5642 8667.69 -3072.58
32 6427.72 1.50906 79.1255 8627.92 -2158.2
33 6624.6 2.26557 61.0391 8592.43 -1545.16
34 6822.28 2.16464 56.8379 8587.92 -1409.97
35 7020.07 2.06888 54.1355 8583.66 -1287.6
36 7217.96 1.96473 51.8498 8579.02 -1160.76
37 7415.95 1.84929 49.4352 8573.9 -1027.9
38 7614.07 1.72409 46.7372 8568.34 -892.965
39 7812.31 1.59171 43.7699 8562.49 -760.689
40 8010.68 1.45493 40.594 8556.45 -635.246
41 8209.2 1.31657 37.2783 8550.36 -519.919
42 8407.86 1.17936 33.8921 8544.32 -416.966
43 8606.66 1.04574 30.5028 8538.46 -327.63
44 8805.59 0.917749 27.1734 8532.86 -252.201
45 9004.66 0.797127 23.96 8527.59 -190.189
46 9203.85 0.685301 20.9103 8522.71 -140.506
47 9403.15 0.58315 18.0617 8518.26 -101.693
48 9602.56 0.49116 15.4415 8514.26 -72.1125
49 9802.06 0.409503 13.0665 8510.71 -50.1046
50 10001.6 0.337956 10.9443 8507.61 -34.1153
51 10201.3 0.276138 9.07396 8504.93 -22.7652
52 10401 0.223349 7.44734 8502.65 -14.8903
53 10600.8 0.178888 6.05116 8500.72 -9.5478
54 10800.6 0.141816 4.86781 8499.12 -6.00263
55 11000.5 0.111351 3.87711 8497.81 -3.70069
56 11200.4 0.0866287 3.05788 8496.74 -2.23773
57 11400.3 0.0667069 2.38822 8495.88 -1.32736
58 11600.2 0.0508784 1.84714 8495.19 -0.772463
59 11800.1 0.0384351 1.41501 8494.66 -0.441157
60 12000.1 0.0288265 1.07359 8494.24 -0.247293
61 12200.1 0.021344 0.806927 8493.92 -0.136083
62 12400.1 0.0156729 0.600774 8493.68 -0.0735306
63 12600 0.0114195 0.443039 8493.49 -0.0390239
64 12800 0.00826871 0.323738 8493.35 -0.0203451
65 13000 0.00590561 0.234319 8493.25 -0.0104255
66 13200 0.00417266 0.168034 8493.18 -0.00525089
67 13400 0.00299109 0.119359 8493.13 -0.00260034
68 13600 0.00204582 0.0838903 8493.09 -0.00126811
69 13800 0.00141565 0.0583877 8493.06 -0.000609178
70 14000 0.00102179 0.0402513 8493.04 -0.00028793
71 14200 0.000706697 0.0273438 8493.03 -0.000134519
72 14400 0.000470379 0.0183049 8493.02 -6.23439e-05
73 14600 0.000312834 0.0120877 8493.01 -2.85775e-05
74 14800 0.000234061 0.00779107 8493.01 -1.29937e-05
75 15000 0.000155296 0.00479408 8493 -5.97816e-06
76 15200 7.63863e-05 0.00294597 8493 -2.65283e-06
77 15400 7.63863e-05 0.00144027 8493 -1.2752e-06
78 15600 7.63863e-05 0.000692849 8493 -6.12171e-07
79 15800 7.63863e-05 0.000332946 8493 -2.93543e-07
80 16000 7.63863e-05 0.000159972 8493 -1.40452e-07
81 16200 7.63863e-05 7.67134e-05 8493 -6.70367e-08
82 16400 7.63863e-05 3.66947e-05 8493 -3.19162e-08
83 16600 7.63863e-05 1.75089e-05 8493 -1.51617e-08
84 16800 7.63863e-05 8.3341e-06 8493 -7.18198e-09
85 17000 7.63863e-05 3.95719e-06 8493 -3.39238e-09
86 17200 7.63863e-05 1.87423e-06 8493 -1.59891e-09
87 17400 7.63863e-05 8.85408e-07 8493 -7.52959e-10
88 17600 7.63863e-05 4.17188e-07 8493 -3.52609e-10
89 17800 7.63863e-05 1.96051e-07 8493 -1.6507e-10
90 18000 7.63863e-05 9.18845e-08 8493 -7.7075e-11
91 18200 7.63863e-05 4.29468e-08 8493 -3.5885e-11
92 18400 7.63863e-05 2.00179e-08 8493 -1.65392e-11
93 18600 7.63863e-05 9.30437e-09 8493 -7.48945e-12
94 18800 7.63863e-05 4.31221e-09 8493 -3.58869e-12
95 19000 7.63863e-05 1.99232e-09 8493 0
96 19200 7.63863e-05 9.16757e-10 8493 0
97 19400 7.63863e-05 4.18251e-10 8493 1.92327e-07
98 19600 7.63863e-05 1.85043e-10 8493 2.21401e-06
99 19800 7.63863e-05 7.00346e-11 8493 0.00520838
