NTS LL(mkm)  STRESS(GPa)   VEL(m / s)  DENS(kg/m3)  ENERGY(J) 
0 604.347 11.7977 400 9633.45 -77398.6
1 780.67 11.7976 399.92 9633.44 -77522.7
2 956.993 11.7973 399.84 9633.43 -77568.7
3 1133.32 11.7968 399.759 9633.4 -77585.4
4 1309.64 11.796 399.677 9633.35 -77578.4
5 1485.97 11.7946 399.595 9633.27 -77585.6
6 1662.29 11.7913 399.514 9633.08 -77557.2
7 1838.62 11.7839 399.425 9632.65 -77510.1
8 2014.96 11.7676 399.279 9631.7 -77397.3
9 2191.32 11.7326 398.931 9629.67 -77134.4
10 2367.71 11.6564 398.08 9625.26 -76579.2
11 2544.18 11.4827 396.309 9615.23 -75331.3
12 2720.84 11.07 393.155 9591.51 -72436.3
13 2897.93 10.0931 387.442 9536.07 -66022.9
14 3076.06 7.84212 373.754 9411.97 -53628.3
15 3256.53 10.498 335.234 9355.31 -48435
16 3438.09 10.5163 340.036 9356.51 -48578.4
17 3619.64 10.3881 338.918 9348.27 -47593.8
18 3801.34 10.2089 336.138 9336.65 -46225.4
19 3983.27 9.96694 332.018 9321.03 -44416.1
20 4165.5 9.646 326.424 9300.46 -42087.5
21 4348.13 9.22994 318.973 9273.87 -39179.8
22 4531.29 8.69882 309.205 9240.18 -35656.4
23 4715.12 8.03346 296.63 9198.25 -31531.7
24 4899.79 7.21081 280.709 9146.92 -26883.9
25 5085.49 6.20577 260.842 9084.99 -21888.4
26 5272.46 4.99159 236.384 9011.2 -16847.5
27 5460.96 3.64089 206.773 8924.22 -12237.2
28 5651.29 3.09542 173.009 8842.17 -8737.33
29 5843.39 2.62755 143.959 8773.62 -6211.16
30 6037 2.2278 119.164 8716.37 -4395.53
31 6231.87 1.88791 97.9577 8668.68 -3097.32
32 6427.82 1.52207 79.4098 8628.88 -2177.65
33 6624.67 2.27055 61.2958 8592.65 -1552.01
34 6822.35 2.16783 56.9961 8588.06 -1414.18
35 7020.14 2.07161 54.228 8583.78 -1290.98
36 7218.02 1.96761 51.9167 8579.15 -1164.13
37 7416.01 1.85248 49.501 8574.04 -1031.44
38 7614.12 1.7276 46.8108 8568.5 -896.596
39 7812.36 1.59538 43.8519 8562.65 -764.279
40 8010.73 1.45884 40.6831 8556.62 -638.673
41 8209.25 1.32056 37.3725 8550.53 -523.087
42 8407.9 1.18335 33.9894 8544.5 -419.807
43 8606.7 1.04966 30.6012 8538.63 -330.106
44 8805.63 0.921512 27.2709 8533.02 -254.299
45 9004.69 0.800736 24.0551 8527.74 -191.919
46 9203.87 0.688677 21.0012 8522.86 -141.895
47 9403.17 0.586291 18.1474 8518.4 -102.781
48 9602.58 0.493988 15.5209 8514.38 -72.9437
49 9802.07 0.412018 13.139 8510.82 -50.724
50 10001.7 0.340158 11.0095 8507.71 -34.566
51 10201.3 0.278026 9.13187 8505.01 -23.0856
52 10401 0.225001 7.49808 8502.72 -15.1128
53 10600.8 0.180304 6.09495 8500.78 -9.69889
54 10800.6 0.142997 4.90519 8499.17 -6.10296
55 11000.5 0.112374 3.9086 8497.85 -3.76587
56 11200.4 0.087416 3.08406 8496.77 -2.27918
57 11400.3 0.0673369 2.40976 8495.9 -1.35315
58 11600.2 0.0514296 1.86462 8495.22 -0.788193
59 11800.1 0.0389076 1.42907 8494.68 -0.450549
60 12000.1 0.0291415 1.08473 8494.25 -0.252793
61 12200.1 0.0215803 0.815706 8493.93 -0.139235
62 12400.1 0.0159092 0.607576 8493.68 -0.0753044
63 12600 0.011577 0.44829 8493.5 -0.0400003
64 12800 0.00834748 0.327689 8493.36 -0.0208757
65 13000 0.00598438 0.237323 8493.26 -0.0107071
66 13200 0.00425143 0.170273 8493.18 -0.00539748
67 13400 0.00299109 0.120985 8493.13 -0.0026761
68 13600 0.0021246 0.0851312 8493.09 -0.00130545
69 13800 0.00141565 0.0592576 8493.06 -0.000627564
70 14000 0.00102179 0.0408322 8493.04 -0.000297349
71 14200 0.000706697 0.0277891 8493.03 -0.000139086
72 14400 0.000470379 0.0186342 8493.02 -6.44395e-05
73 14600 0.000312834 0.0123096 8493.01 -2.95426e-05
74 14800 0.000234061 0.0079225 8493.01 -1.34929e-05
75 15000 0.000155296 0.00491518 8493 -6.18457e-06
76 15200 7.63863e-05 0.0030218 8493 -2.73542e-06
77 15400 7.63863e-05 0.00148377 8493 -1.31633e-06
78 15600 7.63863e-05 0.000715139 8493 -6.32014e-07
79 15800 7.63863e-05 0.000343716 8493 -3.03081e-07
80 16000 7.63863e-05 0.000165142 8493 -1.45042e-07
81 16200 7.63863e-05 7.92047e-05 8493 -6.92433e-08
82 16400 7.63863e-05 3.7895e-05 8493 -3.29742e-08
83 16600 7.63863e-05 1.80857e-05 8493 -1.56678e-08
84 16800 7.63863e-05 8.61057e-06 8493 -7.42335e-09
85 17000 7.63863e-05 4.08938e-06 8493 -3.50721e-09
86 17200 7.63863e-05 1.93728e-06 8493 -1.65352e-09
87 17400 7.63863e-05 9.15411e-07 8493 -7.7886e-10
88 17600 7.63863e-05 4.31428e-07 8493 -3.64777e-10
89 17800 7.63863e-05 2.02793e-07 8493 -1.70843e-10
90 18000 7.63863e-05 9.5068e-08 8493 -7.95715e-11
91 18200 7.63863e-05 4.44461e-08 8493 -3.71332e-11
92 18400 7.63863e-05 2.07221e-08 8493 -1.71633e-11
93 18600 7.63863e-05 9.63422e-09 8493 -7.80151e-12
94 18800 7.63863e-05 4.46628e-09 8493 -3.90075e-12
95 19000 7.63863e-05 2.06407e-09 8493 0
96 19200 7.63863e-05 9.50033e-10 8493 0
97 19400 7.63863e-05 4.3355e-10 8493 1.92327e-07
98 19600 7.63863e-05 1.9186e-10 8493 2.21401e-06
99 19800 7.63863e-05 7.26284e-11 8493 0.00520838
