NTS LL(mkm)  STRESS(GPa)   VEL(m / s)  DENS(kg/m3)  ENERGY(J) 
0 602.899 11.7974 400 9633.43 -77396.6
1 779.222 11.7973 399.92 9633.43 -77520.7
2 955.546 11.797 399.84 9633.41 -77566.7
3 1131.87 11.7965 399.759 9633.38 -77583.4
4 1308.19 11.7958 399.676 9633.34 -77576.3
5 1484.52 11.7943 399.592 9633.25 -77583.5
6 1660.85 11.791 399.508 9633.06 -77555
7 1837.18 11.7834 399.418 9632.62 -77506.5
8 2013.51 11.7664 399.278 9631.63 -77388.7
9 2189.87 11.7296 398.942 9629.5 -77113
10 2366.27 11.6501 398.083 9624.9 -76533.6
11 2542.75 11.4714 396.191 9614.57 -75250.1
12 2719.42 11.05 392.704 9590.36 -72297.8
13 2896.53 10.0463 386.642 9533.43 -65731.2
14 3074.7 7.70702 373.148 9404.68 -52988.8
15 3255.32 10.5124 334.451 9356.31 -48554.5
16 3436.86 10.5119 340.266 9356.28 -48550.8
17 3618.41 10.3804 338.921 9347.73 -47530.4
18 3800.12 10.1964 335.973 9335.88 -46134.7
19 3982.06 9.95053 331.749 9319.99 -44296.3
20 4164.32 9.62451 326.056 9299.07 -41933.2
21 4346.98 9.20126 318.478 9272.06 -38986.4
22 4530.18 8.66265 308.549 9237.87 -35422
23 4714.05 7.98719 295.776 9195.36 -31258
24 4898.77 7.15337 279.623 9143.36 -26577.9
25 5084.55 6.13523 259.479 9080.66 -21564.7
26 5271.6 4.90546 234.672 9006.04 -16533.2
27 5460.21 3.60349 204.601 8918.51 -11977.5
28 5650.67 3.06267 171.04 8837.36 -8547.64
29 5842.88 2.59957 142.237 8769.57 -6073.87
30 6036.57 2.20363 117.698 8712.96 -4296.15
31 6231.52 1.86671 96.7767 8665.74 -3023.83
32 6427.53 1.48317 78.5581 8626.01 -2119.9
33 6624.45 2.25591 60.5309 8592 -1532
34 6822.14 2.15841 56.5312 8587.64 -1401.87
35 7019.94 2.06358 53.9586 8583.42 -1280.96
36 7217.83 1.95911 51.7197 8578.77 -1154.03
37 7415.83 1.84296 49.304 8573.61 -1020.81
38 7613.95 1.71706 46.5896 8568.03 -885.693
39 7812.2 1.5842 43.605 8562.16 -753.512
40 8010.59 1.44711 40.4151 8556.1 -628.404
41 8209.11 1.30859 37.0893 8550 -513.603
42 8407.78 1.17137 33.6972 8543.97 -411.308
43 8606.58 1.03783 30.3059 8538.11 -322.707
44 8805.53 0.910144 26.9782 8532.52 -248.037
45 9004.6 0.78991 23.7701 8527.27 -186.759
46 9203.8 0.67855 20.7286 8522.42 -137.754
47 9403.11 0.576945 17.8908 8517.99 -99.5417
48 9602.52 0.485581 15.2832 8514.02 -70.4718
49 9802.03 0.404472 12.9221 8510.5 -48.8835
50 10001.6 0.333553 10.8143 8507.42 -33.228
51 10201.3 0.272284 8.95873 8504.76 -22.1355
52 10401 0.220044 7.34654 8502.5 -14.4535
53 10600.8 0.176055 5.96418 8500.6 -9.25161
54 10800.6 0.139533 4.79367 8499.02 -5.80619
55 11000.5 0.109461 3.81467 8497.72 -3.57328
56 11200.3 0.0850539 3.00604 8496.67 -2.15679
57 11400.3 0.065447 2.34557 8495.82 -1.27705
58 11600.2 0.0498546 1.81253 8495.15 -0.741842
59 11800.1 0.0376475 1.38723 8494.62 -0.422897
60 12000.1 0.0281964 1.05158 8494.21 -0.236614
61 12200.1 0.0208714 0.789604 8493.9 -0.129969
62 12400.1 0.0153578 0.587346 8493.66 -0.0700966
63 12600 0.0111832 0.432734 8493.48 -0.0371313
64 12800 0.0080324 0.315881 8493.35 -0.0193234
65 13000 0.00574807 0.228435 8493.25 -0.00988283
66 13200 0.00409388 0.163638 8493.17 -0.00496839
67 13400 0.00283354 0.116103 8493.12 -0.00245643
68 13600 0.00196705 0.0815392 8493.08 -0.0011956
69 13800 0.00141565 0.0566919 8493.06 -0.000573153
70 14000 0.000943014 0.0389827 8493.04 -0.000270931
71 14200 0.000627924 0.0264956 8493.03 -0.000126307
72 14400 0.000470379 0.0177378 8493.02 -5.8238e-05
73 14600 0.000312834 0.0116404 8493.01 -2.6711e-05
74 14800 0.000234061 0.0075445 8493.01 -1.19974e-05
75 15000 0.000155296 0.00454379 8493 -5.58127e-06
76 15200 7.63863e-05 0.00279725 8493 -2.49288e-06
77 15400 7.63863e-05 0.00135512 8493 -1.19637e-06
78 15600 7.63863e-05 0.000649963 8493 -5.74331e-07
79 15800 7.63863e-05 0.000312413 8493 -2.75355e-07
80 16000 7.63863e-05 0.000150118 8493 -1.31695e-07
81 16200 7.63863e-05 7.19602e-05 8493 -6.28285e-08
82 16400 7.63863e-05 3.44047e-05 8493 -2.9899e-08
83 16600 7.63863e-05 1.64089e-05 8493 -1.41973e-08
84 16800 7.63863e-05 7.80704e-06 8493 -6.72203e-09
85 17000 7.63863e-05 3.70527e-06 8493 -3.17364e-09
86 17200 7.63863e-05 1.7541e-06 8493 -1.495e-09
87 17400 7.63863e-05 8.28265e-07 8493 -7.03813e-10
88 17600 7.63863e-05 3.90075e-07 8493 -3.2936e-10
89 17800 7.63863e-05 1.8322e-07 8493 -1.5415e-10
90 18000 7.63863e-05 8.58277e-08 8493 -7.177e-11
91 18200 7.63863e-05 4.00954e-08 8493 -3.33885e-11
92 18400 7.63863e-05 1.86791e-08 8493 -1.59151e-11
93 18600 7.63863e-05 8.6775e-09 8493 -6.86533e-12
94 18800 7.63863e-05 4.01952e-09 8493 -2.96457e-12
95 19000 7.63863e-05 1.85608e-09 8493 0
96 19200 7.63863e-05 8.53593e-10 8493 0
97 19400 7.63863e-05 3.89222e-10 8493 1.92327e-07
98 19600 7.63863e-05 1.72113e-10 8493 2.21401e-06
99 19800 7.63863e-05 6.51161e-11 8493 0.00520838
