NTS LL(mkm)  STRESS(GPa)   VEL(m / s)  DENS(kg/m3)  ENERGY(J) 
0 802.241 11.8244 400 9635 -77596
1 978.536 11.8243 399.958 9635 -77720.7
2 1154.83 11.8242 399.915 9634.99 -77767.7
3 1331.13 11.824 399.872 9634.98 -77786.2
4 1507.42 11.8237 399.828 9634.96 -77782.7
5 1683.72 11.8233 399.783 9634.94 -77797.9
6 1860.01 11.8228 399.737 9634.91 -77790.1
7 2036.31 11.8221 399.69 9634.87 -77792.7
8 2212.61 11.8213 399.644 9634.82 -77793.7
9 2388.9 11.8202 399.595 9634.75 -77779.4
10 2565.2 11.8184 399.542 9634.66 -77768.3
11 2741.5 11.8157 399.474 9634.5 -77754.5
12 2917.81 11.8108 399.379 9634.21 -77723.1
13 3094.12 11.8004 399.245 9633.61 -77645.3
14 3270.44 11.7769 399.052 9632.24 -77469.2
15 3446.78 11.7232 398.722 9629.13 -77075.3
16 3623.19 11.6044 397.952 9622.25 -76211.7
17 3799.71 11.3473 395.889 9607.42 -74375.7
18 3976.51 10.793 390.632 9575.68 -70555.1
19 4153.9 9.55765 378.482 9506.09 -62783.7
20 4332.59 10.6485 352.134 9365.08 -49615
21 4513.96 10.6558 344.829 9365.57 -49675.5
22 4695.33 10.6015 341.658 9362.09 -49253.9
23 4876.76 10.5383 339.974 9357.96 -48756.9
24 5058.28 10.4512 338.483 9352.31 -48078.7
25 5239.9 10.3313 336.523 9344.53 -47154.5
26 5421.68 10.1697 333.781 9334.1 -45929.3
27 5603.65 9.95765 330.048 9320.45 -44350.7
28 5785.9 9.68391 325.096 9302.87 -42359.7
29 5968.49 9.3348 318.651 9280.56 -39904.5
30 6151.51 8.896 310.381 9252.64 -36941.4
31 6335.09 8.34881 299.909 9218.09 -33449.8
32 6519.36 7.67466 286.801 9175.8 -29446.8
33 6704.48 6.84926 270.554 9124.56 -25004.1
34 6890.64 5.84573 250.558 9063.01 -20284
35 7078.06 4.63551 226.068 8989.81 -15580.1
36 7267.01 3.51557 196.309 8905.15 -11381
37 7457.75 3.0076 164.874 8829.2 -8232.28
38 7650.13 2.57084 137.968 8765.42 -5934.82
39 7843.92 2.19417 114.978 8711.62 -4257.71
40 8038.9 1.87121 95.2006 8666.36 -3039.41
41 8234.9 1.51173 77.747 8628.12 -2161.43
42 8431.77 2.26931 60.4117 8592.59 -1550.53
43 8629.45 2.20203 56.6997 8589.59 -1459.64
44 8827.2 2.14275 54.6675 8586.95 -1381.79
45 9025.01 2.07917 53.2104 8584.11 -1300.65
46 9222.89 2.00652 51.7489 8580.88 -1211.04
47 9420.84 1.92449 50.0822 8577.24 -1113.73
48 9618.87 1.83399 48.1776 8573.22 -1011.04
49 9817 1.73604 46.0512 8568.87 -905.593
50 10015.2 1.63202 43.7292 8564.27 -799.994
51 10213.6 1.52333 41.2422 8559.47 -696.738
52 10412 1.41169 38.6244 8554.54 -598.057
53 10610.6 1.29849 35.9134 8549.56 -505.815
54 10809.3 1.18555 33.1485 8544.59 -421.431
55 11008 1.07418 30.369 8539.71 -345.837
56 11207 0.965883 27.6131 8534.96 -279.491
57 11406 0.861839 24.9164 8530.41 -222.42
58 11605.1 0.762998 22.3107 8526.1 -174.283
59 11804.3 0.670308 19.8236 8522.06 -134.461
60 12003.6 0.584328 17.4776 8518.31 -102.136
61 12203 0.505381 15.2897 8514.88 -76.3833
62 12402.5 0.433791 13.2717 8511.77 -56.2424
63 12602.1 0.369409 11.4306 8508.97 -40.774
64 12801.7 0.312083 9.76864 8506.49 -29.1049
65 13001.4 0.261742 8.28359 8504.31 -20.4572
66 13201.1 0.217762 6.97008 8502.4 -14.1591
67 13400.9 0.179754 5.81973 8500.76 -9.65092
68 13600.7 0.147326 4.82187 8499.36 -6.47849
69 13800.6 0.119775 3.96461 8498.17 -4.28329
70 14000.5 0.0967069 3.235 8497.17 -2.7896
71 14200.4 0.0774161 2.6196 8496.34 -1.78972
72 14400.3 0.0615884 2.10538 8495.66 -1.13118
73 14600.2 0.0485945 1.67937 8495.1 -0.70449
74 14800.2 0.0380413 1.32959 8494.64 -0.432332
75 15000.1 0.0296141 1.04483 8494.28 -0.261454
76 15200.1 0.0228405 0.814999 8493.98 -0.155849
77 15400.1 0.0175633 0.631037 8493.75 -0.0915878
78 15600.1 0.0133099 0.484982 8493.57 -0.0530605
79 15800 0.0100804 0.370102 8493.43 -0.0303076
80 16000 0.00755978 0.280247 8493.32 -0.017073
81 16200 0.0056693 0.210739 8493.24 -0.00948541
82 16400 0.00417266 0.157211 8493.18 -0.00519993
83 16600 0.00306986 0.11641 8493.13 -0.00281296
84 16800 0.00228214 0.0855686 8493.1 -0.00150127
85 17000 0.00165196 0.0623302 8493.07 -0.000791473
86 17200 0.00117933 0.0450172 8493.05 -0.000412265
87 17400 0.000864242 0.032222 8493.03 -0.000212166
88 17600 0.000627924 0.0228199 8493.02 -0.000107909
89 17800 0.000391606 0.0159965 8493.02 -5.40371e-05
90 18000 0.000312834 0.0108916 8493.01 -2.7118e-05
91 18200 0.000234061 0.00735432 8493.01 -1.3449e-05
92 18400 0.000155296 0.00480776 8493 -6.57686e-06
93 18600 7.63863e-05 0.00311546 8493 -3.0803e-06
94 18800 7.63863e-05 0.00161061 8493 -1.54169e-06
95 19000 7.63863e-05 0.000809534 8493 -7.678e-07
96 19200 7.63863e-05 0.000402021 8493 -3.8338e-07
97 19400 7.63863e-05 0.000197635 8493 -2.05683e-09
98 19600 7.63863e-05 9.36754e-05 8493 2.1092e-06
99 19800 7.63863e-05 3.73339e-05 8493 0.00520892
