NTS LL(mkm)  STRESS(GPa)   VEL(m / s)  DENS(kg/m3)  ENERGY(J) 
0 839.888 11.8281 400 9635.21 -77623
1 1016.18 11.828 399.96 9635.21 -77747.7
2 1192.47 11.8279 399.921 9635.2 -77794.9
3 1368.76 11.8277 399.881 9635.19 -77813.7
4 1545.05 11.8274 399.841 9635.18 -77810.5
5 1721.34 11.8271 399.8 9635.16 -77826.1
6 1897.64 11.8267 399.76 9635.13 -77818.6
7 2073.93 11.8261 399.719 9635.1 -77822
8 2250.22 11.8254 399.676 9635.06 -77824.2
9 2426.51 11.8246 399.633 9635.01 -77812.3
10 2602.81 11.8235 399.587 9634.95 -77805.5
11 2779.1 11.8219 399.533 9634.86 -77800.2
12 2955.4 11.8194 399.467 9634.71 -77786.7
13 3131.7 11.8147 399.379 9634.44 -77750.4
14 3308.01 11.8045 399.263 9633.84 -77672.6
15 3484.32 11.7815 399.099 9632.51 -77502.9
16 3660.66 11.73 398.787 9629.53 -77127.2
17 3837.06 11.6184 397.992 9623.06 -76318.7
18 4013.57 11.3806 395.854 9609.34 -74610.3
19 4190.34 10.8646 390.584 9579.77 -71042.7
20 4367.65 9.71854 378.788 9515.07 -63738.2
21 4546.17 7.01759 356.257 9367.74 -49913.1
22 4727.49 7.00385 343.57 9367.01 -49850.8
23 4908.83 10.6256 342.381 9363.62 -49441
24 5090.23 10.5688 340.521 9359.93 -48994.2
25 5271.71 10.4951 339.091 9355.13 -48417.4
26 5453.28 10.3933 337.403 9348.57 -47633.4
27 5634.97 10.2564 335.091 9339.74 -46590.6
28 5816.84 10.0768 331.938 9328.13 -45235.3
29 5998.94 9.84327 327.739 9313.1 -43514.2
30 6181.32 9.54435 322.251 9293.96 -41370.7
31 6364.09 9.167 315.186 9269.87 -38755.5
32 6547.33 8.69479 306.2 9239.93 -35634.8
33 6731.16 8.1109 294.9 9203.1 -31996.9
34 6915.73 7.39268 280.833 9158.24 -27873.2
35 7101.2 6.51654 263.494 9104.07 -23356.5
36 7287.78 5.45278 242.306 9039.09 -18635.8
37 7475.69 4.16753 216.492 8961.8 -14053
38 7665.23 3.33755 184.894 8878.34 -10219.6
39 7856.55 2.85769 155.174 8807.11 -7399.78
40 8049.42 2.44424 129.792 8747.21 -5339.4
41 8243.6 2.08713 108.12 8696.53 -3831.1
42 8438.92 1.77825 89.6942 8653.5 -2726.61
43 8635.21 1.3353 73.8502 8615.11 -1913.47
44 8832.38 2.22142 57.0843 8590.46 -1485.55
45 9030.11 2.18443 55.0486 8588.81 -1436.3
46 9227.88 2.13519 54.0426 8586.61 -1372.08
47 9425.7 2.07527 52.9736 8583.94 -1295.78
48 9623.58 2.00543 51.6259 8580.83 -1209.75
49 9821.53 1.92683 50.0208 8577.34 -1116.42
50 10019.6 1.84023 48.1907 8573.49 -1017.97
51 10217.7 1.7465 46.1554 8569.34 -916.61
52 10415.9 1.64678 43.9348 8564.92 -814.661
53 10614.2 1.54248 41.554 8560.31 -714.408
54 10812.7 1.43483 39.0429 8555.56 -617.953
55 11011.2 1.32549 36.4351 8550.75 -527.09
56 11209.8 1.21577 33.7663 8545.92 -443.239
57 11408.6 1.10708 31.0727 8541.15 -367.4
58 11607.5 1.00084 28.3898 8536.49 -300.136
59 11806.5 0.898147 25.7511 8532 -241.618
60 12005.5 0.800109 23.1874 8527.72 -191.662
61 12204.7 0.707436 20.7258 8523.67 -149.798
62 12404 0.620923 18.3887 8519.9 -115.352
63 12603.4 0.54097 16.1945 8516.42 -87.5148
64 12802.8 0.467743 14.1561 8513.24 -65.414
65 13002.4 0.401485 12.2826 8510.37 -48.1728
66 13201.9 0.342046 10.5778 8507.79 -34.9524
67 13401.6 0.289195 9.04198 8505.5 -24.9872
68 13601.3 0.242783 7.67194 8503.49 -17.6008
69 13801.1 0.202261 6.46132 8501.73 -12.2166
70 14000.9 0.167318 5.40168 8500.22 -8.35609
71 14200.7 0.137329 4.48267 8498.93 -5.63248
72 14400.5 0.111981 3.69275 8497.83 -3.74198
73 14600.4 0.0906443 3.01998 8496.91 -2.45021
74 14800.3 0.0727703 2.45175 8496.14 -1.58148
75 15000.3 0.0580447 1.97614 8495.5 -1.00629
76 15200.2 0.0459956 1.5813 8494.98 -0.631306
77 15400.2 0.0361511 1.25636 8494.56 -0.390472
78 15600.1 0.0282751 0.991005 8494.22 -0.238176
79 15800.1 0.0218954 0.776232 8493.94 -0.143269
80 16000.1 0.0168544 0.603739 8493.73 -0.0849951
81 16200.1 0.0129161 0.466081 8493.56 -0.049747
82 16400 0.00984409 0.357424 8493.42 -0.0287259
83 16600 0.00740224 0.272108 8493.32 -0.0163675
84 16800 0.00559053 0.205753 8493.24 -0.00920272
85 17000 0.00417266 0.154394 8493.18 -0.00510682
86 17200 0.00306986 0.115028 8493.13 -0.00279789
87 17400 0.00228214 0.0850769 8493.1 -0.00151327
88 17600 0.00165196 0.0623526 8493.07 -0.00080912
89 17800 0.00117933 0.0453942 8493.05 -0.000427187
90 18000 0.000864242 0.0327117 8493.04 -0.000223123
91 18200 0.000627924 0.0233449 8493.03 -0.000115142
92 18400 0.000470379 0.0164724 8493.02 -5.86873e-05
93 18600 0.000312834 0.0113724 8493.01 -2.97765e-05
94 18800 0.000234061 0.00770511 8493.01 -1.50298e-05
95 19000 0.000155296 0.00516714 8493.01 -7.37277e-06
96 19200 7.63863e-05 0.00336562 8493 -3.47614e-06
97 19400 7.63863e-05 0.00175368 8493 -1.60925e-06
98 19600 7.63863e-05 0.000854384 8493 1.22884e-06
99 19800 7.63863e-05 0.000344082 8493 0.00520846
