NTS LL(mkm)  STRESS(GPa)   VEL(m / s)  DENS(kg/m3)  ENERGY(J) 
0 39.8106 8.27838 400 9177.31 -28338.1
1 224.897 4.97179 338.163 8977.61 -12423.2
2 414.101 1.76199 251.966 8788.26 -4485.44
3 607.382 0.926999 160.454 8647.34 -2122.16
4 803.812 1.84046 91.6955 8573.5 -1009.97
5 1001.93 1.01412 58.1016 8537.08 -305.268
6 1200.9 0.505849 33.209 8514.9 -75.6621
7 1400.39 0.229876 17.0877 8502.92 -15.5619
8 1600.15 0.0956799 7.96754 8497.13 -2.6922
9 1800.06 0.0368172 3.39198 8494.58 -0.396618
10 2000.02 0.0131884 1.32677 8493.56 -0.0503554
11 2200.01 0.00432681 0.479049 8493.19 -0.0056526
12 2400 0.00137288 0.160201 8493.06 -0.000585617
13 2600 0.000388239 0.0496301 8493.02 -6.34694e-05
14 2800 0.000190966 0.0139063 8493 -1.09887e-05
15 3000 0.000190966 0.00343982 8493 -2.55182e-06
16 3200 0.000190966 0.000807115 8493 -5.66349e-07
17 3400 0.000190966 0.000180913 8493 -1.2012e-07
18 3600 0.000190966 3.87203e-05 8493 -2.43443e-08
19 3800 0.000190966 7.91123e-06 8493 -4.71741e-09
20 4000 0.000190966 1.54409e-06 8493 -8.74501e-10
21 4200 0.000190966 2.88136e-07 8493 -1.55534e-10
22 4400 0.000190966 5.14488e-08 8493 -2.63277e-11
23 4600 0.000190966 8.79751e-09 8493 -4.29083e-12
24 4800 0.000190966 1.44181e-09 8493 -5.82705e-13
25 5000 0.000190966 2.26657e-10 8493 0
26 5200 0.000190966 3.42053e-11 8493 0
27 5400 0.000190966 4.95929e-12 8493 0
28 5600 0.000190966 6.91316e-13 8493 0
29 5800 0.000190966 9.27221e-14 8493 0
30 6000 0.000190966 1.19742e-14 8493 0
31 6200 0.000190966 1.48995e-15 8493 0
32 6400 0.000190966 1.78768e-16 8493 0
33 6600 0.000190966 2.06987e-17 8493 0
34 6800 0.000190966 2.27859e-18 8493 0
35 7000 0.000190966 2.5433e-19 8493 0
36 7200 0.000190966 1.05929e-20 8493 0
37 7400 0.000190966 0 8493 0
38 7600 0.000190966 0 8493 0
39 7800 0.000190966 0 8493 0
40 8000 0.000190966 0 8493 0
41 8200 0.000190966 0 8493 0
42 8400 0.000190966 0 8493 0
43 8600 0.000190966 0 8493 0
44 8800 0.000190966 0 8493 0
45 9000 0.000190966 0 8493 0
46 9200 0.000190966 0 8493 0
47 9400 0.000190966 0 8493 0
48 9600 0.000190966 0 8493 0
49 9800 0.000190966 0 8493 0
50 10000 0.000190966 0 8493 0
51 10200 0.000190966 0 8493 0
52 10400 0.000190966 0 8493 0
53 10600 0.000190966 0 8493 0
54 10800 0.000190966 0 8493 0
55 11000 0.000190966 0 8493 0
56 11200 0.000190966 0 8493 0
57 11400 0.000190966 0 8493 0
58 11600 0.000190966 0 8493 0
59 11800 0.000190966 0 8493 0
60 12000 0.000190966 0 8493 0
61 12200 0.000190966 0 8493 0
62 12400 0.000190966 0 8493 0
63 12600 0.000190966 0 8493 0
64 12800 0.000190966 0 8493 0
65 13000 0.000190966 0 8493 0
66 13200 0.000190966 0 8493 0
67 13400 0.000190966 0 8493 0
68 13600 0.000190966 0 8493 0
69 13800 0.000190966 0 8493 0
70 14000 0.000190966 0 8493 0
71 14200 0.000190966 0 8493 0
72 14400 0.000190966 0 8493 0
73 14600 0.000190966 0 8493 0
74 14800 0.000190966 0 8493 0
75 15000 0.000190966 0 8493 0
76 15200 0.000190966 0 8493 0
77 15400 0.000190966 0 8493 0
78 15600 0.000190966 0 8493 0
79 15800 0.000190966 0 8493 0
80 16000 0.000190966 0 8493 0
81 16200 0.000190966 0 8493 0
82 16400 0.000190966 0 8493 0
83 16600 0.000190966 0 8493 0
84 16800 0.000190966 0 8493 0
85 17000 0.000190966 0 8493 0
86 17200 0.000190966 0 8493 0
87 17400 0.000190966 0 8493 0
88 17600 0.000190966 0 8493 0
89 17800 0.000190966 0 8493 0
90 18000 0.000190966 0 8493 0
91 18200 0.000190966 0 8493 0
92 18400 0.000190966 0 8493 0
93 18600 0.000190966 0 8493 0
94 18800 0.000190966 0 8493 0
95 19000 0.000190966 0 8493 0
96 19200 0.000190966 0 8493 0
97 19400 0.000190966 0 8493 0
98 19600 0.000190966 0 8493 4.32651e-06
99 19800 0.000190966 1.28515e-05 8493 0.00520954
