NTS LL(mkm)  STRESS(GPa)   VEL(m / s)  DENS(kg/m3)  ENERGY(J) 
0 840.129 11.8281 400 9635.21 -77623.1
1 1016.42 11.828 399.96 9635.21 -77747.9
2 1192.71 11.8279 399.921 9635.2 -77795.1
3 1369 11.8277 399.881 9635.19 -77813.9
4 1545.29 11.8275 399.841 9635.18 -77810.6
5 1721.58 11.8271 399.801 9635.16 -77826.2
6 1897.88 11.8267 399.76 9635.13 -77818.8
7 2074.17 11.8261 399.719 9635.1 -77822.2
8 2250.46 11.8254 399.677 9635.06 -77824.4
9 2426.76 11.8246 399.633 9635.01 -77812.5
10 2603.05 11.8235 399.587 9634.95 -77805.8
11 2779.35 11.822 399.533 9634.86 -77800.4
12 2955.64 11.8195 399.467 9634.71 -77787
13 3131.94 11.8148 399.38 9634.44 -77750.8
14 3308.25 11.8046 399.266 9633.85 -77673.3
15 3484.56 11.7816 399.103 9632.52 -77504.2
16 3660.9 11.7305 398.792 9629.55 -77130.5
17 3837.3 11.6196 397.993 9623.14 -76327.5
18 4013.81 11.3837 395.849 9609.52 -74631.6
19 4190.57 10.8714 390.581 9580.15 -71088
20 4367.88 9.73121 378.888 9515.78 -63814
21 4546.38 7.02535 357.497 9368.15 -49945.8
22 4727.7 7.00502 343.903 9367.07 -49855.8
23 4909.03 10.6263 341.075 9363.66 -49445.5
24 5090.44 10.5697 340.554 9359.97 -48999.6
25 5271.91 10.4955 339.11 9355.18 -48423.7
26 5453.48 10.3947 337.421 9348.64 -47641.9
27 5635.18 10.2582 335.115 9339.84 -46602
28 5817.04 10.079 331.972 9328.26 -45250.3
29 5999.13 9.846 327.785 9313.27 -43533.3
30 6181.52 9.54797 322.312 9294.17 -41394.6
31 6364.28 9.1716 315.265 9270.15 -38784.7
32 6547.51 8.70066 306.302 9240.27 -35669.6
33 6731.34 8.11742 295.028 9203.52 -32037.4
34 6915.9 7.40117 280.994 9158.76 -27918.7
35 7101.36 6.52666 263.695 9104.69 -23405.5
36 7287.92 5.46472 242.552 9039.84 -18685.8
37 7475.82 4.18267 216.783 8962.7 -14099.7
38 7665.34 3.34312 185.242 8879.17 -10254.9
39 7856.64 2.86232 155.468 8807.81 -7425.57
40 8049.5 2.44836 130.045 8747.8 -5358.24
41 8243.67 2.09063 108.339 8697.03 -3844.77
42 8438.98 1.78134 89.8777 8653.92 -2736.64
43 8635.26 1.34127 73.9812 8615.56 -1921.43
44 8832.41 2.22267 57.1905 8590.51 -1487.18
45 9030.14 2.18505 55.0911 8588.83 -1437.09
46 9227.91 2.13589 54.0583 8586.64 -1372.89
47 9425.73 2.07605 52.9869 8583.97 -1296.77
48 9623.61 2.00636 51.6434 8580.87 -1210.89
49 9821.56 1.92792 50.0423 8577.38 -1117.67
50 10019.6 1.8414 48.2156 8573.54 -1019.3
51 10217.7 1.74782 46.1834 8569.4 -917.986
52 10415.9 1.64819 43.9656 8564.99 -816.053
53 10614.3 1.54396 41.5873 8560.38 -715.784
54 10812.7 1.4364 39.0783 8555.63 -619.281
55 11011.2 1.32705 36.4722 8550.81 -528.346
56 11209.9 1.21733 33.8046 8545.99 -444.402
57 11408.6 1.10865 31.1116 8541.22 -368.455
58 11607.5 1.00241 28.4288 8536.56 -301.074
59 11806.5 0.899637 25.7897 8532.07 -242.435
60 12005.6 0.801521 23.2251 8527.78 -192.361
61 12204.7 0.708849 20.7622 8523.74 -150.385
62 12404 0.622258 18.4235 8519.96 -115.836
63 12603.4 0.542149 16.2273 8516.48 -87.9067
64 12802.8 0.468843 14.1868 8513.29 -65.7255
65 13002.4 0.402507 12.311 8510.41 -48.4161
66 13202 0.342911 10.6037 8507.83 -35.1392
67 13401.6 0.289982 9.06549 8505.53 -25.1281
68 13601.3 0.243491 7.69298 8503.52 -17.7053
69 13801.1 0.20289 6.48003 8501.76 -12.2928
70 14000.9 0.167869 5.41811 8500.25 -8.41077
71 14200.7 0.137802 4.49701 8498.95 -5.67106
72 14400.5 0.112374 3.7051 8497.85 -3.76877
73 14600.4 0.0909592 3.03055 8496.92 -2.46853
74 14800.3 0.0730853 2.46075 8496.15 -1.59379
75 15000.3 0.0582809 1.98368 8495.51 -1.01445
76 15200.2 0.0462319 1.58758 8494.99 -0.636623
77 15400.2 0.0363086 1.26156 8494.57 -0.393886
78 15600.1 0.0283539 0.995248 8494.22 -0.240337
79 15800.1 0.0220529 0.779707 8493.95 -0.144613
80 16000.1 0.0169332 0.606525 8493.73 -0.0858209
81 16200.1 0.0129948 0.468308 8493.56 -0.0502466
82 16400 0.00984409 0.359182 8493.42 -0.0290248
83 16600 0.00748101 0.273517 8493.32 -0.0165424
84 16800 0.00559053 0.206825 8493.24 -0.00930492
85 17000 0.00417266 0.15524 8493.18 -0.0051653
86 17200 0.00306986 0.115688 8493.13 -0.00283064
87 17400 0.00228214 0.0855632 8493.1 -0.00153173
88 17600 0.00165196 0.0627412 8493.07 -0.000819099
89 17800 0.00117933 0.0456843 8493.05 -0.000432517
90 18000 0.000864242 0.0329184 8493.04 -0.000226006
91 18200 0.000627924 0.0235001 8493.03 -0.000116681
92 18400 0.000470379 0.016579 8493.02 -5.95402e-05
93 18600 0.000312834 0.0114693 8493.01 -3.0186e-05
94 18800 0.000234061 0.00776537 8493.01 -1.52412e-05
95 19000 0.000155296 0.00521616 8493.01 -7.47257e-06
96 19200 7.63863e-05 0.00339906 8493 -3.52005e-06
97 19400 7.63863e-05 0.00177404 8493 -1.63377e-06
98 19600 7.63863e-05 0.000865501 8493 1.21491e-06
99 19800 7.63863e-05 0.000348833 8493 0.00520845
