NTS LL(mkm)  STRESS(GPa)   VEL(m / s)  DENS(kg/m3)  ENERGY(J) 
0 841.336 11.8282 400 9635.22 -77624
1 1017.63 11.8282 399.96 9635.22 -77748.7
2 1193.92 11.828 399.921 9635.21 -77795.9
3 1370.21 11.8279 399.881 9635.2 -77814.7
4 1546.5 11.8276 399.841 9635.18 -77811.5
5 1722.79 11.8273 399.801 9635.17 -77827.1
6 1899.08 11.8268 399.761 9635.14 -77819.7
7 2075.37 11.8263 399.719 9635.11 -77823
8 2251.67 11.8256 399.678 9635.07 -77825.3
9 2427.96 11.8248 399.634 9635.02 -77813.5
10 2604.26 11.8236 399.588 9634.96 -77806.9
11 2780.55 11.8221 399.534 9634.87 -77801.8
12 2956.85 11.8197 399.469 9634.73 -77788.8
13 3133.15 11.8151 399.385 9634.46 -77753.2
14 3309.45 11.805 399.277 9633.88 -77676.6
15 3485.77 11.7825 399.122 9632.57 -77510.7
16 3662.11 11.7328 398.811 9629.69 -77147.4
17 3838.5 11.6258 397.994 9623.49 -76372.1
18 4015 11.3986 395.819 9610.38 -74737.8
19 4191.75 10.9037 390.601 9582 -71306.6
20 4369.02 9.78577 379.748 9518.83 -64142.7
21 4547.47 7.07112 362.908 9370.59 -50141.7
22 4728.74 7.02387 345.317 9368.08 -49936.3
23 4910.05 10.6208 335.465 9363.3 -49401.4
24 5091.47 10.573 340.468 9360.19 -49025.1
25 5272.94 10.4999 339.197 9355.44 -48455.2
26 5454.5 10.3998 337.513 9348.99 -47684.2
27 5636.19 10.2657 335.237 9340.32 -46658.9
28 5818.04 10.0887 332.141 9328.9 -45324.7
29 6000.12 9.8585 328.014 9314.11 -43628.5
30 6182.49 9.56501 322.615 9295.25 -41513.5
31 6365.23 9.19289 315.657 9271.51 -38929.9
32 6548.44 8.72726 306.805 9241.97 -35843
33 6732.23 8.1512 295.666 9205.62 -32238.8
34 6916.75 7.44202 281.796 9161.32 -28145.3
35 7102.16 6.57672 264.693 9107.79 -23650.1
36 7288.66 5.52639 243.769 9043.56 -18935.9
37 7476.48 4.25785 218.23 8967.18 -14334.6
38 7665.9 3.37111 186.987 8883.36 -10433
39 7857.12 2.88655 156.95 8811.33 -7555.78
40 8049.89 2.46882 131.316 8750.76 -5453.31
41 8244 2.10827 109.439 8699.52 -3913.89
42 8439.25 1.79674 90.7907 8656.05 -2787.52
43 8635.48 1.37138 74.6328 8617.78 -1961.93
44 8832.59 2.22928 57.7301 8590.81 -1496.09
45 9030.31 2.18824 55.3224 8588.98 -1441.38
46 9228.08 2.13901 54.1471 8586.78 -1376.99
47 9425.89 2.07995 53.0558 8584.15 -1301.7
48 9623.77 2.01104 51.7299 8581.08 -1216.56
49 9821.72 1.93322 50.1488 8577.62 -1123.91
50 10019.7 1.84733 48.3393 8573.81 -1025.93
51 10217.9 1.7543 46.3227 8569.68 -924.858
52 10416.1 1.65521 44.1191 8565.3 -823.008
53 10614.4 1.55131 41.7534 8560.7 -722.661
54 10812.8 1.44406 39.2551 8555.97 -625.933
55 11011.3 1.33488 36.6574 8551.16 -534.641
56 11210 1.22524 33.9956 8546.34 -450.236
57 11408.7 1.11656 31.3059 8541.57 -373.751
58 11607.6 1.01016 28.6237 8536.9 -305.789
59 11806.6 0.907243 25.9827 8532.4 -246.55
60 12005.6 0.808816 23.414 8528.1 -195.885
61 12204.8 0.715756 20.9447 8524.04 -153.346
62 12404.1 0.628775 18.5979 8520.25 -118.279
63 12603.4 0.548197 16.3921 8516.74 -89.8853
64 12802.9 0.474423 14.3408 8513.53 -67.2997
65 13002.4 0.407538 12.4533 8510.63 -49.6468
66 13202 0.347471 10.734 8508.02 -36.0847
67 13401.6 0.294072 9.18348 8505.71 -25.8421
68 13601.3 0.24711 7.79882 8503.67 -18.2354
69 13801.1 0.206038 6.57401 8501.9 -12.6799
70 14000.9 0.170624 5.50075 8500.37 -8.68875
71 14200.7 0.140163 4.56918 8499.05 -5.86741
72 14400.6 0.114421 3.76736 8497.94 -3.90524
73 14600.4 0.0926914 3.0838 8497 -2.56192
74 14800.3 0.0745026 2.50599 8496.21 -1.65666
75 15000.3 0.0594622 2.02175 8495.57 -1.05611
76 15200.2 0.047177 1.61927 8495.03 -0.663815
77 15400.2 0.037175 1.2878 8494.6 -0.411362
78 15600.1 0.0290627 1.01673 8494.25 -0.251402
79 15800.1 0.0225255 0.797159 8493.97 -0.15152
80 16000.1 0.0174058 0.620613 8493.75 -0.0900704
81 16200.1 0.0133099 0.479655 8493.57 -0.0528137
82 16400 0.0101592 0.368125 8493.44 -0.0305586
83 16600 0.00763855 0.280562 8493.33 -0.017446
84 16800 0.00574807 0.212355 8493.25 -0.00982911
85 17000 0.00425143 0.159548 8493.18 -0.00546434
86 17200 0.00314863 0.118978 8493.14 -0.00299959
87 17400 0.00236091 0.0880752 8493.1 -0.001626
88 17600 0.00173074 0.0646853 8493.07 -0.000870409
89 17800 0.0012581 0.0470922 8493.05 -0.000460679
90 18000 0.000864242 0.0340417 8493.04 -0.000240701
91 18200 0.000627924 0.0242807 8493.03 -0.000124529
92 18400 0.000470379 0.0171272 8493.02 -6.38368e-05
93 18600 0.000312834 0.011944 8493.01 -3.22906e-05
94 18800 0.000234061 0.00807626 8493.01 -1.63144e-05
95 19000 0.000155296 0.00545766 8493.01 -7.99072e-06
96 19200 0.000155296 0.00349018 8493 -3.87209e-06
97 19400 7.63863e-05 0.00195458 8493 -1.76338e-06
98 19600 7.63863e-05 0.000924602 8493 1.14258e-06
99 19800 7.63863e-05 0.000373294 8493 0.00520841
