NTS LL(mkm)  STRESS(GPa)   VEL(m / s)  DENS(kg/m3)  ENERGY(J) 
0 603.623 11.7976 400 9633.44 -77397.6
1 779.946 11.7974 399.92 9633.43 -77521.7
2 956.27 11.7971 399.84 9633.42 -77567.7
3 1132.59 11.7967 399.759 9633.39 -77584.4
4 1308.92 11.7959 399.677 9633.35 -77577.4
5 1485.24 11.7944 399.593 9633.26 -77584.5
6 1661.57 11.7911 399.511 9633.07 -77556.1
7 1837.9 11.7836 399.421 9632.63 -77508.3
8 2014.24 11.767 399.279 9631.67 -77392.9
9 2190.59 11.7311 398.936 9629.59 -77123.7
10 2366.99 11.6533 398.08 9625.08 -76556.8
11 2543.46 11.4772 396.247 9614.91 -75291.7
12 2720.13 11.0601 392.931 9590.94 -72368.1
13 2897.23 10.0696 387.061 9534.75 -65876.3
14 3075.38 7.7747 373.467 9408.33 -53307.5
15 3255.92 10.505 334.805 9355.79 -48491.9
16 3437.48 10.5142 340.152 9356.4 -48565.2
17 3619.02 10.3847 338.922 9348 -47562.6
18 3800.73 10.2031 336.057 9336.27 -46180.3
19 3982.66 9.95857 331.885 9320.51 -44356.4
20 4164.91 9.6356 326.241 9299.77 -42010.6
21 4347.56 9.21565 318.726 9272.97 -39083.4
22 4530.74 8.68072 308.878 9239.03 -35539.6
23 4714.59 8.01051 296.205 9196.81 -31395.1
24 4899.28 7.18157 280.168 9145.15 -26731.1
25 5085.02 6.17015 260.162 9082.83 -21726.7
26 5272.03 4.94879 235.53 9008.63 -16690.2
27 5460.58 3.62193 205.688 8921.36 -12106.9
28 5650.98 3.07935 172.024 8839.76 -8642.03
29 5843.13 2.61345 143.097 8771.59 -6142.16
30 6036.78 2.21567 118.431 8714.66 -4345.54
31 6231.7 1.87723 97.3674 8667.2 -3060.31
32 6427.68 1.50259 78.9835 8627.45 -2148.55
33 6624.56 2.26316 60.9114 8592.32 -1541.81
34 6822.25 2.163 56.76 8587.85 -1407.91
35 7020.04 2.06756 54.0903 8583.6 -1285.93
36 7217.93 1.96333 51.8168 8578.96 -1159.07
37 7415.92 1.84772 49.4023 8573.83 -1026.13
38 7614.04 1.7223 46.7004 8568.27 -891.148
39 7812.28 1.58983 43.7288 8562.4 -758.895
40 8010.66 1.45297 40.5493 8556.36 -633.534
41 8209.18 1.31461 37.2311 8550.27 -518.337
42 8407.84 1.1774 33.8434 8544.24 -415.548
43 8606.64 1.04378 30.4536 8538.37 -326.395
44 8805.58 0.915789 27.1245 8532.77 -251.156
45 9004.64 0.795323 23.9126 8527.51 -189.327
46 9203.84 0.683653 20.8648 8522.64 -139.814
47 9403.14 0.581579 18.0189 8518.19 -101.152
48 9602.55 0.489745 15.4019 8514.2 -71.6997
49 9802.05 0.408245 13.0303 8510.66 -49.7971
50 10001.6 0.336856 10.9117 8507.56 -33.8918
51 10201.3 0.275115 9.04507 8504.89 -22.6065
52 10401 0.222483 7.42207 8502.61 -14.7801
53 10600.8 0.17818 6.02935 8500.69 -9.47301
54 10800.6 0.141265 4.8492 8499.1 -5.95299
55 11000.5 0.110878 3.86143 8497.78 -3.66848
56 11200.4 0.086235 3.04486 8496.72 -2.21725
57 11400.3 0.066392 2.3775 8495.86 -1.31462
58 11600.2 0.0506421 1.83844 8495.18 -0.764705
59 11800.1 0.0382776 1.40803 8494.65 -0.436525
60 12000.1 0.0286689 1.06805 8494.23 -0.244583
61 12200.1 0.0212652 0.802574 8493.91 -0.134529
62 12400.1 0.0155941 0.597381 8493.67 -0.072659
63 12600 0.0113407 0.440434 8493.49 -0.0385446
64 12800 0.00818994 0.321769 8493.35 -0.0200857
65 13000 0.00590561 0.232851 8493.25 -0.0102868
66 13200 0.00417266 0.166917 8493.18 -0.00517896
67 13400 0.00291231 0.118535 8493.12 -0.00256376
68 13600 0.00204582 0.0832998 8493.09 -0.00124964
69 13800 0.00141565 0.0579545 8493.06 -0.000600087
70 14000 0.000943014 0.0399336 8493.04 -0.000283628
71 14200 0.000706697 0.0271522 8493.03 -0.000132253
72 14400 0.000470379 0.0181395 8493.02 -6.13097e-05
73 14600 0.000312834 0.0119771 8493.01 -2.81027e-05
74 14800 0.000234061 0.00772721 8493.01 -1.27447e-05
75 15000 0.000155296 0.00473266 8493 -5.87687e-06
76 15200 7.63863e-05 0.00290838 8493 -2.61219e-06
77 15400 7.63863e-05 0.00141875 8493 -1.25506e-06
78 15600 7.63863e-05 0.000681914 8493 -6.02483e-07
79 15800 7.63863e-05 0.000327688 8493 -2.88887e-07
80 16000 7.63863e-05 0.000157449 8493 -1.3821e-07
81 16200 7.63863e-05 7.54969e-05 8493 -6.59595e-08
82 16400 7.63863e-05 3.61086e-05 8493 -3.13997e-08
83 16600 7.63863e-05 1.72273e-05 8493 -1.49149e-08
84 16800 7.63863e-05 8.19915e-06 8493 -7.06419e-09
85 17000 7.63863e-05 3.89268e-06 8493 -3.33621e-09
86 17200 7.63863e-05 1.84346e-06 8493 -1.57239e-09
87 17400 7.63863e-05 8.7077e-07 8493 -7.40323e-10
88 17600 7.63863e-05 4.10241e-07 8493 -3.4668e-10
89 17800 7.63863e-05 1.92763e-07 8493 -1.62262e-10
90 18000 7.63863e-05 9.03321e-08 8493 -7.56708e-11
91 18200 7.63863e-05 4.22159e-08 8493 -3.52609e-11
92 18400 7.63863e-05 1.96747e-08 8493 -1.63832e-11
93 18600 7.63863e-05 9.14361e-09 8493 -7.33342e-12
94 18800 7.63863e-05 4.23714e-09 8493 -3.43266e-12
95 19000 7.63863e-05 1.95737e-09 8493 0
96 19200 7.63863e-05 9.0055e-10 8493 0
97 19400 7.63863e-05 4.10801e-10 8493 1.92327e-07
98 19600 7.63863e-05 1.81724e-10 8493 2.21401e-06
99 19800 7.63863e-05 6.87719e-11 8493 0.00520838
