NTS LL(mkm)  STRESS(GPa)   VEL(m / s)  DENS(kg/m3)  ENERGY(J) 
0 600.003 11.7968 400 9633.4 -77392.6
1 776.327 11.7968 399.919 9633.39 -77516.7
2 952.651 11.7964 399.839 9633.38 -77562.6
3 1128.98 11.7959 399.757 9633.35 -77579.2
4 1305.3 11.7952 399.674 9633.3 -77572
5 1481.63 11.7937 399.586 9633.22 -77579.1
6 1657.95 11.7903 399.495 9633.02 -77550.3
7 1834.28 11.7824 399.399 9632.57 -77499.7
8 2010.62 11.7642 399.266 9631.51 -77372.6
9 2186.98 11.7238 398.96 9629.17 -77070.3
10 2363.38 11.6365 398.12 9624.11 -76434.8
11 2539.88 11.4451 396.049 9613.05 -75061.8
12 2716.58 11.0047 391.812 9587.77 -71987.6
13 2893.74 9.95436 384.541 9528.27 -65163.1
14 3072.01 7.43943 371.29 9390.29 -51756.3
15 3252.9 10.5498 334.024 9358.7 -48842.1
16 3434.4 10.503 340.717 9355.69 -48479.3
17 3615.95 10.3629 338.853 9346.58 -47393
18 3797.69 10.1724 335.587 9334.27 -45947.3
19 3979.66 9.91738 331.182 9317.85 -44051.2
20 4161.96 9.58008 325.299 9296.23 -41617.9
21 4344.68 9.14314 317.464 9268.37 -38591.8
22 4527.95 8.58792 307.202 9233.16 -34945.2
23 4711.91 7.89335 294.026 9189.46 -30703.6
24 4896.76 7.036 277.398 9136.09 -25960.7
25 5082.68 5.99031 256.7 9071.82 -20915.4
26 5269.92 4.73066 231.21 8995.5 -15907.1
27 5458.75 3.52892 200.224 8907.22 -11471.1
28 5649.45 2.9986 167.118 8827.86 -8179.07
29 5841.86 2.54433 138.82 8761.62 -5807.81
30 6035.73 2.1564 114.778 8706.28 -4104.47
31 6230.83 1.82547 94.4055 8660.02 -2883.23
32 6426.97 1.40602 76.8612 8620.33 -2009.77
33 6624.02 2.22999 59.0515 8590.84 -1496.8
34 6821.74 2.14158 55.6959 8586.89 -1380.03
35 7019.55 2.04823 53.4931 8582.73 -1261.84
36 7217.46 1.94196 51.3557 8578.01 -1133.86
37 7415.48 1.82361 48.9128 8572.75 -999.385
38 7613.62 1.69582 46.1406 8567.09 -863.804
39 7811.89 1.56147 43.1035 8561.15 -732.001
40 8010.3 1.42342 39.8728 8555.06 -607.984
41 8208.85 1.28449 36.5185 8548.94 -494.823
42 8407.54 1.14733 33.1098 8542.92 -394.551
43 8606.37 1.01424 29.7138 8537.08 -308.181
44 8805.33 0.887405 26.3928 8531.53 -235.791
45 9004.43 0.768412 23.2018 8526.33 -176.711
46 9203.65 0.658532 20.1862 8521.54 -129.724
47 9402.98 0.558566 17.3815 8517.19 -93.2855
48 9602.41 0.468922 14.8123 8513.29 -65.7183
49 9801.94 0.389614 12.4933 8509.85 -45.359
50 10001.5 0.320498 10.4296 8506.85 -30.6766
51 10201.2 0.260956 8.61823 8504.27 -20.3312
52 10400.9 0.210366 7.04927 8502.08 -13.2068
53 10600.7 0.167869 5.70807 8500.25 -8.40933
54 10800.6 0.132685 4.57585 8498.72 -5.24969
55 11000.4 0.103793 3.63175 8497.48 -3.21356
56 11200.3 0.0804083 2.85414 8496.47 -1.92927
57 11400.2 0.0617459 2.22114 8495.66 -1.13614
58 11600.2 0.0469407 1.71165 8495.02 -0.656408
59 11800.1 0.0353635 1.30652 8494.52 -0.372118
60 12000.1 0.0263848 0.987592 8494.14 -0.207058
61 12200.1 0.0194537 0.739514 8493.84 -0.1131
62 12400 0.0142551 0.548494 8493.61 -0.0606612
63 12600 0.0103955 0.402978 8493.45 -0.0319544
64 12800 0.00748101 0.293309 8493.32 -0.0165363
65 13000 0.00527545 0.211476 8493.23 -0.0084112
66 13200 0.0037788 0.151056 8493.16 -0.00420488
67 13400 0.00259723 0.106814 8493.11 -0.00206834
68 13600 0.00180951 0.0748134 8493.08 -0.00100104
69 13800 0.0012581 0.05181 8493.05 -0.000477642
70 14000 0.000864242 0.03551 8493.04 -0.000224673
71 14200 0.000627924 0.0240747 8493.02 -0.000103962
72 14400 0.000391606 0.015949 8493.02 -4.80003e-05
73 14600 0.000234061 0.0105428 8493.01 -2.16019e-05
74 14800 0.000155296 0.00666971 8493.01 -9.7284e-06
75 15000 0.000155296 0.00399769 8493 -4.49452e-06
76 15200 7.63863e-05 0.00235944 8493 -2.05346e-06
77 15400 7.63863e-05 0.00111313 8493 -9.87609e-07
78 15600 7.63863e-05 0.0005362 8493 -4.74502e-07
79 15800 7.63863e-05 0.00025842 8493 -2.27218e-07
80 16000 7.63863e-05 0.000124041 8493 -1.08509e-07
81 16200 7.63863e-05 5.93628e-05 8493 -5.16967e-08
82 16400 7.63863e-05 2.83421e-05 8493 -2.45692e-08
83 16600 7.63863e-05 1.34998e-05 8493 -1.16511e-08
84 16800 7.63863e-05 6.41449e-06 8493 -5.50865e-09
85 17000 7.63863e-05 3.0402e-06 8493 -2.59714e-09
86 17200 7.63863e-05 1.43723e-06 8493 -1.22134e-09
87 17400 7.63863e-05 6.77672e-07 8493 -5.74628e-10
88 17600 7.63863e-05 3.18687e-07 8493 -2.68512e-10
89 17800 7.63863e-05 1.49466e-07 8493 -1.25128e-10
90 18000 7.63863e-05 6.99098e-08 8493 -5.83514e-11
91 18200 7.63863e-05 3.26088e-08 8493 -2.71473e-11
92 18400 7.63863e-05 1.51675e-08 8493 -1.21704e-11
93 18600 7.63863e-05 7.03487e-09 8493 -6.86533e-12
94 18800 7.63863e-05 3.25333e-09 8493 -1.09221e-12
95 19000 7.63863e-05 1.49979e-09 8493 0
96 19200 7.63863e-05 6.8859e-10 8493 0
97 19400 7.63863e-05 3.13466e-10 8493 1.92327e-07
98 19600 7.63863e-05 1.38403e-10 8493 2.21401e-06
99 19800 7.63863e-05 5.23018e-11 8493 0.00520837
