NTS LL(mkm)  STRESS(GPa)   VEL(m / s)  DENS(kg/m3)  ENERGY(J) 
0 602.657 11.7974 400 9633.43 -77396.3
1 778.981 11.7972 399.92 9633.42 -77520.4
2 955.305 11.7969 399.84 9633.41 -77566.3
3 1131.63 11.7964 399.759 9633.38 -77583
4 1307.95 11.7957 399.676 9633.33 -77576
5 1484.28 11.7942 399.591 9633.25 -77583.1
6 1660.6 11.7909 399.507 9633.06 -77554.6
7 1836.94 11.7833 399.416 9632.62 -77505.9
8 2013.27 11.7662 399.277 9631.62 -77387.3
9 2189.63 11.7291 398.944 9629.47 -77109.4
10 2366.03 11.649 398.085 9624.84 -76525.8
11 2542.51 11.4694 396.174 9614.46 -75235.8
12 2719.18 11.0465 392.628 9590.16 -72273.9
13 2896.3 10.0385 386.494 9533 -65683.2
14 3074.48 7.68453 373.032 9403.47 -52883.2
15 3255.11 10.5159 334.351 9356.49 -48576.4
16 3436.66 10.5121 340.305 9356.24 -48545.7
17 3618.2 10.3793 338.919 9347.64 -47519.5
18 3799.92 10.1952 335.943 9335.74 -46119.4
19 3981.86 9.94709 331.703 9319.81 -44276.2
20 4164.12 9.62022 325.993 9298.84 -41907.3
21 4346.79 9.19644 318.394 9271.76 -38953.9
22 4529.99 8.65666 308.439 9237.49 -35382.7
23 4713.87 7.97934 295.633 9194.87 -31212.2
24 4898.6 7.14333 279.441 9142.76 -26526.7
25 5084.39 6.12285 259.25 9079.93 -21510.7
26 5271.46 4.8915 234.386 9005.17 -16480.8
27 5460.09 3.59723 204.238 8917.56 -11934.7
28 5650.57 3.05765 170.712 8836.56 -8516.38
29 5842.79 2.59494 141.951 8768.9 -6051.27
30 6036.5 2.19954 117.455 8712.4 -4279.82
31 6231.46 1.86314 96.5797 8665.25 -3011.79
32 6427.49 1.4767 78.4165 8625.54 -2110.44
33 6624.41 2.25366 60.4049 8591.89 -1528.82
34 6822.11 2.15693 56.4566 8587.58 -1399.91
35 7019.91 2.06226 53.9161 8583.36 -1279.33
36 7217.8 1.95763 51.6879 8578.71 -1152.35
37 7415.8 1.84133 49.2714 8573.54 -1019.03
38 7613.93 1.71535 46.5525 8567.96 -883.873
39 7812.18 1.58233 43.5636 8562.07 -751.718
40 8010.56 1.44515 40.3702 8556.02 -626.697
41 8209.09 1.30663 37.042 8549.92 -512.028
42 8407.76 1.16934 33.6484 8543.88 -409.9
43 8606.57 1.03587 30.2566 8538.03 -321.483
44 8805.51 0.908184 26.9294 8532.44 -247.002
45 9004.59 0.788105 23.7227 8527.19 -185.908
46 9203.79 0.676902 20.6833 8522.34 -137.072
47 9403.1 0.575453 17.8482 8517.92 -99.009
48 9602.51 0.484166 15.2437 8513.96 -70.066
49 9802.02 0.403214 12.8861 8510.44 -48.5818
50 10001.6 0.332452 10.782 8507.37 -33.0091
51 10201.3 0.27134 8.93007 8504.72 -21.9803
52 10401 0.219257 7.32148 8502.47 -14.346
53 10600.8 0.175346 5.94253 8500.57 -9.1788
54 10800.6 0.138904 4.77526 8499 -5.75796
55 11000.5 0.108989 3.79918 8497.7 -3.54202
56 11200.3 0.0846602 2.99317 8496.65 -2.13697
57 11400.3 0.065132 2.335 8495.81 -1.26474
58 11600.2 0.0496183 1.80395 8495.14 -0.734361
59 11800.1 0.03749 1.38037 8494.61 -0.418436
60 12000.1 0.0280388 1.04613 8494.21 -0.234011
61 12200.1 0.0207927 0.785329 8493.89 -0.128479
62 12400.1 0.0152791 0.584032 8493.66 -0.0692595
63 12600 0.0111044 0.430175 8493.48 -0.0366716
64 12800 0.0080324 0.313954 8493.34 -0.0190745
65 13000 0.00574807 0.226979 8493.25 -0.00975092
66 13200 0.00409388 0.162561 8493.17 -0.00489945
67 13400 0.00283354 0.115285 8493.12 -0.00242175
68 13600 0.00196705 0.0809551 8493.08 -0.0011783
69 13800 0.00141565 0.0562951 8493.06 -0.000564267
70 14000 0.000943014 0.038665 8493.04 -0.000266765
71 14200 0.000627924 0.0262774 8493.03 -0.000124363
72 14400 0.000470379 0.0176079 8493.02 -5.72205e-05
73 14600 0.000312834 0.0115261 8493.01 -2.6259e-05
74 14800 0.000234061 0.00748706 8493.01 -1.17476e-05
75 15000 0.000155296 0.00447894 8493 -5.48572e-06
76 15200 7.63863e-05 0.00276089 8493 -2.45396e-06
77 15400 7.63863e-05 0.0013342 8493 -1.17738e-06
78 15600 7.63863e-05 0.000639603 8493 -5.65246e-07
79 15800 7.63863e-05 0.000307486 8493 -2.70986e-07
80 16000 7.63863e-05 0.000147751 8493 -1.29591e-07
81 16200 7.63863e-05 7.08178e-05 8493 -6.18175e-08
82 16400 7.63863e-05 3.38545e-05 8493 -2.94148e-08
83 16600 7.63863e-05 1.61446e-05 8493 -1.39658e-08
84 16800 7.63863e-05 7.68048e-06 8493 -6.61157e-09
85 17000 7.63863e-05 3.64479e-06 8493 -3.12121e-09
86 17200 7.63863e-05 1.72527e-06 8493 -1.47004e-09
87 17400 7.63863e-05 8.14554e-07 8493 -6.91955e-10
88 17600 7.63863e-05 3.83571e-07 8493 -3.23901e-10
89 17800 7.63863e-05 1.80143e-07 8493 -1.51498e-10
90 18000 7.63863e-05 8.43757e-08 8493 -7.05218e-11
91 18200 7.63863e-05 3.9412e-08 8493 -3.27644e-11
92 18400 7.63863e-05 1.83584e-08 8493 -1.5603e-11
93 18600 7.63863e-05 8.52736e-09 8493 -6.86533e-12
94 18800 7.63863e-05 3.94944e-09 8493 -2.80854e-12
95 19000 7.63863e-05 1.82347e-09 8493 0
96 19200 7.63863e-05 8.3848e-10 8493 0
97 19400 7.63863e-05 3.82278e-10 8493 1.92327e-07
98 19600 7.63863e-05 1.69021e-10 8493 2.21401e-06
99 19800 7.63863e-05 6.39403e-11 8493 0.00520838
