NTS LL(mkm)  STRESS(GPa)   VEL(m / s)  DENS(kg/m3)  ENERGY(J) 
0 840.371 11.8281 400 9635.22 -77623.3
1 1016.66 11.8281 399.96 9635.21 -77748
2 1192.95 11.8279 399.921 9635.21 -77795.3
3 1369.24 11.8278 399.881 9635.19 -77814
4 1545.53 11.8275 399.841 9635.18 -77810.8
5 1721.83 11.8272 399.801 9635.16 -77826.4
6 1898.12 11.8267 399.76 9635.13 -77819
7 2074.41 11.8262 399.719 9635.1 -77822.3
8 2250.7 11.8255 399.677 9635.06 -77824.6
9 2427 11.8247 399.633 9635.02 -77812.7
10 2603.29 11.8236 399.587 9634.95 -77806
11 2779.59 11.822 399.534 9634.86 -77800.7
12 2955.88 11.8195 399.467 9634.72 -77787.4
13 3132.18 11.8148 399.381 9634.44 -77751.3
14 3308.49 11.8047 399.268 9633.86 -77673.9
15 3484.8 11.7818 399.107 9632.53 -77505.5
16 3661.14 11.7309 398.796 9629.58 -77133.9
17 3837.54 11.6208 397.994 9623.21 -76336.4
18 4014.05 11.3866 395.843 9609.69 -74652.9
19 4190.81 10.8781 390.579 9580.53 -71132.9
20 4368.11 9.74319 379.016 9516.45 -63886.1
21 4546.6 7.0335 358.681 9368.59 -49980.8
22 4727.9 7.00711 344.218 9367.18 -49864.7
23 4909.24 10.6263 339.855 9363.66 -49445.2
24 5090.64 10.5706 340.548 9360.02 -49004.9
25 5272.12 10.4964 339.13 9355.23 -48430
26 5453.68 10.3957 337.439 9348.71 -47650.4
27 5635.38 10.2601 335.14 9339.94 -46613.5
28 5817.24 10.0805 332.006 9328.38 -45265.2
29 5999.33 9.84873 327.831 9313.44 -43552.5
30 6181.71 9.55151 322.373 9294.39 -41418.5
31 6364.47 9.1755 315.344 9270.42 -38813.9
32 6547.7 8.70569 306.403 9240.61 -35704.4
33 6731.52 8.12427 295.156 9203.95 -32077.8
34 6916.07 7.40941 281.155 9159.27 -27964.1
35 7101.52 6.53705 263.896 9105.31 -23454.5
36 7288.07 5.47733 242.797 9040.58 -18735.8
37 7475.95 4.19773 217.074 8963.6 -14146.5
38 7665.45 3.34859 185.591 8880.01 -10290.3
39 7856.74 2.86727 155.764 8808.51 -7451.44
40 8049.57 2.45249 130.298 8748.39 -5377.13
41 8243.74 2.09417 108.559 8697.52 -3858.49
42 8439.03 1.78446 90.0608 8654.34 -2746.71
43 8635.3 1.34729 74.1119 8616 -1929.44
44 8832.45 2.22391 57.2973 8590.57 -1488.86
45 9030.18 2.18567 55.135 8588.86 -1437.91
46 9227.95 2.13652 54.0746 8586.67 -1373.7
47 9425.76 2.07683 53.0004 8584.01 -1297.76
48 9623.64 2.0073 51.6608 8580.92 -1212.03
49 9821.59 1.92893 50.0637 8577.43 -1118.92
50 10019.6 1.84257 48.2404 8573.6 -1020.62
51 10217.7 1.74907 46.2114 8569.45 -919.362
52 10416 1.64959 43.9964 8565.05 -817.445
53 10614.3 1.54545 41.6206 8560.44 -717.159
54 10812.7 1.43796 39.1138 8555.7 -620.611
55 11011.2 1.32862 36.5093 8550.88 -529.603
56 11209.9 1.2189 33.8428 8546.06 -445.567
57 11408.6 1.11021 31.1505 8541.29 -369.511
58 11607.5 1.00397 28.4677 8536.63 -302.014
59 11806.5 0.901205 25.8283 8532.13 -243.255
60 12005.6 0.803011 23.2629 8527.84 -193.063
61 12204.8 0.710262 20.7987 8523.8 -150.974
62 12404 0.623514 18.4583 8520.02 -116.322
63 12603.4 0.543327 16.2602 8516.53 -88.2998
64 12802.8 0.469943 14.2176 8513.34 -66.0381
65 13002.4 0.40345 12.3393 8510.45 -48.6603
66 13202 0.343854 10.6297 8507.87 -35.3267
67 13401.6 0.290847 9.08903 8505.57 -25.2696
68 13601.3 0.244199 7.71406 8503.55 -17.8103
69 13801.1 0.20352 6.49876 8501.79 -12.3694
70 14000.9 0.16842 5.43457 8500.27 -8.46575
71 14200.7 0.138274 4.51138 8498.97 -5.70987
72 14400.5 0.112768 3.71749 8497.87 -3.79573
73 14600.4 0.0912741 3.04115 8496.94 -2.48697
74 14800.3 0.0734002 2.46975 8496.16 -1.6062
75 15000.3 0.0585172 1.99126 8495.52 -1.02266
76 15200.2 0.0463894 1.59386 8495 -0.641985
77 15400.2 0.0364661 1.26679 8494.57 -0.397326
78 15600.1 0.0285114 0.999524 8494.23 -0.242512
79 15800.1 0.0221316 0.783155 8493.95 -0.145972
80 16000.1 0.0170119 0.609343 8493.73 -0.0866539
81 16200.1 0.0130736 0.470538 8493.56 -0.0507513
82 16400 0.00992286 0.360971 8493.43 -0.029325
83 16600 0.00748101 0.274899 8493.32 -0.01672
84 16800 0.00559053 0.207928 8493.24 -0.00940761
85 17000 0.00417266 0.156088 8493.18 -0.00522405
86 17200 0.00306986 0.11635 8493.13 -0.00286358
87 17400 0.00228214 0.0860517 8493.1 -0.00155027
88 17600 0.00165196 0.0631298 8493.07 -0.000829136
89 17800 0.00117933 0.0459748 8493.05 -0.000437881
90 18000 0.000864242 0.033126 8493.04 -0.000228905
91 18200 0.000627924 0.0236554 8493.03 -0.00011823
92 18400 0.000470379 0.0166867 8493.02 -6.03948e-05
93 18600 0.000312834 0.0115654 8493.01 -3.05995e-05
94 18800 0.000234061 0.00782634 8493.01 -1.54536e-05
95 19000 0.000155296 0.00526506 8493.01 -7.57322e-06
96 19200 7.63863e-05 0.00343258 8493 -3.56431e-06
97 19400 7.63863e-05 0.00179452 8493 -1.65855e-06
98 19600 7.63863e-05 0.0008767 8493 1.2008e-06
99 19800 7.63863e-05 0.000353629 8493 0.00520845
