NTS LL(mkm)  STRESS(GPa)   VEL(m / s)  DENS(kg/m3)  ENERGY(J) 
0 801.759 11.8244 400 9635 -77595.7
1 978.054 11.8243 399.958 9634.99 -77720.3
2 1154.35 11.8242 399.915 9634.99 -77767.3
3 1330.64 11.8239 399.871 9634.97 -77785.8
4 1506.94 11.8236 399.827 9634.96 -77782.3
5 1683.23 11.8233 399.782 9634.93 -77797.6
6 1859.53 11.8227 399.737 9634.9 -77789.7
7 2035.83 11.8221 399.69 9634.87 -77792.3
8 2212.12 11.8212 399.643 9634.82 -77793.3
9 2388.42 11.8201 399.595 9634.75 -77779
10 2564.72 11.8184 399.541 9634.65 -77767.7
11 2741.02 11.8157 399.473 9634.49 -77753.7
12 2917.33 11.8107 399.378 9634.2 -77722
13 3093.64 11.8002 399.241 9633.6 -77643.6
14 3269.96 11.7765 399.043 9632.22 -77466.4
15 3446.3 11.7224 398.708 9629.08 -77068.9
16 3622.71 11.6021 397.94 9622.12 -76194.8
17 3799.24 11.3413 395.888 9607.08 -74333.3
18 3976.04 10.779 390.631 9574.89 -70461.8
19 4153.44 9.52716 378.415 9504.39 -62604.3
20 4332.16 10.6415 351.818 9364.63 -49560.1
21 4513.55 10.6525 344.599 9365.37 -49652
22 4694.92 10.6007 341.538 9361.98 -49241.5
23 4876.35 10.5365 339.92 9357.87 -48745.8
24 5057.87 10.4488 338.449 9352.18 -48064.1
25 5239.49 10.328 336.482 9344.36 -47134.3
26 5421.27 10.166 333.723 9333.87 -45902.3
27 5603.26 9.95303 329.967 9320.14 -44315.6
28 5785.51 9.6777 324.987 9302.47 -42315.2
29 5968.1 9.32691 318.506 9280.06 -39849.5
30 6151.14 8.88574 310.194 9252 -36875.1
31 6334.73 8.33653 299.67 9217.3 -33372
32 6519.02 7.65851 286.5 9174.83 -29358.1
33 6704.15 6.83005 270.18 9123.37 -24906.8
34 6890.33 5.8225 250.101 9061.58 -20182.3
35 7077.79 4.60719 225.509 8988.1 -15482.3
36 7266.77 3.5038 195.608 8903.38 -11302.8
37 7457.55 2.99743 164.255 8827.71 -8175.03
38 7649.97 2.56224 137.435 8764.17 -5893.02
39 7843.78 2.18664 114.528 8710.56 -4227.03
40 8038.78 1.86441 94.8382 8665.43 -3016.34
41 8234.8 1.49926 77.4852 8627.2 -2142.94
42 8431.69 2.26502 60.1724 8592.4 -1544.64
43 8629.38 2.19969 56.5582 8589.49 -1456.52
44 8827.13 2.14111 54.5946 8586.87 -1379.6
45 9024.95 2.07745 53.1665 8584.04 -1298.5
46 9222.82 2.00457 51.7093 8580.79 -1208.67
47 9420.78 1.9223 50.0375 8577.14 -1111.12
48 9618.82 1.83149 48.1258 8573.1 -1008.27
49 9816.95 1.7333 45.9926 8568.75 -902.73
50 10015.2 1.62905 43.6646 8564.14 -797.112
51 10213.5 1.52028 41.1724 8559.33 -693.907
52 10412 1.40848 38.5503 8554.4 -595.341
53 10610.5 1.29528 35.836 8549.42 -503.269
54 10809.2 1.18226 33.069 8544.45 -419.095
55 11008 1.07097 30.2885 8539.56 -343.739
56 11206.9 0.962669 27.5328 8534.82 -277.646
57 11405.9 0.858702 24.8372 8530.28 -220.83
58 11605.1 0.760095 22.2339 8525.97 -172.94
59 11804.3 0.66756 19.7498 8521.94 -133.348
60 12003.6 0.581736 17.4075 8518.2 -101.231
61 12203 0.503024 15.2239 8514.78 -75.6623
62 12402.5 0.431591 13.2108 8511.67 -55.678
63 12602.1 0.367443 11.3748 8508.89 -40.3403
64 12801.7 0.310353 9.71795 8506.41 -28.7776
65 13001.4 0.260169 8.23812 8504.24 -20.2146
66 13201.1 0.216425 6.92963 8502.35 -13.9823
67 13400.9 0.178573 5.78414 8500.71 -9.5244
68 13600.7 0.146303 4.79087 8499.32 -6.38948
69 13800.6 0.118909 3.93787 8498.13 -4.2217
70 14000.4 0.0959195 3.21212 8497.14 -2.7477
71 14200.3 0.0768649 2.60027 8496.31 -1.76167
72 14400.3 0.0610371 2.08911 8495.63 -1.11272
73 14600.2 0.0482008 1.66585 8495.08 -0.692535
74 14800.2 0.0377263 1.31845 8494.63 -0.424712
75 15000.1 0.029299 1.03572 8494.26 -0.256675
76 15200.1 0.0226042 0.807636 8493.98 -0.152896
77 15400.1 0.017327 0.6251 8493.75 -0.0897939
78 15600.1 0.0132311 0.480306 8493.57 -0.0519818
79 15800 0.0100016 0.366353 8493.43 -0.0296723
80 16000 0.00748101 0.277332 8493.32 -0.0167033
81 16200 0.00559053 0.208458 8493.24 -0.00927393
82 16400 0.00409388 0.155454 8493.18 -0.00508073
83 16600 0.00306986 0.115092 8493.13 -0.00274601
84 16800 0.00220337 0.0845172 8493.09 -0.00146514
85 17000 0.00157319 0.0615778 8493.07 -0.000771729
86 17200 0.00117933 0.0444515 8493.05 -0.000401614
87 17400 0.000864242 0.0318067 8493.03 -0.000206425
88 17600 0.000627924 0.0225072 8493.02 -0.000104875
89 17800 0.000391606 0.0157268 8493.02 -5.26346e-05
90 18000 0.000312834 0.0107502 8493.01 -2.63353e-05
91 18200 0.000234061 0.00724279 8493.01 -1.30261e-05
92 18400 0.000155296 0.00470151 8493 -6.39236e-06
93 18600 7.63863e-05 0.00304927 8493 -2.99935e-06
94 18800 7.63863e-05 0.00157075 8493 -1.4987e-06
95 19000 7.63863e-05 0.000787333 8493 -7.45981e-07
96 19200 7.63863e-05 0.000390627 8493 -3.72447e-07
97 19400 7.63863e-05 0.000192016 8493 3.50393e-09
98 19600 7.63863e-05 9.10119e-05 8493 2.11222e-06
99 19800 7.63863e-05 3.62706e-05 8493 0.00520892
