NTS LL(mkm)  STRESS(GPa)   VEL(m / s)  DENS(kg/m3)  ENERGY(J) 
0 605.312 11.7979 400 9633.46 -77399.9
1 781.635 11.7977 399.92 9633.45 -77524.1
2 957.958 11.7974 399.841 9633.44 -77570.1
3 1134.28 11.797 399.76 9633.41 -77586.8
4 1310.61 11.7962 399.679 9633.36 -77579.8
5 1486.93 11.7947 399.597 9633.28 -77586.9
6 1663.26 11.7915 399.517 9633.09 -77558.7
7 1839.59 11.7842 399.428 9632.67 -77512.5
8 2015.92 11.7684 399.279 9631.75 -77403.1
9 2192.28 11.7344 398.923 9629.78 -77148.4
10 2368.67 11.6603 398.086 9625.49 -76607.8
11 2545.14 11.4897 396.401 9615.63 -75381.1
12 2721.79 11.0829 393.445 9592.24 -72524.9
13 2898.87 10.1247 387.896 9537.84 -66220.2
14 3076.96 7.93151 374.1 9416.8 -54057.7
15 3257.34 10.4892 335.905 9354.77 -48369.5
16 3438.91 10.5181 339.882 9356.64 -48594
17 3620.45 10.3941 338.906 9348.61 -47634.1
18 3802.15 10.2169 336.237 9337.16 -46284.7
19 3984.07 9.97691 332.192 9321.72 -44494.9
20 4166.29 9.66006 326.666 9301.37 -42189.1
21 4348.91 9.24847 319.298 9275.06 -39307.3
22 4532.04 8.72307 309.637 9241.7 -35811.2
23 4715.84 8.06385 297.191 9200.15 -31712.8
24 4900.47 7.24853 281.425 9149.27 -27086.9
25 5086.12 6.25246 261.743 9087.84 -22103.6
26 5273.03 5.04799 237.518 9014.6 -17057.3
27 5461.46 3.66618 208.215 8928.05 -12412.7
28 5651.71 3.11727 174.324 8845.41 -8865.81
29 5843.74 2.64642 145.112 8776.34 -6304.31
30 6037.29 2.24398 120.143 8718.67 -4463.15
31 6232.11 1.90218 98.7446 8670.67 -3147.5
32 6428.01 1.5477 80.002 8630.77 -2216.44
33 6624.82 1.03851 62.8068 8593.18 -1562.51
34 6822.49 2.17375 56.3289 8588.33 -1421.94
35 7020.27 2.07714 54.3987 8584.02 -1297.86
36 7218.15 1.97331 52.0544 8579.4 -1170.9
37 7416.13 1.8588 49.6337 8574.32 -1038.51
38 7614.24 1.73455 46.9573 8568.81 -903.849
39 7812.47 1.60288 44.0153 8562.98 -771.458
40 8010.83 1.46666 40.8606 8556.97 -645.538
41 8209.34 1.32854 37.5604 8550.88 -529.443
42 8407.98 1.19142 34.1836 8544.85 -425.517
43 8606.77 1.05749 30.7977 8538.98 -335.088
44 8805.69 0.929117 27.466 8533.35 -258.526
45 9004.75 0.807953 24.2453 8528.06 -195.41
46 9203.92 0.695427 21.1834 8523.15 -144.703
47 9403.22 0.592496 18.3191 8518.67 -104.983
48 9602.61 0.499646 15.6802 8514.63 -74.6275
49 9802.11 0.417049 13.2846 8511.04 -51.9806
50 10001.7 0.34464 11.1407 8507.9 -35.4816
51 10201.3 0.281959 9.24835 8505.18 -23.7373
52 10401 0.228384 7.60012 8502.86 -15.5661
53 10600.8 0.183138 6.18317 8500.91 -10.0072
54 10800.6 0.145358 4.98055 8499.28 -6.30795
55 11000.5 0.114342 3.97211 8497.93 -3.8992
56 11200.4 0.0889908 3.13692 8496.84 -2.36408
57 11400.3 0.0686756 2.45322 8495.96 -1.4061
58 11600.2 0.0524534 1.9 8495.26 -0.820509
59 11800.2 0.0396952 1.45748 8494.71 -0.469881
60 12000.1 0.0297716 1.10731 8494.28 -0.264123
61 12200.1 0.0221316 0.833474 8493.95 -0.145743
62 12400.1 0.016303 0.621394 8493.7 -0.0789679
63 12600 0.0118921 0.458894 8493.51 -0.0420254
64 12800 0.00858379 0.335785 8493.37 -0.0219722
65 13000 0.00614192 0.243395 8493.26 -0.0112913
66 13200 0.00440897 0.174835 8493.19 -0.00570168
67 13400 0.00306986 0.124323 8493.13 -0.00283248
68 13600 0.0021246 0.0875737 8493.09 -0.00138448
69 13800 0.00149442 0.0610339 8493.06 -0.000666754
70 14000 0.00102179 0.0421006 8493.04 -0.000316539
71 14200 0.000706697 0.0286859 8493.03 -0.000148396
72 14400 0.000470379 0.0192944 8493.02 -6.87378e-05
73 14600 0.000312834 0.0127567 8493.01 -3.15311e-05
74 14800 0.000234061 0.00819815 8493.01 -1.44989e-05
75 15000 0.000155296 0.00515226 8493 -6.61169e-06
76 15200 7.63863e-05 0.00317542 8493 -2.90586e-06
77 15400 7.63863e-05 0.00157268 8493 -1.40207e-06
78 15600 7.63863e-05 0.000761368 8493 -6.73603e-07
79 15800 7.63863e-05 0.000366274 8493 -3.23092e-07
80 16000 7.63863e-05 0.000175991 8493 -1.54672e-07
81 16200 7.63863e-05 8.44299e-05 8493 -7.38723e-08
82 16400 7.63863e-05 4.04122e-05 8493 -3.51944e-08
83 16600 7.63863e-05 1.92958e-05 8493 -1.673e-08
84 16800 7.63863e-05 9.19076e-06 8493 -7.93042e-09
85 17000 7.63863e-05 4.36689e-06 8493 -3.74857e-09
86 17200 7.63863e-05 2.06969e-06 8493 -1.76804e-09
87 17400 7.63863e-05 9.78438e-07 8493 -8.33155e-10
88 17600 7.63863e-05 4.61354e-07 8493 -3.90522e-10
89 17800 7.63863e-05 2.16966e-07 8493 -1.82858e-10
90 18000 7.63863e-05 1.01763e-07 8493 -8.53427e-11
91 18200 7.63863e-05 4.76001e-08 8493 -3.96297e-11
92 18400 7.63863e-05 2.22041e-08 8493 -1.84116e-11
93 18600 7.63863e-05 1.03287e-08 8493 -8.42563e-12
94 18800 7.63863e-05 4.79078e-09 8493 -4.52487e-12
95 19000 7.63863e-05 2.21524e-09 8493 0
96 19200 7.63863e-05 1.02017e-09 8493 0
97 19400 7.63863e-05 4.6581e-10 8493 1.92327e-07
98 19600 7.63863e-05 2.06239e-10 8493 2.21401e-06
99 19800 7.63863e-05 7.81012e-11 8493 0.00520839
