NTS LL(mkm)  STRESS(GPa)   VEL(m / s)  DENS(kg/m3)  ENERGY(J) 
0 404.017 11.7506 400 9630.72 -77052.6
1 580.39 11.7492 399.887 9630.64 -77166.9
2 756.764 11.7442 399.723 9630.35 -77178.5
3 933.144 11.7286 399.46 9629.44 -77083.8
4 1109.54 11.6818 399.059 9626.73 -76739.9
5 1285.99 11.5542 398.391 9619.35 -75832.4
6 1462.57 11.2396 396.807 9601.23 -73592.1
7 1639.48 10.5136 392.134 9559.81 -68692
8 1817.16 8.86958 379.08 9468 -58872.9
9 1996.57 10.495 346.838 9355.16 -48405.3
10 2178.14 10.3287 340.833 9344.39 -47127
11 2359.91 10.0626 336.352 9327.22 -45122.9
12 2542.03 9.67962 330.604 9302.6 -42321.9
13 2724.62 9.1538 322.109 9269.05 -38661
14 2907.88 8.46567 310.087 9225.42 -34168.9
15 3092 7.59212 293.958 9170.64 -28972.4
16 3277.22 6.51119 273.124 9103.72 -23323.9
17 3463.8 5.1995 246.998 9023.76 -17631.3
18 3652.04 3.6776 215.144 8929.75 -12491
19 3842.26 3.08288 178.009 8840.32 -8664.9
20 4034.4 2.57999 146.026 8766.74 -5976.88
21 4228.15 2.15516 118.913 8706.13 -4098.87
22 4423.26 1.79876 96.2843 8656.32 -2793.28
23 4619.48 1.31455 77.5127 8613.58 -1885.7
24 4816.68 2.17601 58.6702 8588.43 -1424.47
25 5014.46 2.02679 54.9317 8581.78 -1235.11
26 5212.39 1.85958 51.523 8574.35 -1038.99
27 5410.5 1.6788 47.6454 8566.34 -846.195
28 5608.78 1.49206 43.3339 8558.09 -667.906
29 5807.26 1.30577 38.7907 8549.88 -511.183
30 6005.93 1.12541 34.1907 8541.95 -379.411
31 6204.79 0.955144 29.6757 8534.49 -273.12
32 6403.81 0.798461 25.3642 8527.64 -190.719
33 6603 0.657433 21.3498 8521.49 -129.221
34 6802.33 0.533272 17.6998 8516.09 -84.9765
35 7001.79 0.426246 14.4545 8511.44 -54.2528
36 7201.36 0.335676 11.6296 8507.51 -33.6392
37 7401.02 0.260562 9.21977 8504.26 -20.2637
38 7600.75 0.199428 7.20343 8501.61 -11.8631
39 7800.55 0.150475 5.54754 8499.5 -6.75209
40 8000.4 0.111981 4.21193 8497.83 -3.73765
41 8200.28 0.0822193 3.1532 8496.54 -2.01296
42 8400.2 0.0595409 2.32808 8495.57 -1.05515
43 8600.14 0.0425304 1.69537 8494.83 -0.538519
44 8800.09 0.0300079 1.21805 8494.29 -0.2677
45 9000.06 0.0208714 0.86341 8493.9 -0.129677
46 9200.04 0.0143339 0.60395 8493.62 -0.0612399
47 9400.03 0.00976532 0.4169 8493.42 -0.0282125
48 9600.02 0.00653577 0.284161 8493.28 -0.0126765
49 9800.01 0.0043302 0.191032 8493.18 -0.00556539
50 10000 0.00283354 0.126784 8493.12 -0.00238858
51 10200 0.00180951 0.0830398 8493.08 -0.00100316
52 10400 0.00117933 0.0535933 8493.05 -0.00041366
53 10600 0.000785469 0.0341306 8493.03 -0.00016721
54 10800 0.000470379 0.0212678 8493.02 -6.72577e-05
55 11000 0.000312834 0.01304 8493.01 -2.68535e-05
56 11200 0.000155296 0.00789106 8493.01 -1.03935e-05
57 11400 0.000155296 0.00438546 8493 -4.21545e-06
58 11600 7.63863e-05 0.0023203 8493 -1.8392e-06
59 11800 7.63863e-05 0.00104528 8493 -8.37236e-07
60 12000 7.63863e-05 0.000478261 8493 -3.79037e-07
61 12200 7.63863e-05 0.000217391 8493 -1.70729e-07
62 12400 7.63863e-05 9.82369e-05 8493 -7.6583e-08
63 12600 7.63863e-05 4.42048e-05 8493 -3.42136e-08
64 12800 7.63863e-05 1.98127e-05 8493 -1.52224e-08
65 13000 7.63863e-05 8.84394e-06 8493 -6.74317e-09
66 13200 7.63863e-05 3.93117e-06 8493 -2.97471e-09
67 13400 7.63863e-05 1.7399e-06 8493 -1.30676e-09
68 13600 7.63863e-05 7.66675e-07 8493 -5.70726e-10
69 13800 7.63863e-05 3.36313e-07 8493 -2.48308e-10
70 14000 7.63863e-05 1.46854e-07 8493 -1.07811e-10
71 14200 7.63863e-05 6.38271e-08 8493 -4.63371e-11
72 14400 7.63863e-05 2.76106e-08 8493 -1.98929e-11
73 14600 7.63863e-05 1.18869e-08 8493 -8.50268e-12
74 14800 7.63863e-05 5.0928e-09 8493 -3.66575e-12
75 15000 7.63863e-05 2.17128e-09 8493 -1.48132e-12
76 15200 7.63863e-05 9.21124e-10 8493 0
77 15400 7.63863e-05 3.88808e-10 8493 0
78 15600 7.63863e-05 1.63283e-10 8493 0
79 15800 7.63863e-05 6.82194e-11 8493 0
80 16000 7.63863e-05 2.83536e-11 8493 0
81 16200 7.63863e-05 1.17224e-11 8493 0
82 16400 7.63863e-05 4.82064e-12 8493 0
83 16600 7.63863e-05 1.97174e-12 8493 0
84 16800 7.63863e-05 8.02103e-13 8493 0
85 17000 7.63863e-05 3.24504e-13 8493 0
86 17200 7.63863e-05 1.30557e-13 8493 0
87 17400 7.63863e-05 5.22337e-14 8493 0
88 17600 7.63863e-05 2.07802e-14 8493 0
89 17800 7.63863e-05 8.22022e-15 8493 0
90 18000 7.63863e-05 3.23319e-15 8493 0
91 18200 7.63863e-05 1.26438e-15 8493 0
92 18400 7.63863e-05 4.91595e-16 8493 0
93 18600 7.63863e-05 1.90057e-16 8493 0
94 18800 7.63863e-05 7.30904e-17 8493 0
95 19000 7.63863e-05 2.81081e-17 8493 0
96 19200 7.63863e-05 1.11564e-17 8493 0
97 19400 7.63863e-05 5.50065e-18 8493 1.92327e-07
98 19600 7.63863e-05 1.62971e-12 8493 2.21401e-06
99 19800 7.63863e-05 1.00722e-12 8493 0.00520777
