NTS LL(mkm)  STRESS(GPa)   VEL(m / s)  DENS(kg/m3)  ENERGY(J) 
0 840.612 11.8282 400 9635.22 -77623.5
1 1016.9 11.8281 399.96 9635.21 -77748.2
2 1193.19 11.8279 399.921 9635.21 -77795.4
3 1369.48 11.8278 399.881 9635.2 -77814.2
4 1545.78 11.8275 399.841 9635.18 -77811
5 1722.07 11.8272 399.801 9635.16 -77826.6
6 1898.36 11.8267 399.76 9635.14 -77819.2
7 2074.65 11.8262 399.719 9635.1 -77822.5
8 2250.94 11.8255 399.677 9635.07 -77824.8
9 2427.24 11.8247 399.634 9635.02 -77812.9
10 2603.53 11.8236 399.587 9634.95 -77806.2
11 2779.83 11.8221 399.534 9634.86 -77801
12 2956.13 11.8196 399.468 9634.72 -77787.8
13 3132.43 11.8149 399.382 9634.45 -77751.8
14 3308.73 11.8047 399.27 9633.86 -77674.6
15 3485.05 11.782 399.111 9632.54 -77506.8
16 3661.39 11.7314 398.8 9629.6 -77137.2
17 3837.78 11.6221 397.995 9623.28 -76345.3
18 4014.29 11.3896 395.838 9609.86 -74674.2
19 4191.04 10.8846 390.58 9580.91 -71177.3
20 4368.33 9.75464 379.169 9517.08 -63954.8
21 4546.81 7.04226 359.811 9369.05 -50018
22 4728.11 7.01006 344.516 9367.34 -49877.4
23 4909.44 10.6255 338.694 9363.62 -49440.4
24 5090.85 10.5706 340.527 9360.06 -49010.2
25 5272.32 10.4975 339.148 9355.29 -48436.3
26 5453.89 10.3967 337.458 9348.78 -47658.9
27 5635.58 10.2616 335.164 9340.03 -46624.9
28 5817.44 10.083 332.04 9328.51 -45280.2
29 5999.53 9.85078 327.877 9313.61 -43571.5
30 6181.91 9.55453 322.434 9294.6 -41442.3
31 6364.66 9.18012 315.423 9270.69 -38843
32 6547.88 8.71133 306.504 9240.95 -35739.2
33 6731.69 8.13037 295.284 9204.37 -32118.1
34 6916.24 7.4179 281.316 9159.79 -28009.5
35 7101.68 6.5473 264.096 9105.93 -23503.4
36 7288.22 5.48968 243.041 9041.33 -18785.8
37 7476.09 4.21285 217.364 8964.5 -14193.4
38 7665.57 3.35421 185.94 8880.84 -10325.8
39 7856.83 2.87191 156.059 8809.21 -7477.39
40 8049.65 2.45639 130.552 8748.98 -5396.08
41 8243.8 2.0976 108.779 8698.02 -3872.27
42 8439.09 1.78752 90.2437 8654.77 -2756.84
43 8635.35 1.35331 74.2425 8616.44 -1937.49
44 8832.48 2.22516 57.4047 8590.62 -1490.59
45 9030.21 2.18629 55.18 8588.89 -1438.74
46 9227.98 2.13714 54.0917 8586.7 -1374.52
47 9425.8 2.07761 53.014 8584.04 -1298.75
48 9623.67 2.00824 51.6781 8580.96 -1213.17
49 9821.62 1.93002 50.0851 8577.48 -1120.17
50 10019.7 1.84375 48.2652 8573.65 -1021.95
51 10217.8 1.7504 46.2393 8569.51 -920.737
52 10416 1.651 44.0272 8565.11 -818.836
53 10614.3 1.54693 41.6538 8560.51 -718.534
54 10812.7 1.43945 39.1492 8555.77 -621.94
55 11011.3 1.33018 36.5464 8550.95 -530.861
56 11209.9 1.22046 33.8811 8546.13 -446.732
57 11408.7 1.11186 31.1894 8541.36 -370.569
58 11607.5 1.00554 28.5067 8536.7 -302.955
59 11806.5 0.902695 25.8669 8532.2 -244.076
60 12005.6 0.804502 23.3006 8527.91 -193.766
61 12204.8 0.711596 20.8352 8523.86 -151.565
62 12404 0.624849 18.4932 8520.07 -116.809
63 12603.4 0.544584 16.2932 8516.58 -88.6942
64 12802.9 0.471043 14.2483 8513.39 -66.3518
65 13002.4 0.404472 12.3678 8510.5 -48.9055
66 13202 0.344719 10.6557 8507.91 -35.515
67 13401.6 0.291634 9.11259 8505.6 -25.4117
68 13601.3 0.244907 7.73519 8503.58 -17.9158
69 13801.1 0.204149 6.51753 8501.82 -12.4464
70 14000.9 0.168971 5.45107 8500.29 -8.52104
71 14200.7 0.138746 4.52578 8498.99 -5.74891
72 14400.5 0.113162 3.72991 8497.88 -3.82285
73 14600.4 0.0916678 3.05178 8496.95 -2.50552
74 14800.3 0.0736365 2.47875 8496.18 -1.61869
75 15000.3 0.0587534 1.99886 8495.53 -1.03093
76 15200.2 0.0465469 1.60018 8495.01 -0.647383
77 15400.2 0.0366237 1.27202 8494.58 -0.400794
78 15600.1 0.0286689 1.0038 8494.23 -0.244707
79 15800.1 0.0222104 0.786637 8493.96 -0.147341
80 16000.1 0.0171695 0.612162 8493.74 -0.0874944
81 16200.1 0.0130736 0.472773 8493.56 -0.0512611
82 16400 0.0100016 0.362762 8493.43 -0.029629
83 16600 0.00755978 0.276312 8493.32 -0.0168984
84 16800 0.0056693 0.209032 8493.24 -0.0095108
85 17000 0.00417266 0.156937 8493.18 -0.00528308
86 17200 0.00314863 0.117011 8493.13 -0.00289671
87 17400 0.00228214 0.0865423 8493.1 -0.00156889
88 17600 0.00165196 0.0635184 8493.07 -0.00083923
89 17800 0.0012581 0.0462657 8493.05 -0.000443281
90 18000 0.000864242 0.0333344 8493.04 -0.000231821
91 18200 0.000627924 0.0238109 8493.03 -0.000119789
92 18400 0.000470379 0.0167955 8493.02 -6.12515e-05
93 18600 0.000312834 0.0116609 8493.01 -3.10169e-05
94 18800 0.000234061 0.00788798 8493.01 -1.56671e-05
95 19000 0.000155296 0.00531386 8493.01 -7.67472e-06
96 19200 0.000155296 0.00346616 8493 -3.60893e-06
97 19400 7.63863e-05 0.0018151 8493 -1.68357e-06
98 19600 7.63863e-05 0.000887981 8493 1.18652e-06
99 19800 7.63863e-05 0.000358471 8493 0.00520844
