NTS LL(mkm)  STRESS(GPa)   VEL(m / s)  DENS(kg/m3)  ENERGY(J) 
0 403.775 11.7506 400 9630.72 -77052.2
1 580.149 11.7491 399.888 9630.63 -77166.2
2 756.523 11.7441 399.724 9630.34 -77177.4
3 932.903 11.7283 399.459 9629.43 -77082.1
4 1109.3 11.6814 399.05 9626.71 -76737.1
5 1285.75 11.5533 398.372 9619.3 -75825.9
6 1462.33 11.2369 396.783 9601.08 -73573.4
7 1639.25 10.5061 392.115 9559.38 -68643.2
8 1816.94 8.85086 379.044 9466.97 -58771.3
9 1996.36 10.4921 346.665 9354.97 -48383.1
10 2177.93 10.3269 340.732 9344.25 -47110.6
11 2359.71 10.0602 336.295 9327.05 -45102.4
12 2541.83 9.67524 330.547 9302.34 -42292.7
13 2724.43 9.14843 322.023 9268.68 -38621.8
14 2907.69 8.45788 309.959 9224.94 -34120.3
15 3091.82 7.58169 293.781 9170.02 -28916.2
16 3277.05 6.49882 272.891 9102.95 -23263.5
17 3463.65 5.18434 246.696 9022.84 -17572.5
18 3651.91 3.67071 214.754 8928.7 -12442.6
19 3842.15 3.07698 177.651 8839.44 -8629.96
20 4034.31 2.57496 145.709 8766 -5952.09
21 4228.08 2.1509 118.634 8705.52 -4081.6
22 4423.2 1.79513 96.047 8655.83 -2781.33
23 4619.44 1.30783 77.3422 8613.09 -1876.96
24 4816.65 2.17383 58.5456 8588.33 -1421.61
25 5014.43 2.02484 54.8707 8581.69 -1232.67
26 5212.36 1.85724 51.4775 8574.25 -1036.43
27 5410.47 1.67622 47.5935 8566.23 -843.625
28 5608.76 1.48933 43.274 8557.97 -665.501
29 5807.24 1.30303 38.7261 8549.76 -509.053
30 6005.91 1.12274 34.1242 8541.84 -377.61
31 6204.77 0.952635 29.6094 8534.38 -271.661
32 6403.8 0.796029 25.3 8527.54 -189.584
33 6602.99 0.655235 21.2893 8521.4 -128.372
34 6802.32 0.531386 17.6442 8516.01 -84.3643
35 7001.78 0.424517 14.4045 8511.37 -53.8272
36 7201.35 0.33426 11.5857 8507.45 -33.3534
37 7401.01 0.259382 9.18193 8504.21 -20.0782
38 7600.75 0.198405 7.17147 8501.57 -11.7466
39 7800.54 0.149688 5.52109 8499.46 -6.6812
40 8000.39 0.111351 4.19042 8497.8 -3.69586
41 8200.28 0.0816681 3.136 8496.52 -1.98907
42 8400.2 0.0591472 2.3146 8495.55 -1.04188
43 8600.14 0.0422154 1.68493 8494.82 -0.531379
44 8800.09 0.0297716 1.21013 8494.28 -0.26396
45 9000.06 0.0207139 0.857484 8493.89 -0.127773
46 9200.04 0.0142551 0.599597 8493.61 -0.0602956
47 9400.03 0.00968655 0.413733 8493.41 -0.0277573
48 9600.02 0.006457 0.281888 8493.28 -0.0124637
49 9800.01 0.00425143 0.189427 8493.18 -0.00546874
50 10000 0.00283354 0.1257 8493.12 -0.0023447
51 10200 0.00180951 0.0822687 8493.08 -0.000984315
52 10400 0.00117933 0.0530874 8493.05 -0.000405538
53 10600 0.000706697 0.0337743 8493.03 -0.000163998
54 10800 0.000470379 0.0210533 8493.02 -6.58888e-05
55 11000 0.000312834 0.012897 8493.01 -2.62834e-05
56 11200 0.000155296 0.0077874 8493.01 -1.02019e-05
57 11400 0.000155296 0.0043465 8493 -4.10115e-06
58 11600 7.63863e-05 0.00226839 8493 -1.80504e-06
59 11800 7.63863e-05 0.00102565 8493 -8.21998e-07
60 12000 7.63863e-05 0.000469695 8493 -3.7202e-07
61 12200 7.63863e-05 0.000213409 8493 -1.67525e-07
62 12400 7.63863e-05 9.64085e-05 8493 -7.51303e-08
63 12600 7.63863e-05 4.33731e-05 8493 -3.35578e-08
64 12800 7.63863e-05 1.94361e-05 8493 -1.49275e-08
65 13000 7.63863e-05 8.67406e-06 8493 -6.6111e-09
66 13200 7.63863e-05 3.85484e-06 8493 -2.91581e-09
67 13400 7.63863e-05 1.70575e-06 8493 -1.28062e-09
68 13600 7.63863e-05 7.51457e-07 8493 -5.59181e-10
69 13800 7.63863e-05 3.29561e-07 8493 -2.43238e-10
70 14000 7.63863e-05 1.43872e-07 8493 -1.05548e-10
71 14200 7.63863e-05 6.25158e-08 8493 -4.54009e-11
72 14400 7.63863e-05 2.70366e-08 8493 -1.94248e-11
73 14600 7.63863e-05 1.16368e-08 8493 -8.34665e-12
74 14800 7.63863e-05 4.9844e-09 8493 -3.58869e-12
75 15000 7.63863e-05 2.1245e-09 8493 -1.40427e-12
76 15200 7.63863e-05 9.01039e-10 8493 0
77 15400 7.63863e-05 3.80227e-10 8493 0
78 15600 7.63863e-05 1.59635e-10 8493 0
79 15800 7.63863e-05 6.66763e-11 8493 0
80 16000 7.63863e-05 2.77042e-11 8493 0
81 16200 7.63863e-05 1.14505e-11 8493 0
82 16400 7.63863e-05 4.70743e-12 8493 0
83 16600 7.63863e-05 1.92485e-12 8493 0
84 16800 7.63863e-05 7.82783e-13 8493 0
85 17000 7.63863e-05 3.16588e-13 8493 0
86 17200 7.63863e-05 1.27331e-13 8493 0
87 17400 7.63863e-05 5.09264e-14 8493 0
88 17600 7.63863e-05 2.02535e-14 8493 0
89 17800 7.63863e-05 8.00914e-15 8493 0
90 18000 7.63863e-05 3.14909e-15 8493 0
91 18200 7.63863e-05 1.23107e-15 8493 0
92 18400 7.63863e-05 4.78474e-16 8493 0
93 18600 7.63863e-05 1.84918e-16 8493 0
94 18800 7.63863e-05 7.10897e-17 8493 0
95 19000 7.63863e-05 2.73275e-17 8493 0
96 19200 7.63863e-05 1.0841e-17 8493 0
97 19400 7.63863e-05 5.34556e-18 8493 1.92327e-07
98 19600 7.63863e-05 1.64771e-12 8493 2.21401e-06
99 19800 7.63863e-05 1.01834e-12 8493 0.00520777
