NTS LL(mkm)  STRESS(GPa)   VEL(m / s)  DENS(kg/m3)  ENERGY(J) 
0 399.913 11.7497 400 9630.67 -77045.2
1 576.287 11.7476 399.905 9630.55 -77155.4
2 752.664 11.7415 399.749 9630.19 -77158.5
3 929.046 11.724 399.451 9629.18 -77050.7
4 1105.45 11.6743 398.917 9626.3 -76685.4
5 1281.9 11.5382 398.02 9618.43 -75717.1
6 1458.5 11.1945 396.263 9598.64 -73277.6
7 1635.46 10.3853 391.632 9552.54 -67861
8 1813.28 8.54071 378.374 9449.96 -57119.4
9 1993.03 10.4518 343.867 9352.34 -48067.9
10 2174.65 10.2952 339.277 9342.23 -46871.1
11 2356.47 10.0159 335.532 9324.19 -44772.2
12 2538.64 9.60805 329.668 9298.02 -41811.5
13 2721.32 9.05318 320.605 9262.63 -37980.1
14 2904.71 8.33043 307.843 9216.93 -33330
15 3089 7.41786 290.877 9159.83 -28006.8
16 3274.44 6.29348 269.083 9090.37 -22292
17 3461.3 4.93417 241.79 9007.76 -16635.2
18 3649.87 3.56092 208.451 8912.05 -11686.5
19 3840.46 2.98215 171.932 8825.42 -8086.26
20 4032.93 2.49385 140.69 8754.32 -5566.78
21 4226.96 2.08273 114.216 8695.92 -3813.6
22 4422.29 1.73909 92.1734 8648.09 -2598.87
23 4618.7 1.20327 74.4898 8605.37 -1746.5
24 4816.09 2.14415 56.7558 8587.01 -1382.86
25 5013.9 1.99358 54.1114 8580.3 -1194.75
26 5211.87 1.81995 50.8038 8572.59 -995.069
27 5410.01 1.63491 46.7458 8564.4 -802.387
28 5608.34 1.44609 42.2952 8556.06 -627.299
29 5806.87 1.25944 37.68 8547.84 -475.476
30 6005.59 1.08005 33.0535 8539.97 -349.403
31 6204.49 0.912026 28.5476 8532.61 -248.953
32 6403.56 0.758368 24.2763 8525.89 -172.027
33 6602.79 0.62108 20.3279 8519.91 -115.316
34 6802.16 0.50106 16.7632 8514.69 -75.0098
35 7001.65 0.398262 13.6156 8510.23 -47.3619
36 7201.24 0.311926 10.8944 8506.48 -29.0381
37 7400.92 0.240737 8.58859 8503.4 -17.2938
38 7600.68 0.183216 6.67223 8500.91 -10.0083
39 7800.49 0.137408 5.10896 8498.93 -5.63022
40 8000.35 0.101667 3.85638 8497.39 -3.08004
41 8200.25 0.0741877 2.87003 8496.2 -1.63911
42 8400.18 0.0533984 2.10638 8495.3 -0.848896
43 8600.12 0.0378838 1.52468 8494.63 -0.428028
44 8800.08 0.0265424 1.08874 8494.14 -0.210189
45 9000.06 0.0183509 0.766976 8493.79 -0.10058
46 9200.04 0.0125222 0.533212 8493.54 -0.046911
47 9400.02 0.00850502 0.365751 8493.36 -0.0213418
48 9600.02 0.0056693 0.247612 8493.24 -0.00947597
49 9800.01 0.00370003 0.1654 8493.16 -0.0041112
50 10000 0.00243968 0.109094 8493.1 -0.00174238
51 10200 0.00157319 0.0709094 8493.07 -0.000723743
52 10400 0.00102179 0.0454529 8493.04 -0.000295067
53 10600 0.000627924 0.0286563 8493.03 -0.000118594
54 10800 0.000391606 0.0177465 8493.02 -4.72478e-05
55 11000 0.000234061 0.0107483 8493.01 -1.87495e-05
56 11200 0.000155296 0.00627001 8493.01 -7.57128e-06
57 11400 7.63863e-05 0.00359699 8493 -2.96982e-06
58 11600 7.63863e-05 0.00169046 8493 -1.35152e-06
59 11800 7.63863e-05 0.000773014 8493 -6.10932e-07
60 12000 7.63863e-05 0.000350334 8493 -2.75207e-07
61 12200 7.63863e-05 0.000158263 8493 -1.23531e-07
62 12400 7.63863e-05 7.12645e-05 8493 -5.52284e-08
63 12600 7.63863e-05 3.19651e-05 8493 -2.45878e-08
64 12800 7.63863e-05 1.42784e-05 8493 -1.09005e-08
65 13000 7.63863e-05 6.35102e-06 8493 -4.81077e-09
66 13200 7.63863e-05 2.81276e-06 8493 -2.11425e-09
67 13400 7.63863e-05 1.24022e-06 8493 -9.24974e-10
68 13600 7.63863e-05 5.4438e-07 8493 -4.02379e-10
69 13800 7.63863e-05 2.37851e-07 8493 -1.74432e-10
70 14000 7.63863e-05 1.03437e-07 8493 -7.52797e-11
71 14200 7.63863e-05 4.47698e-08 8493 -3.22963e-11
72 14400 7.63863e-05 1.92845e-08 8493 -1.37287e-11
73 14600 7.63863e-05 8.26641e-09 8493 -5.85017e-12
74 14800 7.63863e-05 3.52602e-09 8493 -3.04162e-12
75 15000 7.63863e-05 1.49653e-09 8493 -1.5603e-13
76 15200 7.63863e-05 6.31962e-10 8493 0
77 15400 7.63863e-05 2.65504e-10 8493 0
78 15600 7.63863e-05 1.10969e-10 8493 0
79 15800 7.63863e-05 4.61369e-11 8493 0
80 16000 7.63863e-05 1.90805e-11 8493 0
81 16200 7.63863e-05 7.84866e-12 8493 0
82 16400 7.63863e-05 3.21102e-12 8493 0
83 16600 7.63863e-05 1.30649e-12 8493 0
84 16800 7.63863e-05 5.28647e-13 8493 0
85 17000 7.63863e-05 2.12714e-13 8493 0
86 17200 7.63863e-05 8.51092e-14 8493 0
87 17400 7.63863e-05 3.38602e-14 8493 0
88 17600 7.63863e-05 1.33941e-14 8493 0
89 17800 7.63863e-05 5.26789e-15 8493 0
90 18000 7.63863e-05 2.05986e-15 8493 0
91 18200 7.63863e-05 8.0075e-16 8493 0
92 18400 7.63863e-05 3.09464e-16 8493 0
93 18600 7.63863e-05 1.18905e-16 8493 0
94 18800 7.63863e-05 4.5458e-17 8493 0
95 19000 7.63863e-05 1.73654e-17 8493 0
96 19200 7.63863e-05 6.84481e-18 8493 0
97 19400 7.63863e-05 3.35003e-18 8493 1.92327e-07
98 19600 7.63863e-05 1.96411e-12 8493 2.21401e-06
99 19800 7.63863e-05 1.21388e-12 8493 0.00520776
