NTS LL(mkm)  STRESS(GPa)   VEL(m / s)  DENS(kg/m3)  ENERGY(J) 
0 401.362 11.75 400 9630.68 -77047.7
1 577.735 11.7482 399.899 9630.58 -77159.4
2 754.111 11.7425 399.738 9630.25 -77165.8
3 930.493 11.7258 399.45 9629.28 -77063.5
4 1106.89 11.6772 398.964 9626.46 -76706.5
5 1283.34 11.5441 398.16 9618.76 -75759.3
6 1459.94 11.2104 396.487 9599.55 -73388.1
7 1636.88 10.4308 391.854 9555.12 -68154.5
8 1814.65 8.65945 378.648 9456.45 -57744.2
9 1994.27 10.4655 344.922 9353.25 -48176.5
10 2175.88 10.3065 339.78 9342.95 -46956.1
11 2357.68 10.0325 335.783 9325.27 -44896.7
12 2539.83 9.63371 329.99 9299.67 -41995.1
13 2722.49 9.08955 321.147 9264.94 -38224.2
14 2905.82 8.37902 308.653 9219.97 -33629.4
15 3090.05 7.48041 291.984 9163.7 -28350
16 3275.41 6.37128 270.528 9095.15 -22657.3
17 3462.17 5.02912 243.644 9013.48 -16985.9
18 3650.62 3.60178 210.827 8918.25 -11965.9
19 3841.09 3.01743 174.073 8830.64 -8286.74
20 4033.44 2.52395 142.557 8758.67 -5708.82
21 4227.37 2.10819 115.86 8699.49 -3912.33
22 4422.63 1.75975 93.644 8650.94 -2665.41
23 4618.98 1.24171 75.5962 8608.21 -1793.26
24 4816.3 2.15412 57.3732 8587.45 -1395.85
25 5014.1 2.0052 54.3456 8580.82 -1208.8
26 5212.05 1.83415 51.0473 8573.22 -1010.7
27 5410.18 1.65053 47.0692 8565.09 -817.876
28 5608.5 1.46236 42.667 8556.78 -641.557
29 5807.01 1.27588 38.0748 8548.56 -487.954
30 6005.71 1.09603 33.4561 8540.67 -359.846
31 6204.59 0.927157 28.946 8533.27 -257.329
32 6403.65 0.772413 24.6596 8526.51 -178.479
33 6602.86 0.6338 20.687 8520.47 -120.096
34 6802.22 0.512295 17.0916 8515.18 -78.4219
35 7001.7 0.408009 13.9091 8510.65 -49.7114
36 7201.28 0.320184 11.151 8506.84 -30.6005
37 7400.96 0.24766 8.80841 8503.7 -18.2981
38 7600.7 0.188804 6.85682 8501.15 -10.6329
39 7800.51 0.141895 5.26101 8499.13 -6.00647
40 8000.37 0.10521 3.97942 8497.54 -3.29964
41 8200.26 0.0769436 2.9678 8496.32 -1.76342
42 8400.18 0.0554459 2.18273 8495.39 -0.917189
43 8600.13 0.0394589 1.58335 8494.7 -0.464457
44 8800.09 0.0277238 1.13307 8494.19 -0.229073
45 9000.06 0.0192174 0.799985 8493.83 -0.110091
46 9200.04 0.0131524 0.557357 8493.57 -0.0515757
47 9400.03 0.00889886 0.383224 8493.38 -0.0235636
48 9600.02 0.00590561 0.259976 8493.25 -0.0105103
49 9800.01 0.00393634 0.174132 8493.17 -0.00457746
50 10000 0.00259723 0.115064 8493.11 -0.0019491
51 10200 0.00165196 0.0750009 8493.07 -0.000812895
52 10400 0.00102179 0.048208 8493.04 -0.000332573
53 10600 0.000706697 0.0305175 8493.03 -0.000133645
54 10800 0.000391606 0.0189395 8493.02 -5.32618e-05
55 11000 0.000234061 0.011525 8493.01 -2.10563e-05
56 11200 0.000155296 0.00675542 8493.01 -8.486e-06
57 11400 7.63863e-05 0.00390023 8493 -3.29085e-06
58 11600 7.63863e-05 0.00186332 8493 -1.50783e-06
59 11800 7.63863e-05 0.000860665 8493 -6.83497e-07
60 12000 7.63863e-05 0.000391593 8493 -3.08277e-07
61 12200 7.63863e-05 0.000177134 8493 -1.38521e-07
62 12400 7.63863e-05 7.9838e-05 8493 -6.2002e-08
63 12600 7.63863e-05 3.58507e-05 8493 -2.7638e-08
64 12800 7.63863e-05 1.60336e-05 8493 -1.22684e-08
65 13000 7.63863e-05 7.14081e-06 8493 -5.42167e-09
66 13200 7.63863e-05 3.16666e-06 8493 -2.38588e-09
67 13400 7.63863e-05 1.39814e-06 8493 -1.0455e-09
68 13600 7.63863e-05 6.14547e-07 8493 -4.55271e-10
69 13800 7.63863e-05 2.6889e-07 8493 -1.97835e-10
70 14000 7.63863e-05 1.17105e-07 8493 -8.54217e-11
71 14200 7.63863e-05 5.07609e-08 8493 -3.66652e-11
72 14400 7.63863e-05 2.18982e-08 8493 -1.56801e-11
73 14600 7.63863e-05 9.40129e-09 8493 -6.78635e-12
74 14800 7.63863e-05 4.01642e-09 8493 -3.04162e-12
75 15000 7.63863e-05 1.7074e-09 8493 -6.24121e-13
76 15200 7.63863e-05 7.22191e-10 8493 0
77 15400 7.63863e-05 3.03919e-10 8493 0
78 15600 7.63863e-05 1.2724e-10 8493 0
79 15800 7.63863e-05 5.2994e-11 8493 0
80 16000 7.63863e-05 2.19551e-11 8493 0
81 16200 7.63863e-05 9.04743e-12 8493 0
82 16400 7.63863e-05 3.70826e-12 8493 0
83 16600 7.63863e-05 1.51163e-12 8493 0
84 16800 7.63863e-05 6.12815e-13 8493 0
85 17000 7.63863e-05 2.47058e-13 8493 0
86 17200 7.63863e-05 9.90452e-14 8493 0
87 17400 7.63863e-05 3.94832e-14 8493 0
88 17600 7.63863e-05 1.56501e-14 8493 0
89 17800 7.63863e-05 6.16782e-15 8493 0
90 18000 7.63863e-05 2.41679e-15 8493 0
91 18200 7.63863e-05 9.41497e-16 8493 0
92 18400 7.63863e-05 3.64636e-16 8493 0
93 18600 7.63863e-05 1.40417e-16 8493 0
94 18800 7.63863e-05 5.37917e-17 8493 0
95 19000 7.63863e-05 2.05965e-17 8493 0
96 19200 7.63863e-05 8.14242e-18 8493 0
97 19400 7.63863e-05 3.99108e-18 8493 1.92327e-07
98 19600 7.63863e-05 1.8389e-12 8493 2.21401e-06
99 19800 7.63863e-05 1.1365e-12 8493 0.00520776
