NTS LL(mkm)  STRESS(GPa)   VEL(m / s)  DENS(kg/m3)  ENERGY(J) 
0 403.293 11.7505 400 9630.71 -77051.2
1 579.666 11.7489 399.89 9630.62 -77164.8
2 756.041 11.7438 399.727 9630.32 -77175.2
3 932.421 11.7279 399.456 9629.4 -77078.6
4 1108.82 11.6806 399.032 9626.66 -76731.4
5 1285.27 11.5515 398.332 9619.19 -75812.8
6 1461.85 11.2316 396.731 9600.77 -73536.2
7 1638.77 10.4911 392.073 9558.53 -68545.6
8 1816.48 8.81326 378.97 9464.9 -58567.4
9 1995.94 10.4869 346.319 9354.61 -48339.4
10 2177.52 10.3229 340.532 9343.98 -47078.4
11 2359.31 10.0546 336.184 9326.69 -45061.3
12 2541.43 9.66691 330.433 9301.81 -42233.9
13 2724.04 9.13682 321.85 9267.94 -38543.2
14 2907.32 8.44246 309.702 9223.96 -34023
15 3091.47 7.56165 293.426 9168.76 -28803.5
16 3276.73 6.4732 272.422 9101.41 -23142.6
17 3463.36 5.15346 246.089 9020.99 -17455
18 3651.65 3.65663 213.972 8926.6 -12346.2
19 3841.94 3.06518 176.935 8837.67 -8560.41
20 4034.14 2.56457 145.075 8764.53 -5902.77
21 4227.94 2.14231 118.077 8704.3 -4047.24
22 4423.08 1.78793 95.5707 8654.83 -2757.63
23 4619.34 1.29443 76.9995 8612.1 -1859.67
24 4816.58 2.16963 58.3 8588.14 -1416.04
25 5014.36 2.02087 54.7531 8581.52 -1227.81
26 5212.3 1.85272 51.388 8574.05 -1031.31
27 5410.41 1.67115 47.4896 8566 -838.482
28 5608.71 1.48401 43.1539 8557.73 -660.696
29 5807.19 1.29763 38.5965 8549.52 -504.804
30 6005.87 1.11734 33.9909 8541.6 -374.022
31 6204.73 0.94754 29.4768 8534.16 -268.758
32 6403.77 0.791322 25.1718 8527.33 -187.328
33 6602.96 0.650916 21.1685 8521.21 -126.686
34 6802.3 0.527537 17.5332 8515.84 -83.1499
35 7001.76 0.421215 14.3048 8511.22 -52.9837
36 7201.34 0.331429 11.4981 8507.33 -32.7876
37 7401 0.257022 9.10651 8504.1 -19.7113
38 7600.74 0.196516 7.10785 8501.49 -11.5164
39 7800.54 0.148113 5.46841 8499.39 -6.5413
40 8000.39 0.110091 4.14761 8497.75 -3.61348
41 8200.28 0.0807232 3.10181 8496.48 -1.94204
42 8400.19 0.0583597 2.28778 8495.52 -1.01581
43 8600.13 0.0416641 1.66423 8494.8 -0.517344
44 8800.09 0.0293778 1.19441 8494.26 -0.256621
45 9000.06 0.0203988 0.845724 8493.88 -0.124043
46 9200.04 0.0140188 0.590948 8493.6 -0.0584511
47 9400.03 0.00952902 0.407483 8493.41 -0.0268668
48 9600.02 0.00637823 0.277387 8493.27 -0.0120477
49 9800.01 0.00417266 0.186262 8493.18 -0.00527944
50 10000 0.00275477 0.123515 8493.12 -0.0022604
51 10200 0.00180951 0.080793 8493.08 -0.0009471
52 10400 0.00117933 0.0520832 8493.05 -0.000389477
53 10600 0.000706697 0.0330618 8493.03 -0.000157683
54 10800 0.000470379 0.0206309 8493.02 -6.31861e-05
55 11000 0.000312834 0.0126137 8493.01 -2.51559e-05
56 11200 0.000155296 0.00757729 8493.01 -9.82981e-06
57 11400 0.000155296 0.0042761 8493 -3.86987e-06
58 11600 7.63863e-05 0.00215997 8493 -1.73949e-06
59 11800 7.63863e-05 0.000988521 8493 -7.92389e-07
60 12000 7.63863e-05 0.000453069 8493 -3.58352e-07
61 12200 7.63863e-05 0.000205647 8493 -1.61289e-07
62 12400 7.63863e-05 9.28488e-05 8493 -7.23048e-08
63 12600 7.63863e-05 4.17549e-05 8493 -3.22827e-08
64 12800 7.63863e-05 1.87037e-05 8493 -1.43544e-08
65 13000 7.63863e-05 8.34379e-06 8493 -6.35453e-09
66 13200 7.63863e-05 3.70649e-06 8493 -2.80144e-09
67 13400 7.63863e-05 1.63938e-06 8493 -1.22984e-09
68 13600 7.63863e-05 7.21896e-07 8493 -5.36636e-10
69 13800 7.63863e-05 3.1645e-07 8493 -2.33487e-10
70 14000 7.63863e-05 1.38082e-07 8493 -1.01179e-10
71 14200 7.63863e-05 5.99711e-08 8493 -4.34515e-11
72 14400 7.63863e-05 2.59232e-08 8493 -1.86446e-11
73 14600 7.63863e-05 1.1152e-08 8493 -8.03459e-12
74 14800 7.63863e-05 4.77426e-09 8493 -3.43266e-12
75 15000 7.63863e-05 2.03387e-09 8493 -1.24824e-12
76 15200 7.63863e-05 8.62136e-10 8493 0
77 15400 7.63863e-05 3.63611e-10 8493 0
78 15600 7.63863e-05 1.52574e-10 8493 0
79 15800 7.63863e-05 6.36908e-11 8493 0
80 16000 7.63863e-05 2.64484e-11 8493 0
81 16200 7.63863e-05 1.0925e-11 8493 0
82 16400 7.63863e-05 4.4887e-12 8493 0
83 16600 7.63863e-05 1.83429e-12 8493 0
84 16800 7.63863e-05 7.45489e-13 8493 0
85 17000 7.63863e-05 3.01314e-13 8493 0
86 17200 7.63863e-05 1.2111e-13 8493 0
87 17400 7.63863e-05 4.84065e-14 8493 0
88 17600 7.63863e-05 1.92385e-14 8493 0
89 17800 7.63863e-05 7.60265e-15 8493 0
90 18000 7.63863e-05 2.98722e-15 8493 0
91 18200 7.63863e-05 1.16698e-15 8493 0
92 18400 7.63863e-05 4.53246e-16 8493 0
93 18600 7.63863e-05 1.75044e-16 8493 0
94 18800 7.63863e-05 6.72434e-17 8493 0
95 19000 7.63863e-05 2.58334e-17 8493 0
96 19200 7.63863e-05 1.02413e-17 8493 0
97 19400 7.63863e-05 5.04054e-18 8493 1.92327e-07
98 19600 7.63863e-05 1.68428e-12 8493 2.21401e-06
99 19800 7.63863e-05 1.04094e-12 8493 0.00520777
