NTS LL(mkm)  STRESS(GPa)   VEL(m / s)  DENS(kg/m3)  ENERGY(J) 
0 603.381 11.7975 400 9633.44 -77397.3
1 779.705 11.7974 399.92 9633.43 -77521.4
2 956.028 11.7971 399.84 9633.41 -77567.4
3 1132.35 11.7966 399.759 9633.39 -77584.1
4 1308.68 11.7958 399.676 9633.34 -77577
5 1485 11.7943 399.593 9633.26 -77584.2
6 1661.33 11.791 399.51 9633.07 -77555.7
7 1837.66 11.7836 399.42 9632.63 -77507.7
8 2014 11.7668 399.279 9631.66 -77391.5
9 2190.35 11.7306 398.938 9629.56 -77120.1
10 2366.75 11.6522 398.081 9625.02 -76549.1
11 2543.22 11.4753 396.227 9614.8 -75278.1
12 2719.89 11.0568 392.856 9590.75 -72344.9
13 2897 10.0619 386.926 9534.31 -65827.8
14 3075.15 7.75214 373.365 9407.11 -53201
15 3255.72 10.5073 334.678 9355.96 -48512.1
16 3437.27 10.5134 340.19 9356.36 -48560.6
17 3618.82 10.383 338.922 9347.91 -47552
18 3800.53 10.2014 336.03 9336.14 -46165.2
19 3982.46 9.956 331.84 9320.34 -44336.4
20 4164.71 9.63187 326.179 9299.54 -41984.9
21 4347.37 9.21096 318.644 9272.67 -39051.1
22 4530.55 8.67478 308.769 9238.65 -35500.5
23 4714.41 8.00293 296.063 9196.33 -31349.5
24 4899.11 7.17256 279.987 9144.55 -26680.1
25 5084.86 6.1589 259.935 9082.11 -21672.7
26 5271.89 4.93433 235.244 9007.77 -16637.9
27 5460.46 3.61604 205.326 8920.41 -12063.6
28 5650.88 3.07382 171.696 8838.96 -8610.47
29 5843.05 2.60898 142.81 8770.91 -6119.32
30 6036.71 2.21163 118.187 8714.09 -4329.01
31 6231.64 1.87369 97.1705 8666.71 -3048.09
32 6427.63 1.49611 78.8416 8626.97 -2138.95
33 6624.52 2.26074 60.7841 8592.21 -1538.49
34 6822.21 2.16145 56.6829 8587.78 -1405.87
35 7020.01 2.06623 54.0457 8583.54 -1284.26
36 7217.9 1.96192 51.7841 8578.9 -1157.39
37 7415.89 1.84616 49.3695 8573.75 -1024.36
38 7614.01 1.72058 46.6635 8568.19 -889.33
39 7812.25 1.58795 43.6876 8562.32 -757.1
40 8010.64 1.45102 40.5046 8556.28 -631.823
41 8209.16 1.31258 37.1839 8550.18 -516.757
42 8407.82 1.17537 33.7947 8544.15 -414.133
43 8606.62 1.04174 30.4044 8538.29 -325.164
44 8805.56 0.913907 27.0758 8532.69 -250.114
45 9004.63 0.793519 23.8651 8527.43 -188.469
46 9203.82 0.681926 20.8194 8522.56 -139.125
47 9403.13 0.580087 17.9762 8518.13 -100.613
48 9602.54 0.488331 15.3622 8514.14 -71.2886
49 9802.04 0.406988 12.9942 8510.6 -49.4911
50 10001.6 0.335755 10.8792 8507.51 -33.6694
51 10201.3 0.274171 9.01623 8504.85 -22.4486
52 10401 0.221696 7.39685 8502.58 -14.6706
53 10600.8 0.177471 6.00757 8500.66 -9.39871
54 10800.6 0.140635 4.83062 8499.07 -5.90372
55 11000.5 0.110406 3.84581 8497.76 -3.6365
56 11200.3 0.0858413 3.03188 8496.7 -2.19693
57 11400.3 0.066077 2.36682 8495.85 -1.30199
58 11600.2 0.0504058 1.82978 8495.17 -0.757014
59 11800.1 0.0380413 1.40106 8494.64 -0.431941
60 12000.1 0.0285114 1.06254 8494.23 -0.2419
61 12200.1 0.0211077 0.798226 8493.91 -0.132994
62 12400.1 0.0155154 0.594021 8493.67 -0.0717962
63 12600 0.0113407 0.437862 8493.49 -0.0380677
64 12800 0.00818994 0.319803 8493.35 -0.0198277
65 13000 0.00582684 0.231356 8493.25 -0.0101508
66 13200 0.00417266 0.165832 8493.18 -0.00510744
67 13400 0.00291231 0.117713 8493.12 -0.00252744
68 13600 0.00204582 0.0827116 8493.09 -0.00123127
69 13800 0.00141565 0.0575225 8493.06 -0.000591054
70 14000 0.000943014 0.0396165 8493.04 -0.000279363
71 14200 0.000627924 0.0269329 8493.03 -0.000130252
72 14400 0.000470379 0.0180037 8493.02 -6.02821e-05
73 14600 0.000312834 0.0118657 8493.01 -2.76332e-05
74 14800 0.000234061 0.00766474 8493.01 -1.24957e-05
75 15000 0.000155296 0.00467054 8493 -5.77692e-06
76 15200 7.63863e-05 0.00287104 8493 -2.57199e-06
77 15400 7.63863e-05 0.00139739 8493 -1.23521e-06
78 15600 7.63863e-05 0.00067112 8493 -5.92948e-07
79 15800 7.63863e-05 0.000322513 8493 -2.84304e-07
80 16000 7.63863e-05 0.000154966 8493 -1.36004e-07
81 16200 7.63863e-05 7.42994e-05 8493 -6.48992e-08
82 16400 7.63863e-05 3.55317e-05 8493 -3.08915e-08
83 16600 7.63863e-05 1.69502e-05 8493 -1.46718e-08
84 16800 7.63863e-05 8.06635e-06 8493 -6.94827e-09
85 17000 7.63863e-05 3.8292e-06 8493 -3.28113e-09
86 17200 7.63863e-05 1.81319e-06 8493 -1.54617e-09
87 17400 7.63863e-05 8.56369e-07 8493 -7.27996e-10
88 17600 7.63863e-05 4.03408e-07 8493 -3.40751e-10
89 17800 7.63863e-05 1.89529e-07 8493 -1.59611e-10
90 18000 7.63863e-05 8.88055e-08 8493 -7.42665e-11
91 18200 7.63863e-05 4.14971e-08 8493 -3.46368e-11
92 18400 7.63863e-05 1.93372e-08 8493 -1.62271e-11
93 18600 7.63863e-05 8.98558e-09 8493 -7.17739e-12
94 18800 7.63863e-05 4.16335e-09 8493 -3.27663e-12
95 19000 7.63863e-05 1.92302e-09 8493 0
96 19200 7.63863e-05 8.84623e-10 8493 0
97 19400 7.63863e-05 4.03481e-10 8493 1.92327e-07
98 19600 7.63863e-05 1.78463e-10 8493 2.21401e-06
99 19800 7.63863e-05 6.75315e-11 8493 0.00520838
