NTS LL(mkm)  STRESS(GPa)   VEL(m / s)  DENS(kg/m3)  ENERGY(J) 
0 800.311 11.8242 400 9634.99 -77594.6
1 976.606 11.8242 399.957 9634.99 -77719.2
2 1152.9 11.824 399.915 9634.98 -77766.2
3 1329.2 11.8238 399.871 9634.96 -77784.7
4 1505.49 11.8235 399.827 9634.95 -77781.2
5 1681.79 11.8231 399.782 9634.92 -77796.4
6 1858.08 11.8226 399.736 9634.9 -77788.5
7 2034.38 11.822 399.689 9634.86 -77791.1
8 2210.68 11.8211 399.641 9634.81 -77792.1
9 2386.98 11.8199 399.593 9634.74 -77777.6
10 2563.28 11.8181 399.54 9634.64 -77766
11 2739.58 11.8153 399.472 9634.47 -77751.3
12 2915.88 11.8102 399.375 9634.18 -77718.4
13 3092.19 11.7995 399.23 9633.56 -77638.4
14 3268.51 11.7754 399.016 9632.15 -77457.8
15 3444.86 11.7198 398.664 9628.93 -77049.7
16 3621.26 11.5951 397.896 9621.72 -76144.4
17 3797.8 11.3233 395.87 9606.04 -74206.4
18 3974.63 10.7368 390.616 9572.48 -70179.6
19 4152.08 9.43384 378.206 9499.2 -62059.8
20 4330.89 10.6209 350.857 9363.31 -49399.7
21 4512.3 10.6448 343.919 9364.83 -49586.3
22 4693.68 10.5965 341.199 9361.7 -49207.1
23 4875.12 10.5332 339.774 9357.6 -48713.4
24 5056.64 10.4439 338.353 9351.81 -48020.1
25 5238.28 10.3201 336.36 9343.84 -47073
26 5420.06 10.1544 333.545 9333.17 -45820.2
27 5602.06 9.93841 329.72 9319.21 -44209.1
28 5784.33 9.65888 324.654 9301.26 -42180.7
29 5966.95 9.30292 318.069 9278.52 -39683.3
30 6150.02 8.85545 309.628 9250.07 -36674.7
31 6333.65 8.29839 298.947 9214.9 -33137
32 6517.98 7.61204 285.588 9171.88 -29090.9
33 6703.18 6.77169 269.047 9119.79 -24614.2
34 6889.43 5.75168 248.717 9057.25 -19877.5
35 7076.97 4.5207 223.822 8982.92 -15189.8
36 7266.06 3.46889 193.502 8898.11 -11071
37 7456.96 2.96752 162.405 8823.28 -8005.5
38 7649.47 2.53635 135.842 8760.44 -5769.33
39 7843.37 2.16419 113.178 8707.4 -4136.43
40 8038.44 1.84463 93.75 8662.68 -2948.41
41 8234.52 1.46209 76.7016 8624.46 -2088.53
42 8431.48 2.2528 59.4634 8591.86 -1527.97
43 8629.17 2.19315 56.1529 8589.19 -1447.81
44 8826.94 2.13621 54.3922 8586.65 -1373.27
45 9024.75 2.07231 53.0429 8583.81 -1292.08
46 9222.64 1.99865 51.5924 8580.53 -1201.5
47 9420.6 1.91552 49.9026 8576.83 -1103.26
48 9618.64 1.82393 47.9692 8572.77 -999.926
49 9816.78 1.72503 45.8157 8568.39 -894.121
50 10015 1.62022 43.4697 8563.75 -788.46
51 10213.4 1.51098 40.9619 8558.92 -685.422
52 10411.8 1.39886 38.3271 8553.98 -587.213
53 10610.4 1.28543 35.6033 8548.99 -495.656
54 10809.1 1.17239 32.83 8544.02 -412.12
55 11007.9 1.06117 30.0468 8539.14 -337.483
56 11206.8 0.953106 27.2917 8534.41 -272.151
57 11405.8 0.849526 24.6 8529.87 -216.102
58 11605 0.751306 22.0034 8525.59 -168.951
59 11804.2 0.659238 19.5287 8521.57 -130.048
60 12003.5 0.574039 17.198 8517.86 -98.5533
61 12203 0.495874 15.0276 8514.47 -73.5296
62 12402.5 0.425067 13.0289 8511.39 -54.0111
63 12602 0.361546 11.2081 8508.63 -39.0612
64 12801.7 0.305083 9.56684 8506.19 -27.8135
65 13001.4 0.255528 8.10249 8504.04 -19.5009
66 13201.1 0.212333 6.80923 8502.17 -13.4632
67 13400.9 0.17511 5.67826 8500.56 -9.15326
68 13600.7 0.143312 4.69872 8499.18 -6.12866
69 13800.6 0.116389 3.85838 8498.02 -4.04152
70 14000.4 0.0937937 3.14425 8497.05 -2.62527
71 14200.3 0.0750538 2.54282 8496.24 -1.67985
72 14400.3 0.0595409 2.04092 8495.57 -1.05895
73 14600.2 0.0469407 1.62582 8495.02 -0.657751
74 14800.2 0.0367024 1.28551 8494.58 -0.402557
75 15000.1 0.0285114 1.00875 8494.23 -0.242803
76 15200.1 0.0219741 0.785844 8493.95 -0.144337
77 15400.1 0.0168544 0.607588 8493.72 -0.0845981
78 15600 0.0128373 0.466389 8493.55 -0.0488724
79 15800 0.00968655 0.355354 8493.42 -0.02784
80 16000 0.0072447 0.268733 8493.31 -0.0156388
81 16200 0.00535422 0.20173 8493.23 -0.00866668
82 16400 0.00401511 0.15034 8493.17 -0.00473693
83 16600 0.00291231 0.111105 8493.12 -0.00255601
84 16800 0.0021246 0.081533 8493.09 -0.00136092
85 17000 0.00157319 0.0593286 8493.07 -0.000715383
86 17200 0.00110056 0.0427568 8493.05 -0.000371687
87 17400 0.000785469 0.0305351 8493.03 -0.000190904
88 17600 0.000549152 0.0215856 8493.02 -9.68787e-05
89 17800 0.000391606 0.0150462 8493.02 -4.86072e-05
90 18000 0.000312834 0.0103529 8493.01 -2.40218e-05
91 18200 0.000234061 0.00691694 8493.01 -1.1758e-05
92 18400 0.000155296 0.00436724 8493 -5.86807e-06
93 18600 7.63863e-05 0.00285739 8493 -2.76489e-06
94 18800 7.63863e-05 0.00145393 8493 -1.37545e-06
95 19000 7.63863e-05 0.000723093 8493 -6.84003e-07
96 19200 7.63863e-05 0.000358183 8493 -3.41477e-07
97 19400 7.63863e-05 0.000176103 8493 1.92554e-08
98 19600 7.63863e-05 8.3468e-05 8493 2.12076e-06
99 19800 7.63863e-05 3.3257e-05 8493 0.00520892
