NTS LL(mkm)  STRESS(GPa)   VEL(m / s)  DENS(kg/m3)  ENERGY(J) 
0 800.793 11.8242 400 9634.99 -77594.9
1 977.088 11.8242 399.957 9634.99 -77719.6
2 1153.38 11.824 399.915 9634.98 -77766.6
3 1329.68 11.8239 399.871 9634.97 -77785.1
4 1505.97 11.8236 399.827 9634.95 -77781.5
5 1682.27 11.8231 399.782 9634.93 -77796.8
6 1858.57 11.8227 399.736 9634.9 -77788.9
7 2034.86 11.822 399.689 9634.86 -77791.5
8 2211.16 11.8212 399.642 9634.81 -77792.5
9 2387.46 11.8199 399.594 9634.74 -77778.1
10 2563.76 11.8182 399.54 9634.64 -77766.6
11 2740.06 11.8154 399.473 9634.48 -77752.1
12 2916.36 11.8104 399.376 9634.18 -77719.7
13 3092.67 11.7998 399.233 9633.57 -77640.2
14 3268.99 11.7757 399.025 9632.18 -77460.7
15 3445.34 11.7207 398.679 9628.98 -77056.1
16 3621.74 11.5975 397.912 9621.85 -76161.1
17 3798.28 11.3293 395.878 9606.39 -74248.7
18 3975.1 10.7509 390.623 9573.29 -70274
19 4152.53 9.46526 378.277 9500.95 -62242.4
20 4331.31 10.6279 351.18 9363.74 -49452.4
21 4512.72 10.647 344.144 9365 -49607.3
22 4694.09 10.5974 341.308 9361.79 -49218.1
23 4875.53 10.5342 339.82 9357.69 -48724.1
24 5057.05 10.4453 338.384 9351.94 -48034.8
25 5238.68 10.3227 336.401 9344.01 -47093.6
26 5420.47 10.1589 333.605 9333.4 -45847.7
27 5602.46 9.94293 329.802 9319.52 -44244.8
28 5784.72 9.66492 324.766 9301.67 -42225.7
29 5967.33 9.31038 318.216 9279.03 -39738.9
30 6150.39 8.86567 309.818 9250.71 -36741.8
31 6334.01 8.31133 299.189 9215.7 -33215.6
32 6518.33 7.62748 285.894 9172.87 -29180.2
33 6703.5 6.7915 269.427 9120.99 -24711.9
34 6889.73 5.77541 249.18 9058.7 -19979.1
35 7077.24 4.54961 224.385 8984.65 -15287.2
36 7266.3 3.48037 194.205 8899.86 -11147.8
37 7457.16 2.97763 163.02 8824.75 -8061.64
38 7649.64 2.54481 136.372 8761.68 -5810.27
39 7843.5 2.17163 113.627 8708.45 -4166.39
40 8038.56 1.85126 94.113 8663.59 -2970.84
41 8234.62 1.47446 76.9625 8625.37 -2106.49
42 8431.55 2.25677 59.6981 8592.03 -1533.35
43 8629.24 2.19525 56.2847 8589.29 -1450.6
44 8827 2.13776 54.4569 8586.73 -1375.34
45 9024.82 2.07402 53.0828 8583.88 -1294.21
46 9222.7 2.0006 51.6311 8580.62 -1203.89
47 9420.66 1.91778 49.9477 8576.93 -1105.89
48 9618.7 1.82642 48.0216 8572.88 -1002.71
49 9816.84 1.72776 45.8749 8568.51 -896.993
50 10015.1 1.62319 43.5349 8563.88 -791.344
51 10213.4 1.51411 41.0322 8559.06 -688.249
52 10411.9 1.40207 38.4016 8554.12 -589.919
53 10610.4 1.28871 35.681 8549.13 -498.189
54 10809.1 1.17568 32.9098 8544.16 -414.439
55 11007.9 1.06439 30.1274 8539.28 -339.562
56 11206.9 0.95632 27.3721 8534.54 -273.976
57 11405.9 0.852585 24.6791 8530.01 -217.671
58 11605 0.754209 22.0802 8525.71 -170.274
59 11804.2 0.662065 19.6023 8521.69 -131.142
60 12003.6 0.576552 17.2677 8517.97 -99.4402
61 12203 0.498231 15.0929 8514.57 -74.2354
62 12402.5 0.427268 13.0894 8511.48 -54.5624
63 12602 0.363512 11.2635 8508.72 -39.4839
64 12801.7 0.306892 9.61705 8506.26 -28.1319
65 13001.4 0.257022 8.14753 8504.11 -19.7364
66 13201.1 0.213671 6.84922 8502.23 -13.6344
67 13400.9 0.176291 5.71342 8500.61 -9.27558
68 13600.7 0.144256 4.72929 8499.23 -6.21457
69 13800.6 0.117255 3.88476 8498.06 -4.10082
70 14000.4 0.0945023 3.16675 8497.08 -2.66554
71 14200.3 0.075605 2.56186 8496.26 -1.70675
72 14400.3 0.0600922 2.05691 8495.59 -1.07661
73 14600.2 0.0473345 1.63908 8495.04 -0.669167
74 14800.2 0.0370962 1.29642 8494.6 -0.409822
75 15000.1 0.0288265 1.01768 8494.24 -0.247348
76 15200.1 0.0222104 0.793044 8493.96 -0.147141
77 15400.1 0.0170119 0.613375 8493.73 -0.0862996
78 15600.1 0.0129161 0.470998 8493.56 -0.0498893
79 15800 0.00976532 0.35899 8493.42 -0.0284387
80 16000 0.00732347 0.271591 8493.31 -0.0159853
81 16200 0.00543299 0.203937 8493.23 -0.00886465
82 16400 0.00401511 0.152018 8493.17 -0.0048493
83 16600 0.00299109 0.11244 8493.13 -0.00261755
84 16800 0.0021246 0.0825149 8493.09 -0.00139463
85 17000 0.00157319 0.0600442 8493.07 -0.000733976
86 17200 0.00110056 0.0433405 8493.05 -0.000381309
87 17400 0.000785469 0.030947 8493.03 -0.000195927
88 17600 0.000549152 0.0218915 8493.02 -9.9447e-05
89 17800 0.000391606 0.0152636 8493.02 -4.99252e-05
90 18000 0.000312834 0.0104817 8493.01 -2.47878e-05
91 18200 0.000234061 0.00702398 8493.01 -1.21813e-05
92 18400 0.000155296 0.00448174 8493 -6.03753e-06
93 18600 7.63863e-05 0.00291995 8493 -2.84169e-06
94 18800 7.63863e-05 0.00149246 8493 -1.41558e-06
95 19000 7.63863e-05 0.000744109 8493 -7.04088e-07
96 19200 7.63863e-05 0.000368706 8493 -3.51503e-07
97 19400 7.63863e-05 0.000181253 8493 1.41555e-08
98 19600 7.63863e-05 8.59104e-05 8493 2.11799e-06
99 19800 7.63863e-05 3.4233e-05 8493 0.00520892
