NTS LL(mkm)  STRESS(GPa)   VEL(m / s)  DENS(kg/m3)  ENERGY(J) 
0 40.0572 7.8661 400 9187.77 -30325
1 224.933 4.29892 335.937 8969.64 -14391.9
2 414.306 2.67325 244.166 8780.22 -6413.36
3 607.763 1.77853 162.653 8653.53 -2725.97
4 804.053 1.96177 99.0909 8578.89 -1147.91
5 1002.05 1.07559 62.0929 8539.77 -343.419
6 1200.96 0.535628 35.249 8516.19 -84.8315
7 1400.41 0.243333 18.0947 8503.51 -17.4522
8 1600.16 0.101431 8.43687 8497.38 -3.02412
9 1800.06 0.0389864 3.59567 8494.68 -0.446274
10 2000.02 0.01394 1.40899 8493.6 -0.056696
11 2200.01 0.00464528 0.510226 8493.2 -0.00627188
12 2400 0.00149442 0.171367 8493.06 -0.000619335
13 2600 0.000470379 0.0535297 8493.02 -5.77232e-05
14 2800 0.000155296 0.0154576 8493 -6.4544e-06
15 3000 7.63863e-05 0.00404808 8493 -1.18838e-06
16 3200 7.63863e-05 0.000939854 8493 -2.63016e-07
17 3400 7.63863e-05 0.00021004 8493 -5.57532e-08
18 3600 7.63863e-05 4.4926e-05 8493 -1.13019e-08
19 3800 7.63863e-05 9.17995e-06 8493 -2.19234e-09
20 4000 7.63863e-05 1.79339e-06 8493 -4.07177e-10
21 4200 7.63863e-05 3.35249e-07 8493 -7.23941e-11
22 4400 7.63863e-05 6.00098e-08 8493 -1.25209e-11
23 4600 7.63863e-05 1.02929e-08 8493 -1.98794e-12
24 4800 7.63863e-05 1.69286e-09 8493 -2.73534e-13
25 5000 7.63863e-05 2.67176e-10 8493 0
26 5200 7.63863e-05 4.04936e-11 8493 0
27 5400 7.63863e-05 5.89807e-12 8493 0
28 5600 7.63863e-05 8.26193e-13 8493 0
29 5800 7.63863e-05 1.11381e-13 8493 0
30 6000 7.63863e-05 1.44609e-14 8493 0
31 6200 7.63863e-05 1.80938e-15 8493 0
32 6400 7.63863e-05 2.18316e-16 8493 0
33 6600 7.63863e-05 2.54225e-17 8493 0
34 6800 7.63863e-05 2.84937e-18 8493 0
35 7000 7.63863e-05 3.12464e-19 8493 0
36 7200 7.63863e-05 3.17696e-20 8493 0
37 7400 7.63863e-05 0 8493 0
38 7600 7.63863e-05 0 8493 0
39 7800 7.63863e-05 0 8493 0
40 8000 7.63863e-05 0 8493 0
41 8200 7.63863e-05 0 8493 0
42 8400 7.63863e-05 0 8493 0
43 8600 7.63863e-05 0 8493 0
44 8800 7.63863e-05 0 8493 0
45 9000 7.63863e-05 0 8493 0
46 9200 7.63863e-05 0 8493 0
47 9400 7.63863e-05 0 8493 0
48 9600 7.63863e-05 0 8493 0
49 9800 7.63863e-05 0 8493 0
50 10000 7.63863e-05 0 8493 0
51 10200 7.63863e-05 0 8493 0
52 10400 7.63863e-05 0 8493 0
53 10600 7.63863e-05 0 8493 0
54 10800 7.63863e-05 0 8493 0
55 11000 7.63863e-05 0 8493 0
56 11200 7.63863e-05 0 8493 0
57 11400 7.63863e-05 0 8493 0
58 11600 7.63863e-05 0 8493 0
59 11800 7.63863e-05 0 8493 0
60 12000 7.63863e-05 0 8493 0
61 12200 7.63863e-05 0 8493 0
62 12400 7.63863e-05 0 8493 0
63 12600 7.63863e-05 0 8493 0
64 12800 7.63863e-05 0 8493 0
65 13000 7.63863e-05 0 8493 0
66 13200 7.63863e-05 0 8493 0
67 13400 7.63863e-05 0 8493 0
68 13600 7.63863e-05 0 8493 0
69 13800 7.63863e-05 0 8493 0
70 14000 7.63863e-05 0 8493 0
71 14200 7.63863e-05 0 8493 0
72 14400 7.63863e-05 0 8493 0
73 14600 7.63863e-05 0 8493 0
74 14800 7.63863e-05 0 8493 0
75 15000 7.63863e-05 0 8493 0
76 15200 7.63863e-05 0 8493 0
77 15400 7.63863e-05 0 8493 0
78 15600 7.63863e-05 0 8493 0
79 15800 7.63863e-05 0 8493 0
80 16000 7.63863e-05 0 8493 0
81 16200 7.63863e-05 0 8493 0
82 16400 7.63863e-05 0 8493 0
83 16600 7.63863e-05 0 8493 0
84 16800 7.63863e-05 0 8493 0
85 17000 7.63863e-05 0 8493 0
86 17200 7.63863e-05 0 8493 0
87 17400 7.63863e-05 0 8493 0
88 17600 7.63863e-05 0 8493 0
89 17800 7.63863e-05 0 8493 0
90 18000 7.63863e-05 0 8493 0
91 18200 7.63863e-05 0 8493 0
92 18400 7.63863e-05 0 8493 0
93 18600 7.63863e-05 0 8493 0
94 18800 7.63863e-05 0 8493 0
95 19000 7.63863e-05 0 8493 0
96 19200 7.63863e-05 0 8493 0
97 19400 7.63863e-05 0 8493 1.30234e-07
98 19600 7.63863e-05 2.4689e-05 8493 2.23734e-06
99 19800 7.63863e-05 1.639e-05 8493 0.00520669
