NTS LL(mkm)  STRESS(GPa)   VEL(m / s)  DENS(kg/m3)  ENERGY(J) 
0 403.534 11.7506 400 9630.72 -77051.7
1 579.907 11.749 399.889 9630.63 -77165.5
2 756.282 11.7439 399.725 9630.33 -77176.3
3 932.662 11.7281 399.457 9629.42 -77080.4
4 1109.06 11.681 399.041 9626.68 -76734.3
5 1285.51 11.5524 398.352 9619.25 -75819.4
6 1462.09 11.2342 396.758 9600.92 -73554.8
7 1639.01 10.4986 392.094 9558.96 -68594.4
8 1816.71 8.83206 379.007 9465.93 -58669.5
9 1996.15 10.4896 346.492 9354.79 -48361.1
10 2177.73 10.3248 340.631 9344.12 -47094.4
11 2359.51 10.0575 336.239 9326.87 -45081.8
12 2541.63 9.67161 330.49 9302.08 -42263.3
13 2724.23 9.14277 321.936 9268.31 -38582.6
14 2907.5 8.45014 309.831 9224.45 -34071.7
15 3091.64 7.57208 293.604 9169.39 -28859.9
16 3276.89 6.48583 272.657 9102.18 -23203.1
17 3463.5 5.16884 246.393 9021.91 -17513.8
18 3651.78 3.66341 214.363 8927.65 -12394.4
19 3842.04 3.07103 177.293 8838.55 -8595.13
20 4034.22 2.56981 145.392 8765.26 -5927.39
21 4228.01 2.14665 118.355 8704.91 -4064.39
22 4423.14 1.79153 95.8091 8655.33 -2769.45
23 4619.39 1.30111 77.1711 8612.59 -1868.28
24 4816.61 2.17173 58.4222 8588.24 -1418.8
25 5014.4 2.02281 54.8112 8581.61 -1230.23
26 5212.33 1.85498 51.4325 8574.15 -1033.87
27 5410.44 1.67372 47.5416 8566.11 -841.054
28 5608.73 1.48667 43.214 8557.85 -663.097
29 5807.22 1.30037 38.6614 8549.64 -506.927
30 6005.89 1.12 34.0576 8541.72 -375.813
31 6204.75 0.950049 29.5431 8534.27 -270.207
32 6403.78 0.793675 25.2359 8527.44 -188.454
33 6602.98 0.653115 21.2289 8521.31 -127.527
34 6802.31 0.529422 17.5886 8515.92 -83.7555
35 7001.77 0.422866 14.3546 8511.29 -53.4042
36 7201.34 0.332845 11.5418 8507.39 -33.0696
37 7401 0.258202 9.14417 8504.16 -19.8941
38 7600.74 0.19746 7.13961 8501.53 -11.631
39 7800.54 0.148901 5.49472 8499.43 -6.61093
40 8000.39 0.110721 4.16897 8497.78 -3.65447
41 8200.28 0.0811957 3.11887 8496.5 -1.96543
42 8400.2 0.0587534 2.30117 8495.53 -1.02877
43 8600.14 0.0419791 1.67456 8494.81 -0.524316
44 8800.09 0.0295353 1.20223 8494.27 -0.26027
45 9000.06 0.0205564 0.851599 8493.89 -0.125896
46 9200.04 0.0140976 0.595253 8493.61 -0.0593678
47 9400.03 0.00960779 0.410604 8493.41 -0.0273087
48 9600.02 0.00637823 0.27962 8493.28 -0.0122549
49 9800.01 0.00425143 0.187857 8493.18 -0.00537284
50 10000 0.00275477 0.124591 8493.12 -0.00230238
51 10200 0.00180951 0.0815293 8493.08 -0.000965632
52 10400 0.00117933 0.052584 8493.05 -0.000397477
53 10600 0.000706697 0.0334181 8493.03 -0.000160823
54 10800 0.000470379 0.020841 8493.02 -6.45316e-05
55 11000 0.000312834 0.0127548 8493.01 -2.57177e-05
56 11200 0.000155296 0.00768286 8493.01 -1.00139e-05
57 11400 0.000155296 0.00430997 8493 -3.98604e-06
58 11600 7.63863e-05 0.00221501 8493 -1.77178e-06
59 11800 7.63863e-05 0.0010067 8493 -8.07055e-07
60 12000 7.63863e-05 0.000461303 8493 -3.65126e-07
61 12200 7.63863e-05 0.000209495 8493 -1.64378e-07
62 12400 7.63863e-05 9.46126e-05 8493 -7.37044e-08
63 12600 7.63863e-05 4.25565e-05 8493 -3.29143e-08
64 12800 7.63863e-05 1.90665e-05 8493 -1.46382e-08
65 13000 7.63863e-05 8.50737e-06 8493 -6.4816e-09
66 13200 7.63863e-05 3.77996e-06 8493 -2.85808e-09
67 13400 7.63863e-05 1.67225e-06 8493 -1.25496e-09
68 13600 7.63863e-05 7.36532e-07 8493 -5.47791e-10
69 13800 7.63863e-05 3.22941e-07 8493 -2.38324e-10
70 14000 7.63863e-05 1.40948e-07 8493 -1.03363e-10
71 14200 7.63863e-05 6.12306e-08 8493 -4.43877e-11
72 14400 7.63863e-05 2.64742e-08 8493 -1.90338e-11
73 14600 7.63863e-05 1.13919e-08 8493 -8.19062e-12
74 14800 7.63863e-05 4.87823e-09 8493 -3.50972e-12
75 15000 7.63863e-05 2.07871e-09 8493 -1.32529e-12
76 15200 7.63863e-05 8.81379e-10 8493 0
77 15400 7.63863e-05 3.71829e-10 8493 0
78 15600 7.63863e-05 1.56066e-10 8493 0
79 15800 7.63863e-05 6.5167e-11 8493 0
80 16000 7.63863e-05 2.70693e-11 8493 0
81 16200 7.63863e-05 1.11848e-11 8493 0
82 16400 7.63863e-05 4.5968e-12 8493 0
83 16600 7.63863e-05 1.87904e-12 8493 0
84 16800 7.63863e-05 7.63916e-13 8493 0
85 17000 7.63863e-05 3.08859e-13 8493 0
86 17200 7.63863e-05 1.24183e-13 8493 0
87 17400 7.63863e-05 4.9651e-14 8493 0
88 17600 7.63863e-05 1.97396e-14 8493 0
89 17800 7.63863e-05 7.80333e-15 8493 0
90 18000 7.63863e-05 3.06712e-15 8493 0
91 18200 7.63863e-05 1.19861e-15 8493 0
92 18400 7.63863e-05 4.65694e-16 8493 0
93 18600 7.63863e-05 1.79914e-16 8493 0
94 18800 7.63863e-05 6.91407e-17 8493 0
95 19000 7.63863e-05 2.65727e-17 8493 0
96 19200 7.63863e-05 1.0536e-17 8493 0
97 19400 7.63863e-05 5.19046e-18 8493 1.92327e-07
98 19600 7.63863e-05 1.66589e-12 8493 2.21401e-06
99 19800 7.63863e-05 1.02958e-12 8493 0.00520777
