NTS LL(mkm)  STRESS(GPa)   VEL(m / s)  DENS(kg/m3)  ENERGY(J) 
0 841.577 11.8282 400 9635.22 -77624.1
1 1017.87 11.8282 399.96 9635.22 -77748.9
2 1194.16 11.828 399.921 9635.21 -77796.1
3 1370.45 11.8279 399.881 9635.2 -77814.9
4 1546.74 11.8276 399.841 9635.19 -77811.7
5 1723.03 11.8273 399.801 9635.17 -77827.3
6 1899.32 11.8268 399.761 9635.14 -77819.9
7 2075.62 11.8263 399.72 9635.11 -77823.2
8 2251.91 11.8256 399.678 9635.07 -77825.5
9 2428.2 11.8248 399.634 9635.02 -77813.7
10 2604.5 11.8237 399.588 9634.96 -77807.1
11 2780.79 11.8222 399.535 9634.87 -77802.1
12 2957.09 11.8197 399.469 9634.73 -77789.2
13 3133.39 11.8151 399.386 9634.46 -77753.6
14 3309.69 11.8051 399.279 9633.88 -77677.2
15 3486.01 11.7827 399.125 9632.58 -77512
16 3662.35 11.7332 398.814 9629.71 -77150.8
17 3838.74 11.627 397.993 9623.56 -76381.1
18 4015.24 11.4016 395.813 9610.55 -74758.9
19 4191.99 10.9098 390.616 9582.35 -71348.2
20 4369.25 9.79523 379.974 9519.36 -64200
21 4547.69 7.0816 363.851 9371.15 -50186.8
22 4728.95 7.03 345.555 9368.4 -49962.4
23 4910.26 10.6182 334.469 9363.13 -49380.7
24 5091.67 10.5738 340.449 9360.23 -49029.8
25 5273.14 10.5002 339.211 9355.5 -48461.5
26 5454.7 10.4011 337.532 9349.06 -47692.6
27 5636.39 10.2675 335.261 9340.42 -46670.2
28 5818.24 10.0903 332.174 9329.03 -45339.5
29 6000.32 9.8617 328.06 9314.28 -43647.3
30 6182.69 9.56831 322.675 9295.46 -41537.1
31 6365.42 9.19676 315.735 9271.78 -38958.8
32 6548.62 8.7322 306.905 9242.31 -35877.5
33 6732.41 8.15725 295.793 9206.04 -32278.9
34 6916.92 7.45063 281.956 9161.83 -28190.4
35 7102.32 6.5873 264.892 9108.4 -23698.9
36 7288.8 5.53856 244.01 9044.3 -18986
37 7476.61 4.27265 218.517 8968.07 -14381.8
38 7666.02 3.3768 187.337 8884.2 -10469
39 7857.21 2.89136 157.248 8812.04 -7582.08
40 8049.97 2.47302 131.572 8751.36 -5472.51
41 8244.06 2.11195 109.66 8700.02 -3927.87
42 8439.31 1.79993 90.9725 8656.48 -2797.85
43 8635.53 1.37745 74.7626 8618.22 -1970.17
44 8832.62 2.23069 57.8396 8590.87 -1498.02
45 9030.34 2.18894 55.3722 8589.01 -1442.3
46 9228.11 2.13971 54.167 8586.81 -1377.82
47 9425.92 2.08073 53.0701 8584.18 -1302.68
48 9623.8 2.01198 51.7471 8581.12 -1217.69
49 9821.75 1.93431 50.1699 8577.67 -1125.15
50 10019.8 1.8485 48.3639 8573.86 -1027.25
51 10217.9 1.75563 46.3504 8569.74 -926.23
52 10416.1 1.65662 44.1497 8565.36 -824.398
53 10614.4 1.55279 41.7865 8560.77 -724.037
54 10812.8 1.44562 39.2904 8556.04 -627.265
55 11011.3 1.33644 36.6944 8551.23 -535.903
56 11210 1.22688 34.0338 8546.41 -451.406
57 11408.7 1.1182 31.3447 8541.64 -374.815
58 11607.6 1.01173 28.6627 8536.97 -306.736
59 11806.6 0.908811 26.0214 8532.46 -247.378
60 12005.6 0.810307 23.4518 8528.16 -196.594
61 12204.8 0.717168 20.9813 8524.1 -153.943
62 12404.1 0.630031 18.6328 8520.3 -118.772
63 12603.4 0.549454 16.4251 8516.79 -90.2849
64 12802.9 0.475523 14.3717 8513.58 -67.618
65 13002.4 0.40856 12.4819 8510.67 -49.8959
66 13202 0.348415 10.7601 8508.06 -36.2762
67 13401.6 0.294937 9.20718 8505.75 -25.9869
68 13601.3 0.247818 7.82006 8503.71 -18.343
69 13801.1 0.206667 6.59293 8501.93 -12.7585
70 14000.9 0.171175 5.51738 8500.39 -8.74527
71 14200.7 0.140714 4.5837 8499.07 -5.90738
72 14400.6 0.114815 3.77988 8497.95 -3.93305
73 14600.4 0.0930063 3.09454 8497.01 -2.58097
74 14800.3 0.0748176 2.51512 8496.23 -1.6695
75 15000.3 0.0596984 2.02943 8495.58 -1.06463
76 15200.2 0.0473345 1.62567 8495.04 -0.669379
77 15400.2 0.0373325 1.29308 8494.61 -0.414947
78 15600.1 0.0291415 1.02108 8494.26 -0.253672
79 15800.1 0.022683 0.80071 8493.98 -0.152935
80 16000.1 0.0174845 0.623449 8493.75 -0.0909435
81 16200.1 0.0133887 0.481951 8493.58 -0.0533421
82 16400 0.0101592 0.369929 8493.44 -0.0308752
83 16600 0.00771732 0.28201 8493.33 -0.0176315
84 16800 0.00574807 0.213466 8493.25 -0.00993716
85 17000 0.0043302 0.160429 8493.18 -0.00552576
86 17200 0.0032274 0.119646 8493.14 -0.00303425
87 17400 0.00236091 0.0885697 8493.1 -0.00164566
88 17600 0.00173074 0.0650747 8493.07 -0.000881252
89 17800 0.0012581 0.0473898 8493.05 -0.000466525
90 18000 0.000943014 0.0342756 8493.04 -0.000243709
91 18200 0.000627924 0.0244391 8493.03 -0.000126129
92 18400 0.000470379 0.0172395 8493.02 -6.47043e-05
93 18600 0.000312834 0.0120376 8493.01 -3.2722e-05
94 18800 0.000234061 0.00813994 8493.01 -1.65328e-05
95 19000 0.000155296 0.00550424 8493.01 -8.10018e-06
96 19200 0.000155296 0.00350252 8493 -3.95596e-06
97 19400 7.63863e-05 0.00199706 8493 -1.79172e-06
98 19600 7.63863e-05 0.000938281 8493 1.12751e-06
99 19800 7.63863e-05 0.000378381 8493 0.0052084
