NTS LL(mkm)  STRESS(GPa)   VEL(m / s)  DENS(kg/m3)  ENERGY(J) 
0 802.965 11.8245 400 9635.01 -77596.6
1 979.26 11.8244 399.958 9635 -77721.2
2 1155.55 11.8242 399.915 9634.99 -77768.2
3 1331.85 11.8241 399.872 9634.98 -77786.8
4 1508.14 11.8238 399.828 9634.96 -77783.2
5 1684.44 11.8233 399.783 9634.94 -77798.5
6 1860.74 11.8229 399.737 9634.91 -77790.6
7 2037.03 11.8222 399.691 9634.87 -77793.3
8 2213.33 11.8214 399.644 9634.83 -77794.3
9 2389.63 11.8202 399.596 9634.76 -77780.1
10 2565.93 11.8186 399.542 9634.66 -77769.1
11 2742.23 11.8159 399.474 9634.51 -77755.7
12 2918.53 11.8111 399.381 9634.23 -77724.8
13 3094.84 11.8007 399.251 9633.63 -77647.6
14 3271.16 11.7775 399.065 9632.28 -77473.3
15 3447.5 11.7246 398.741 9629.21 -77085
16 3623.91 11.608 397.966 9622.46 -76237.3
17 3800.43 11.3562 395.888 9607.94 -74439.2
18 3977.22 10.8136 390.631 9576.86 -70694.3
19 4154.59 9.60287 378.58 9508.61 -63050.5
20 4333.22 10.6584 352.603 9365.77 -49698.6
21 4514.59 10.6604 345.177 9365.87 -49712.5
22 4695.95 10.6047 341.846 9362.25 -49273.5
23 4877.38 10.541 340.06 9358.1 -48773.8
24 5058.89 10.4542 338.537 9352.49 -48100.5
25 5240.51 10.3346 336.584 9344.78 -47184.6
26 5422.28 10.1746 333.868 9334.45 -45969.6
27 5604.25 9.96438 330.169 9320.9 -44403
28 5786.49 9.69323 325.259 9303.46 -42425.9
29 5969.06 9.3468 318.866 9281.32 -39986.5
30 6152.08 8.91075 310.659 9253.59 -37040.4
31 6335.64 8.36823 300.264 9219.28 -33566.1
32 6519.88 7.69769 287.249 9177.26 -29579.3
33 6704.97 6.87766 271.11 9126.33 -25149.8
34 6891.09 5.88132 251.24 9065.15 -20436.3
35 7078.47 4.6781 226.905 8992.36 -15727
36 7267.36 3.53307 197.358 8907.81 -11499.2
37 7458.05 3.02299 165.804 8831.44 -8318.87
38 7650.38 2.58377 138.77 8767.31 -5998.08
39 7844.13 2.20547 115.655 8713.23 -4304.19
40 8039.07 1.88123 95.744 8667.76 -3074.42
41 8235.04 1.53036 78.1404 8629.49 -2189.37
42 8431.88 1.0348 61.2131 8592.9 -1558.17
43 8629.55 2.20561 56.4781 8589.75 -1464.36
44 8827.3 2.1454 54.782 8587.06 -1385.17
45 9025.11 2.08174 53.2788 8584.23 -1303.9
46 9222.98 2.00948 51.809 8581.01 -1214.6
47 9420.93 1.92784 50.1492 8577.38 -1117.63
48 9618.96 1.83774 48.2549 8573.38 -1015.19
49 9817.09 1.7401 46.1386 8569.05 -909.884
50 10015.3 1.63639 43.8258 8564.46 -804.316
51 10213.6 1.52794 41.3466 8559.67 -700.986
52 10412.1 1.41646 38.7353 8554.75 -602.136
53 10610.6 1.30342 36.0293 8549.78 -509.643
54 10809.3 1.19048 33.2675 8544.81 -424.946
55 11008.1 1.07904 30.4897 8539.92 -348.996
56 11207 0.970664 27.7336 8535.17 -282.272
57 11406 0.866467 25.0351 8530.61 -224.819
58 11605.1 0.76747 22.4262 8526.29 -176.311
59 11804.4 0.674547 19.9345 8522.24 -136.142
60 12003.7 0.588255 17.5828 8518.48 -103.503
61 12203.1 0.508996 15.3884 8515.04 -77.4746
62 12402.5 0.437014 13.3633 8511.91 -57.0972
63 12602.1 0.372318 11.5147 8509.1 -41.4314
64 12801.7 0.314757 9.84495 8506.61 -29.6015
65 13001.4 0.264024 8.35214 8504.41 -20.8257
66 13201.1 0.219808 7.031 8502.49 -14.4277
67 13400.9 0.181564 5.87337 8500.84 -9.84338
68 13600.7 0.148822 4.86864 8499.43 -6.61403
69 13800.6 0.121113 4.00498 8498.23 -4.37713
70 14000.5 0.0978091 3.2695 8497.22 -2.8535
71 14200.4 0.078361 2.64887 8496.38 -1.83251
72 14400.3 0.0623759 2.12991 8495.69 -1.15938
73 14600.2 0.0492245 1.69979 8495.12 -0.722773
74 14800.2 0.0385926 1.34642 8494.66 -0.444001
75 15000.1 0.0300079 1.05862 8494.29 -0.268779
76 15200.1 0.0231556 0.826159 8494 -0.16038
77 15400.1 0.0177996 0.639982 8493.77 -0.0943496
78 15600.1 0.0135462 0.49219 8493.58 -0.0547109
79 15800 0.0102379 0.37573 8493.44 -0.0312841
80 16000 0.00771732 0.284682 8493.33 -0.0176409
81 16200 0.00574807 0.214188 8493.25 -0.00981103
82 16400 0.00425143 0.159871 8493.18 -0.00538393
83 16600 0.00314863 0.118443 8493.13 -0.00291558
84 16800 0.00228214 0.0870942 8493.1 -0.00155817
85 17000 0.00165196 0.0635104 8493.07 -0.000822202
86 17200 0.00117933 0.0459088 8493.05 -0.000428509
87 17400 0.000864242 0.0328518 8493.04 -0.000220895
88 17600 0.000627924 0.023295 8493.02 -0.000112503
89 17800 0.000470379 0.0163647 8493.02 -5.63465e-05
90 18000 0.000312834 0.0111415 8493.01 -2.83071e-05
91 18200 0.000234061 0.00752427 8493.01 -1.40858e-05
92 18400 0.000155296 0.00496367 8493 -6.86153e-06
93 18600 7.63863e-05 0.00321609 8493 -3.2044e-06
94 18800 7.63863e-05 0.00167132 8493 -1.60797e-06
95 19000 7.63863e-05 0.000843569 8493 -8.01635e-07
96 19200 7.63863e-05 0.000419651 8493 -4.00376e-07
97 19400 7.63863e-05 0.000206368 8493 -1.07042e-08
98 19600 7.63863e-05 9.78174e-05 8493 2.10452e-06
99 19800 7.63863e-05 3.89871e-05 8493 0.00520892
